"image","ALB","BET","DOL","LAG","NoF","OTHER","SHARK","YFT"
"img_00007.jpg",0.0708878279589058,0.0155622696446124,0.00486104842522814,0.0046211933600264,0.000935309164272046,0.00274021277054232,0.00272065802378429,0.897671480652628
"img_00009.jpg",0.859224185245749,0.0610434132527528,0.0027370493914982,0.00290859860908409,0.000935298182487202,0.0656177923731142,0.00289502525325833,0.00463863769205632
"img_00018.jpg",0.725911318380799,0.032004608237067,0.00311969049390043,0.00869225806137019,0.000935434602694935,0.220274068662906,0.00273993756920258,0.00632268399206044
"img_00027.jpg",0.113831796913285,0.0220116791530086,0.00466707660877996,0.00312912822935862,0.000940780506031673,0.124436824973187,0.0113834974981052,0.719599216118245
"img_00040.jpg",0.138666540706938,0.00790350136020181,0.0028276386909022,0.00304430561721466,0.000941070853286176,0.00745564655653957,0.798702021711452,0.0404592745034657
"img_00053.jpg",0.922382923048217,0.0142327150573958,0.0186763434697358,0.00357264190419571,0.000940766684239789,0.0295104156948462,0.00288100597674421,0.00780318816462535
"img_00071.jpg",0.00325490380964584,0.000454640831085187,0.00027229767406338,0.994980517677896,9.30601267608207e-05,0.000379536146502978,0.000267475685102584,0.000297568048943508
"img_00075.jpg",0.829430916409006,0.0177481126833597,0.00300173401906931,0.00543784705669321,0.000946438571898341,0.135999735214574,0.00411633969648021,0.0033188763489192
"img_00102.jpg",0.355102116535774,0.0145673467886485,0.00359336423158889,0.00295040385512039,0.000935811423694159,0.0178301017368423,0.00600637368728577,0.599014481741046
"img_00103.jpg",0.771996262495161,0.0561344212004316,0.0982854587773796,0.00306682960103758,0.000935296965419616,0.0198037864062029,0.00270571289844992,0.0470722316559176
"img_00109.jpg",0.975972767488007,0.00473063077180641,0.00268874330550817,0.00268833295839479,0.000935340238031386,0.00403027566818383,0.00293714628738434,0.00601676328268447
"img_00120.jpg",0.609724870304531,0.0132135523206036,0.00345584419203703,0.00354245300772757,0.000937064833355444,0.0139616394675811,0.0894747348320686,0.265689841042096
"img_00125.jpg",0.802352585414714,0.00689206100971812,0.00518085458052791,0.00991745292912558,0.000935357465572613,0.0199886629571508,0.00520865810026689,0.149524367542924
"img_00128.jpg",0.0091006864199474,0.0580927122812964,0.37565181481308,0.0027147664853186,0.000935874941943224,0.00430832926848772,0.00332622265421087,0.545869593135716
"img_00129.jpg",0.146523953222168,0.00753679744896496,0.0035442761120844,0.00334049615313114,0.000941999435486647,0.00729705539375671,0.801821915705397,0.0289935065290117
"img_00138.jpg",0.698391542380606,0.252996728197537,0.00526759916799629,0.00531062365876469,0.000936622191324358,0.00642103596136683,0.00319258334994979,0.0274832650924547
"img_00141.jpg",0.00450793200782289,0.00472690947239009,0.00675583980116419,0.00268693717547886,0.000935280283245018,0.00307711639621078,0.0026869398798783,0.97462304498381
"img_00152.jpg",0.0225767914570218,0.00928486879744092,0.00321078627015607,0.00280095187482147,0.000936402671156015,0.00460673037118957,0.00458822842607182,0.951995240132142
"img_00161.jpg",0.00410773003790169,0.00266463752197535,0.00266464982432268,0.00266463263642815,0.000935259460060918,0.00270283640374344,0.00266463263993014,0.981595621475638
"img_00170.jpg",0.0178091722279405,0.000633249832053764,0.000304176093753554,0.965930566882853,9.04242789198146e-05,0.001425637235175,0.000283025390965773,0.0135237480583391
"img_00171.jpg",0.606767027427362,0.0170961245292357,0.0391929972517253,0.0459753788475934,0.000942537534010484,0.276770146838793,0.00342163881575063,0.00983414875552904
"img_00175.jpg",0.579230003291789,0.0107733517842085,0.0087778027236275,0.020006614306704,0.000937521689247396,0.322295473493525,0.00312540611806497,0.0548538265928337
"img_00180.jpg",0.0148150730282529,0.0036333745948589,0.00415003649421295,0.00380317917253808,0.000935856392737781,0.00404170978015042,0.00416046813765989,0.964460302399589
"img_00212.jpg",0.272421247661737,0.00345273534554897,0.00271545743744,0.0279347696677982,0.000935271470100332,0.00325035311135372,0.00270115139618849,0.686589013909834
"img_00223.jpg",0.851527802181797,0.0108549201462043,0.0850150294822255,0.00740520968072656,0.0009353948693986,0.0248820350662239,0.00395667962878807,0.0154229289446359
"img_00230.jpg",0.813992453567657,0.0886643839605404,0.00275095164509011,0.00285778896407282,0.000935304055349297,0.0561049562790626,0.00271531795180087,0.0319788435764267
"img_00232.jpg",0.00484694630220402,0.00305324839311759,0.0026966742922869,0.00273686901626221,0.000935289304011921,0.00495436953300427,0.976848784619876,0.00392781853923742
"img_00244.jpg",0.779647310850081,0.0541806355046396,0.00322258332602126,0.00328156357930638,0.000935346719767278,0.0488603101523995,0.00328399236625408,0.106588257501531
"img_00280.jpg",0.95179216682831,0.00303249834655308,0.00499593244403921,0.00273734003516596,0.000949413348537375,0.00351877283990334,0.00315533823688786,0.0298185379206028
"img_00282.jpg",0.710923283334162,0.0191442269376033,0.0139098613062373,0.0569401224072386,0.000941137834416501,0.185139249739095,0.00375476942053919,0.00924734902070869
"img_00285.jpg",0.647674997852334,0.0121795712180061,0.00428273407695997,0.00297120813414336,0.000942417394391008,0.00751770086167644,0.0139336032297923,0.310497767232697
"img_00292.jpg",0.674619696091205,0.0564565346681518,0.00336167529586669,0.00442894669255995,0.000941067677256584,0.0628834667810443,0.0140671348288232,0.183241477965093
"img_00302.jpg",0.163807148921388,0.00744845485689619,0.00283589506873957,0.00303220700314215,0.000949182367813384,0.0076371743080023,0.784696850400715,0.0295930870733039
"img_00311.jpg",0.98271128592399,0.00268559592528301,0.00266286205204559,0.00266385215340392,0.000935930659152287,0.00266294133886002,0.00266285676557582,0.00301467518168894
"img_00320.jpg",0.980404297746835,0.00384494332377074,0.00267833088653269,0.00267821956474759,0.000935657537838202,0.0036682345457919,0.00267821990730527,0.00311209648717858
"img_00331.jpg",0.919252711415236,0.00438322876556607,0.00283143078633493,0.00274024619976517,0.000938952007812103,0.0152870591867258,0.00687704463151189,0.0476893270070482
"img_00358.jpg",0.407271502672368,0.0106117558131842,0.0027723333052044,0.00275510850036744,0.000935693124456982,0.0226271268372598,0.032494335946718,0.520532143800441
"img_00374.jpg",0.723341641442467,0.0366271918848544,0.00293686837848379,0.0031515820390813,0.000935324699612387,0.0042370421952838,0.0027419571039897,0.226028392256228
"img_00375.jpg",0.0522423452989412,0.0335287455779167,0.847478568647112,0.00975849920473106,0.000935869522996455,0.0229570200097609,0.00661434139663218,0.0264846103419094
"img_00376.jpg",0.949748162362449,0.00628390232302413,0.00659976720783772,0.00276356719039844,0.000936411802479033,0.0123654591365525,0.0122394560175272,0.00906327395973238
"img_00380.jpg",0.967007101686893,0.00536862901253602,0.00323390571551114,0.00350206749318618,0.000935632956397703,0.0126757814657106,0.00272649076151689,0.00455039090824849
"img_00383.jpg",0.980217483046056,0.0043389100237095,0.00266810387208856,0.00267732193286248,0.000935356137035394,0.00317469185790886,0.00266810348522186,0.00332002964511711
"img_00398.jpg",0.962582656828501,0.00420072669204347,0.00268328321409082,0.00268344399901757,0.000936979425546788,0.00282913972713864,0.00268375185799867,0.0214000182556636
"img_00407.jpg",0.968973984248007,0.00522336380138926,0.00333202054383606,0.0046163488737731,0.000935325874341183,0.00693242616921959,0.00269816537217336,0.0072883651172602
"img_00417.jpg",0.142598587789319,0.00360309473571173,0.00265963425255171,0.00695564307192303,0.000935254176983888,0.00267303486996436,0.0026600756385768,0.83791467546497
"img_00442.jpg",0.00325228076736205,0.00277453306384095,0.00265769723767341,0.00265769604558933,0.00093525296896483,0.00272557190411058,0.00265774648167829,0.982339221530781
"img_00446.jpg",0.952072874554156,0.00650629317526313,0.0029233229009588,0.00517863698293615,0.000935919962764825,0.0147105206249183,0.00289056286631887,0.0147818689326843
"img_00469.jpg",0.942822815040642,0.00523616983983396,0.00326697884968541,0.00274020255077558,0.000935792645661432,0.008462390358093,0.0031424287837894,0.0333932219315191
"img_00473.jpg",0.972838657957876,0.00523561642556538,0.00269712577399102,0.0026995344483075,0.000936924512898351,0.00274652129062604,0.00270136352072636,0.0101442560700097
"img_00483.jpg",0.953477185834267,0.0271376030338948,0.00269041144625647,0.00269144584090552,0.000935333401897739,0.00344390126042345,0.0027401343545832,0.00688398482777179
"img_00484.jpg",0.16394204425971,0.0505974723236142,0.00564583337559247,0.0148570463027005,0.000935362834975941,0.00789448426879112,0.00296510262147532,0.753162654013141
"img_00486.jpg",0.948991567448689,0.0161170263267829,0.0139360399284794,0.00621545987938591,0.000941036623424379,0.00369737383536038,0.00398608372516779,0.0061154122327107
"img_00518.jpg",0.825793324643611,0.0114384923282056,0.00284330052463615,0.00295808078316208,0.000953665323111348,0.00284296771666408,0.00292347767512268,0.150246691005487
"img_00533.jpg",0.399221482798482,0.0102324806871718,0.00350866772471818,0.00291917371625708,0.000936396719450648,0.0257073985069321,0.013571588334252,0.543902811512736
"img_00538.jpg",0.816519743286185,0.0721252986281586,0.00290876400848665,0.00287507465569891,0.000935330361360521,0.00575250036048764,0.00274515328089974,0.0961381354187234
"img_00543.jpg",0.982565639290049,0.00266723579568459,0.00266240151788043,0.00266246347120042,0.000935489291679522,0.00269920913789688,0.00266239816700602,0.00314516332860292
"img_00550.jpg",0.268644776559743,0.0468292921330671,0.0489381678379668,0.0194879967177397,0.00099202972575973,0.587424708981018,0.00492607035317551,0.0227569576915302
"img_00551.jpg",0.867067336341791,0.00574861372291715,0.00352584602665012,0.00521432843410614,0.000936287099552463,0.0407202330589462,0.013506686514751,0.0632806688012854
"img_00575.jpg",0.929451640396831,0.0053270516743053,0.00294007125153448,0.00296367650895005,0.000941616402559957,0.00994917586281095,0.00679978151361411,0.0416269863893944
"img_00582.jpg",0.901754566135785,0.013518653099553,0.00405482681995778,0.00336929426302331,0.000967028006472535,0.0614704283648656,0.00336809028475185,0.0114971130255909
"img_00584.jpg",0.945698894660728,0.00296916579181426,0.00503068357745453,0.00456118878320065,0.00095936852245616,0.0339085375441867,0.00295492062897026,0.00391724049118912
"img_00587.jpg",0.0764184763581574,0.011523989406743,0.00387635841010081,0.00283004376221116,0.000936807523501842,0.0254220744623502,0.0128062045245889,0.866186045552347
"img_00590.jpg",0.109513292205251,0.113523204751782,0.00857346662982993,0.00299740361753831,0.000937293514236819,0.0106742933542996,0.0178289402290179,0.735952105698045
"img_00591.jpg",0.0433945043306966,0.00427845486122931,0.00275109034623396,0.00270211623601992,0.00093529428807925,0.0156803790658294,0.00325488161002178,0.92700327926189
"img_00598.jpg",0.948397568837098,0.0124292912233675,0.00371168294409008,0.0105433361906214,0.000939197387140837,0.0124167717483535,0.00366943211121474,0.00789271955811421
"img_00599.jpg",0.762855775675103,0.0155486204543755,0.00574608932326899,0.00355712768696167,0.000938949961721582,0.00609056332393989,0.0360167938817967,0.169246079692833
"img_00612.jpg",0.882197376172544,0.00310330977007795,0.00324899755930842,0.00294938271118033,0.000940989686069633,0.0705277011680318,0.0113119872512668,0.0257202556815207
"img_00620.jpg",0.845959235892625,0.00799406574971826,0.109267615477354,0.00359716273618669,0.000937210711212259,0.0185142326052116,0.00341670560963213,0.01031377121806
"img_00642.jpg",0.00320888037416397,0.000937573604591294,0.000298760831132904,0.994377494148248,9.30024819620683e-05,0.00046854451642293,0.000267507902100476,0.00034823614137874
"img_00646.jpg",0.0134718539269684,0.00376552981450653,0.00515517506556416,0.00266993310719126,0.000935264024404301,0.00363735100843707,0.00270130461329534,0.967663588439633
"img_00648.jpg",0.982559712522469,0.00270473063521428,0.00266461693815085,0.00266480746823145,0.000935799627020592,0.00270990467055814,0.00266461407586853,0.00309581406248761
"img_00650.jpg",0.105384764874187,0.0127549326828605,0.00520181441786141,0.00459058202963537,0.000939418458748136,0.625732355876534,0.227370025716832,0.0180261059433403
"img_00664.jpg",0.910989168473568,0.0239117542229231,0.00282337940339918,0.0027359292528596,0.000935419546543132,0.00478792955804056,0.00388613037286927,0.0499302891697968
"img_00697.jpg",0.00322175603105939,0.00265571829188495,0.00290533922125283,0.00265562699968886,0.000935251061615148,0.00265562731864603,0.0026556376898883,0.982315043385965
"img_00708.jpg",0.77385002848907,0.013912393925879,0.00458023973068446,0.00584036784896119,0.000938952401545235,0.119828031080655,0.0475968205624857,0.0334531659607189
"img_00716.jpg",0.0820040512877258,0.127334345393818,0.00639194346219296,0.00507035480136194,0.000937926998483129,0.664131430315845,0.0193853755056159,0.0947445722349573
"img_00717.jpg",0.657470875856847,0.130357527373152,0.0042108808625124,0.00600176435553158,0.000935353237932542,0.185817438504959,0.00904584381230905,0.00616031599675682
"img_00718.jpg",0.966482647360242,0.00271395936195234,0.00295788357840026,0.00328575210830172,0.000935281791666394,0.00885736563336899,0.00268892637599294,0.012078183790075
"img_00724.jpg",0.0668332762867764,0.00339769852465857,0.0041537910407803,0.00339964444342632,0.000942488445607114,0.0153764379520456,0.240530965080029,0.665365698226676
"img_00726.jpg",0.982047466075534,0.00307492323177931,0.0026641416597512,0.00266413953635926,0.000935258981437102,0.00280019721620398,0.00289581174216238,0.00291806155677289
"img_00730.jpg",0.0154778316701788,0.00464613595082658,0.00313457140824495,0.00272321826893728,0.000935525566510576,0.00455476664300331,0.00708083589589992,0.961447114596399
"img_00757.jpg",0.924105916633525,0.0056354046010676,0.0285243642662545,0.0100253228264969,0.000935847144965815,0.0206307789684921,0.00293115299265757,0.00721121256654002
"img_00760.jpg",0.00602846762689953,0.000681056589816193,0.00028202643988255,0.991587231097188,9.28204057887266e-05,0.000544323491316848,0.000302632464055835,0.000481441885051948
"img_00764.jpg",0.0036454577693699,0.00495532425576689,0.00513077417268327,0.00267437866187301,0.000935268399948103,0.00267617077106668,0.00267421688176265,0.977308409087529
"img_00765.jpg",0.0466504476593454,0.475704718692037,0.00316035711870942,0.0168508868733808,0.000935729371326346,0.213323974039311,0.00711795103498744,0.236255935210903
"img_00772.jpg",0.091252744328538,0.00841664236632627,0.37173397001478,0.00270271347679943,0.000935293366421317,0.080216043927452,0.00356202285724307,0.44118056966244
"img_00777.jpg",0.667215696460683,0.0284649191597937,0.00453274295062111,0.00282985419230091,0.000939219181047884,0.282982418444112,0.0102479618608434,0.00278718775059775
"img_00780.jpg",0.00425880023669437,0.00309333672718413,0.00568267139756333,0.00269356522929495,0.000935286358616838,0.0152919419203757,0.0125657618456668,0.955478636284604
"img_00798.jpg",0.918246283646553,0.0284472414121771,0.0035065909782135,0.0271535212378147,0.000940924147128192,0.00602310795733232,0.00348544405373221,0.0121968865670487
"img_00808.jpg",0.822451753094187,0.146405176284115,0.00307536049482217,0.00304365856935052,0.000935297440007485,0.00454405980221897,0.00270539847656925,0.0168392958387294
"img_00816.jpg",0.973014901428408,0.00357526984005957,0.00271885714563345,0.00269928914981226,0.000937613263422081,0.00304506612644718,0.00366722967101601,0.0103417733752013
"img_00833.jpg",0.781990806617193,0.0146287756196628,0.00485910495399172,0.00383917844283173,0.000937488529034911,0.107903255736569,0.0432318847959999,0.0426095053047169
"img_00837.jpg",0.917018159414684,0.00908384385447912,0.00336120729521872,0.00348884131061863,0.000938881569324716,0.0574048535559581,0.0028655933375138,0.00583861966220297
"img_00855.jpg",0.85107161124175,0.023890059480426,0.00596009372256224,0.00326859069119925,0.00093981622379122,0.0424399209686535,0.00957879640186386,0.0628511112697543
"img_00857.jpg",0.981528883772445,0.00386857905273348,0.00268901169784059,0.0026890103353257,0.000936962041395865,0.00274888101513112,0.0026890103433058,0.0028496617418222
"img_00858.jpg",0.960992190099861,0.00469605746185663,0.00270517744047893,0.00283363894541709,0.000935769574636328,0.0138908700428407,0.00359457853714498,0.0103517178977644
"img_00865.jpg",0.888274248780038,0.0837588452645333,0.00270290232522958,0.00269505160727936,0.000935286888847689,0.00480189901553319,0.00460533873258966,0.0122264273859488
"img_00902.jpg",0.00427765862418375,0.00286087707700873,0.00270192039283116,0.00287289916164769,0.000935386307205544,0.004795640896196,0.978432752242232,0.00312286529869464
"img_00914.jpg",0.00321501764905327,0.00286130850387676,0.00265252071614794,0.0026525207154168,0.000935248163418158,0.00265252071552207,0.0026525207154905,0.982378342821075
"img_00921.jpg",0.789667841619571,0.0033303839503298,0.00543982705934185,0.00374662899885066,0.000947868972415667,0.0963317092345282,0.0539254838165391,0.0466102563484238
"img_00927.jpg",0.107997155154624,0.0303054915345326,0.00611647967051617,0.00307253772097147,0.000936998017196638,0.0149078046145872,0.0186273112645289,0.818036222023043
"img_00943.jpg",0.937027993947061,0.0434633230122829,0.00267896857923518,0.00267960583478907,0.000935272842985279,0.00283560387050429,0.00267954147031805,0.00769969044282415
"img_00959.jpg",0.961353613860848,0.00344962308626106,0.00267190789192054,0.00267153305346283,0.00093765048881839,0.0046402089351636,0.00287138000726925,0.0214040826762564
"img_00962.jpg",0.00631350965152226,0.00285313970418287,0.00553008346667115,0.00267316353873015,0.00093526741752257,0.00291797017175818,0.00267321670861327,0.976103649341
"img_00964.jpg",0.00327961860394371,0.00664495701504926,0.962345860253763,0.00313077283559337,0.00093528953947437,0.00327835474527539,0.00279169585172957,0.0175934511551709
"img_00979.jpg",0.00651857699109727,0.002752941911878,0.013840339928734,0.00268701405358277,0.000935280333794886,0.00387930497575515,0.00270726579946749,0.96667927600569
"img_00985.jpg",0.631192637792782,0.0458775015950964,0.00324740271146801,0.00372757503338161,0.000939542832063177,0.0353929564378542,0.0164271309050294,0.263195252692325
"img_00999.jpg",0.769707624463162,0.00856790946276382,0.00285842532604256,0.00277155086074777,0.000935598810244586,0.0232957553590729,0.0904992294257794,0.101363906292187
"img_01022.jpg",0.956471575298113,0.00365452387643223,0.00362978665438002,0.00462883217695167,0.000944620020564494,0.019847748831156,0.00316480777342047,0.00765810536898188
"img_01031.jpg",0.801731403224875,0.00330938225995851,0.0105293360507912,0.00352976384751292,0.000939617646777242,0.170129196097979,0.00619785861491889,0.00363344225718674
"img_01035.jpg",0.646902752394574,0.00865474504349668,0.00477456513416686,0.00337091612893736,0.000936863370350534,0.324577866424,0.00800445721319705,0.00277783429127732
"img_01059.jpg",0.0315002095613165,0.0126937879375685,0.00322186477274283,0.00342514567046607,0.000935609670854683,0.0328613184092519,0.00806658289107004,0.907295481086729
"img_01103.jpg",0.0138002430248974,0.0292420296657016,0.00341163988300952,0.00456014316877492,0.000935300694067797,0.0032405892461856,0.00634065427094007,0.938469400046423
"img_01116.jpg",0.902311794938211,0.0423319857244593,0.00857094509219704,0.00415065240013032,0.00093534617657035,0.0246329618733281,0.00493350612030461,0.0121328076747987
"img_01134.jpg",0.88175234180545,0.00388125651826243,0.00658519856458983,0.0054175302138882,0.000935313912619393,0.0141164275584164,0.00288510190770206,0.0844268295190717
"img_01179.jpg",0.973575736326723,0.00296385079855781,0.00350606987591777,0.00398188642597788,0.000937302691868832,0.00945887090408136,0.00271771763548391,0.0028585653413891
"img_01188.jpg",0.0864454273917199,0.447689870236219,0.00365204438739376,0.00886044558799923,0.000936331236817142,0.281843354222277,0.0195980512821928,0.150974475655382
"img_01211.jpg",0.976741300181782,0.00833291553638913,0.00267621830172492,0.00267804891117743,0.00093681074205504,0.00267624350239715,0.00267619637849188,0.00328226644598241
"img_01213.jpg",0.782339410512038,0.175965030426466,0.00312088350677381,0.0058100982843168,0.000937518546612375,0.013198531355957,0.00274279499769502,0.0158857323701416
"img_01222.jpg",0.718230895864359,0.105059630371271,0.00363201646030354,0.0136914231357778,0.000935359306741445,0.0219286608352574,0.0113155599985168,0.125206454027773
"img_01224.jpg",0.0158140600798107,0.0202587752205972,0.066850190848255,0.00273000886042119,0.000935320415470213,0.00379780435332542,0.00300955967392301,0.886604280548197
"img_01253.jpg",0.00415457751889885,0.00265134699700401,0.00265135641012208,0.00265134661852256,0.000935247060200924,0.00265134662033883,0.00265134662335189,0.981653432151561
"img_01286.jpg",0.159849426334792,0.00610164178434006,0.00321522275154276,0.0045297327190499,0.000964946262113819,0.00635006839989617,0.00286942939131394,0.816119532356952
"img_01289.jpg",0.0383681573810893,0.0254269684022934,0.00283041381756093,0.00365832010792702,0.000935430239717127,0.0236810246911974,0.00875991794783623,0.896339767412379
"img_01328.jpg",0.87682122126613,0.0983305577590104,0.00283167667895292,0.00469913977554857,0.000935776680144023,0.00635611074543041,0.00270235090752973,0.00732316618725428
"img_01366.jpg",0.488329290716965,0.0103414859084939,0.0130559071180283,0.0158326026892889,0.000936734231109351,0.447734888723312,0.00346623736905931,0.0203028532437431
"img_01371.jpg",0.966551131116518,0.00288510285821991,0.0029108464879436,0.00274873823200926,0.000952103836191715,0.00302292254866981,0.00323441845648233,0.0176947364639651
"img_01379.jpg",0.887928574211458,0.00699435750382101,0.0166459117996928,0.00334662630771978,0.000935958635624323,0.0651903808592115,0.0029289995944527,0.0160291910880204
"img_01384.jpg",0.449905230578844,0.0476406057925708,0.054679243698157,0.0103655405743389,0.000982637956094252,0.4061385747205,0.00356861981603895,0.0267195468634562
"img_01388.jpg",0.924784191238953,0.0398928409138214,0.00291965985623809,0.00272907245477712,0.000936353414059499,0.0189189627873971,0.00273010503403673,0.00708881430071703
"img_01392.jpg",0.00345823926023769,0.0104971625878319,0.923323220241342,0.00305863193200187,0.000935478416668464,0.00297359669907026,0.00302065726028696,0.0527330136025607
"img_01399.jpg",0.00441228961883991,0.933307076189925,0.00740347046857923,0.00273879712243884,0.000935288157671174,0.00421788606475018,0.00269536830955388,0.0442898240682414
"img_01404.jpg",0.970692050664036,0.00848580483510261,0.00279654156746345,0.00504467533751702,0.000935913698135152,0.00528086273733882,0.00269913741068911,0.00406501374971749
"img_01405.jpg",0.862274975389557,0.00774681654573927,0.00309061657776482,0.00523310594352654,0.000940174818440588,0.114763796035569,0.00304280614704037,0.00290770854236255
"img_01413.jpg",0.979568293409737,0.00275102309789579,0.00278227590038347,0.00328349491519917,0.000943837222463217,0.00464677004546119,0.00286225756157585,0.00316204784728438
"img_01426.jpg",0.0668073276139012,0.220751892704765,0.00343275939947387,0.00272032668425621,0.000935311308168936,0.00502509512987258,0.6302525713389,0.0700747158206629
"img_01441.jpg",0.00414702932631233,0.00266440628022249,0.00278869488318566,0.00266421953523318,0.000935259057630192,0.00290264374913443,0.00266422628169416,0.981233520886587
"img_01444.jpg",0.0946899313914946,0.00443709239094314,0.00301695516584746,0.00582308654281236,0.000935345816453079,0.00933621435199113,0.047573991157474,0.834187383182984
"img_01490.jpg",0.00478921007246335,0.00343342637429887,0.0184186903696519,0.00268551915039567,0.000935278920580479,0.00283326888200588,0.00274030695304862,0.964164299277555
"img_01495.jpg",0.743289648341471,0.0198795314011036,0.00380559431115141,0.00307669893119768,0.000935302952558371,0.00848903007027942,0.00278274014469644,0.217741453847542
"img_01511.jpg",0.947383533284199,0.00858058771996881,0.0242937564340562,0.00395719541240652,0.000935753740439002,0.00789012177394672,0.00327521004992578,0.00368384158505792
"img_01519.jpg",0.343789113793211,0.033837962962156,0.00425189736981365,0.00562751509790691,0.000937668115892935,0.177711904677544,0.172992198567107,0.260851739416368
"img_01530.jpg",0.973978454312419,0.00428695821112954,0.00278473384497581,0.00318722535737896,0.000948849266133486,0.00331722392931627,0.00275389076135483,0.00874266431729247
"img_01537.jpg",0.857302352173104,0.00344611151140827,0.0209812410161954,0.00274582708447781,0.000941683107969402,0.063519763954873,0.00318370806958493,0.0478793130823873
"img_01538.jpg",0.963246511337403,0.00703753740710638,0.00272537940225965,0.00268653837978151,0.00093531979116668,0.0136560817106052,0.00276918260904586,0.00694344936263116
"img_01543.jpg",0.980438947549992,0.00280454728360859,0.00269869509438288,0.00301041595986249,0.000941508601011961,0.00270467796842702,0.0026980110923477,0.0047031964503679
"img_01548.jpg",0.965676235126247,0.00280662785015506,0.00371617873492077,0.00272433546910807,0.000939778588555035,0.0149687754668247,0.00281242701592904,0.0063556417482602
"img_01552.jpg",0.975130351336329,0.00285469706521275,0.00266578063048914,0.00266525566730502,0.000935640884524665,0.0103834025575397,0.00266528862363384,0.00269958323496573
"img_01562.jpg",0.628878661481067,0.00884903190808862,0.00588945658623538,0.00373600814735685,0.00093937884973353,0.0183529124001413,0.0967329203434928,0.236621630283884
"img_01571.jpg",0.956988955064045,0.0206124422691721,0.0026782995433285,0.00267831783411391,0.000935272221944511,0.00267873353398635,0.00477942691818174,0.00864855261522813
"img_01593.jpg",0.540979262394673,0.212603881008725,0.00532196681085458,0.00334560297370253,0.000935837216567714,0.0334347598017091,0.0205714189286891,0.182807270865079
"img_01616.jpg",0.894711062900739,0.0791999842905892,0.0027483406589353,0.00275799449190753,0.000940083617314501,0.00343285444667663,0.00290322415899645,0.0133064554348418
"img_01618.jpg",0.962669725272929,0.00523875245658558,0.00270120150647494,0.0032626812205317,0.000936040377434112,0.0196343553795235,0.00272606045588215,0.00283118333063873
"img_01627.jpg",0.892100123968506,0.0678417605927659,0.00273048233558039,0.00286309692462258,0.000935304898989676,0.0228976462737685,0.00272206042315754,0.00790952458260911
"img_01633.jpg",0.907175052166605,0.00378439242652524,0.00310668923979889,0.00331696797950014,0.000939228782010482,0.0438800152927557,0.00816495644200828,0.0296326976707964
"img_01640.jpg",0.982816095723355,0.00266766426440939,0.00265904089905711,0.00265906680824911,0.000935850391646268,0.00267509090956955,0.00265903960785248,0.00292815139586099
"img_01646.jpg",0.968899186783496,0.0112526010411112,0.00269684454103579,0.0027261444703698,0.000935349807423177,0.00610330632805199,0.00269694973997511,0.00468961728853695
"img_01649.jpg",0.932424404807684,0.0142780575842009,0.00410210446153374,0.00524774226095955,0.000977615730032283,0.0115085857804741,0.0124323287731936,0.0190291606019215
"img_01669.jpg",0.00490660666347532,0.000972966233020738,0.000301685913759565,0.992265544076769,9.2936306179292e-05,0.000553224346998095,0.000346558298270867,0.00056047816152657
"img_01681.jpg",0.0913857918012033,0.00378658352288407,0.00275265477775724,0.00272717798967992,0.000937484076562009,0.00593428110750625,0.00401571649242711,0.88846031023198
"img_01684.jpg",0.93824348044565,0.0126803135402052,0.00287120897077186,0.00732027751862682,0.000935333717955217,0.0109545020824809,0.00274456580319227,0.0242503179211177
"img_01687.jpg",0.701528028432685,0.00458366477189049,0.00344002346881225,0.00272995932258945,0.000935342602577855,0.00333733978395328,0.00908018233107509,0.274365459286416
"img_01688.jpg",0.0367946963568109,0.0286386295484376,0.00287447973855927,0.00383959991534441,0.00093542607106204,0.0219333688411369,0.00752559166537936,0.89745820786327
"img_01689.jpg",0.00597439415952858,0.00335585476951293,0.0113188604384015,0.00270278688778721,0.000935295046267021,0.0119732798773933,0.00359689051903815,0.960142638302071
"img_01724.jpg",0.911314062288117,0.00294237775374362,0.00632902084715786,0.00274591928358941,0.000942764920711823,0.00831676592602455,0.0035758712237191,0.063833217756937
"img_01745.jpg",0.897596176835571,0.0472723463544625,0.0213892413667648,0.0104152561167613,0.000950543848544231,0.0119596885016031,0.00393007610132493,0.00648667087496826
"img_01771.jpg",0.948887725786503,0.0151812597628853,0.00319326676124516,0.00453516817614821,0.000935537739477219,0.0064924791251156,0.00273210776389574,0.0180424548847298
"img_01773.jpg",0.639019219223989,0.00867430326065313,0.00383806887208234,0.00292431501952605,0.000936007504801333,0.00531558727304832,0.0349020342749554,0.304390464570945
"img_01824.jpg",0.822831548235478,0.00345988817744852,0.00428062597601542,0.00365857231095588,0.000944923027433552,0.13109020338014,0.0134204025816032,0.0203138363109257
"img_01831.jpg",0.0173751763894666,0.0046358156554964,0.00033880750031195,0.972649662641019,9.10114306925642e-05,0.00163108277780444,0.000302265120910791,0.00297617848429824
"img_01834.jpg",0.0136656490953174,0.00366036952935939,0.229724356393483,0.00283688926949221,0.000935299815725382,0.0034849695540795,0.00270797950008735,0.742984486842456
"img_01847.jpg",0.320258420529271,0.0166380264550905,0.00318775086068566,0.00295009132142351,0.000935541004193959,0.00866944784630336,0.00851122905297685,0.638849492930056
"img_01853.jpg",0.095308362538459,0.0798700798102168,0.0059696860567644,0.0033463669247784,0.000936775090367483,0.0157020734840144,0.0201550733080627,0.778711582787337
"img_01856.jpg",0.958083188834972,0.00278598559619517,0.00268736445751881,0.00265973717350812,0.000935254902929158,0.00375718350595374,0.00266019837909014,0.0264310871498331
"img_01862.jpg",0.816110005274112,0.00280050048936339,0.0716184929032012,0.00274473117778061,0.000942367087627018,0.0779462171638324,0.00417684724101727,0.023660838663066
"img_01874.jpg",0.811876143965343,0.00341322297537938,0.00295640269633615,0.00272483666329672,0.000937033781340643,0.014566030293315,0.0396949744653001,0.123831355159689
"img_01888.jpg",0.0801028855346593,0.242371863383995,0.00374571985860206,0.0148258711928752,0.00093635640625271,0.390725230536325,0.00869517741581684,0.258596895671473
"img_01918.jpg",0.00760196575747716,0.000869785094669856,0.000325081928869792,0.988769895326871,9.24853399678218e-05,0.000623372516770325,0.000420175001679737,0.00129723903369413
"img_01930.jpg",0.950288333661712,0.00861577980024854,0.00574270273499621,0.00428549762006554,0.000935719787253159,0.0233743803383285,0.00273516755218542,0.00402241850521039
"img_01932.jpg",0.887172814311659,0.00816898768314607,0.00324516856927969,0.00291014532623496,0.00093555851628199,0.00877312817559741,0.00322318404484972,0.0855710133729508
"img_01955.jpg",0.00359812193912619,0.00265280266590306,0.00265278858511431,0.00265278851534178,0.000935248399479947,0.00265278851134002,0.00265278867858533,0.982202672705109
"img_01963.jpg",0.975494106226191,0.00424899478288338,0.00275618171713606,0.00274097955997003,0.000935265831223129,0.00299291651818849,0.00267561398227708,0.00815594138213033
"img_01966.jpg",0.931800371312782,0.0405854513100943,0.0026854907762321,0.00268363123441296,0.000935275088543437,0.00737021411930167,0.00269905776693004,0.0112405083917034
"img_01983.jpg",0.919404182622086,0.00899013387331075,0.0101970961832898,0.00361080783615296,0.000964231893507891,0.0120030919627733,0.00344705197394795,0.0413834036549311
"img_01984.jpg",0.112567096410822,0.00592497457723336,0.00269321408438521,0.00267987640610139,0.000935263416583262,0.00590756021739595,0.00267030401766788,0.866621710869811
"img_01995.jpg",0.0266795300849884,0.259972402188444,0.00529374426809705,0.243349792193021,0.000936098031959286,0.134350266897742,0.0114723703920411,0.317945795943707
"img_01996.jpg",0.0475199969940512,0.00886971551401084,0.00294627381291847,0.00381297155157187,0.000935752349563315,0.895702017015011,0.00645000776428065,0.0337632649985927
"img_02001.jpg",0.35762715702548,0.00471442682905547,0.00718407190439447,0.00506211380326689,0.000937724125805994,0.279354937124801,0.205211701902363,0.139907867284834
"img_02006.jpg",0.305398409287055,0.0395164302321805,0.254425023765021,0.194014363288293,0.000935582170353662,0.0180864340787781,0.00312202434642717,0.184501732831892
"img_02066.jpg",0.953442036691094,0.00433979397457508,0.00351407059971355,0.00317676530140441,0.000938892538112897,0.0136514010537858,0.00282229661692073,0.0181147432243936
"img_02074.jpg",0.972518656617461,0.00311131300692998,0.00412517166722109,0.00413862564433711,0.000938421589725255,0.0087332967210722,0.00278234142223457,0.00365217333101918
"img_02076.jpg",0.0266442998540661,0.929274129467445,0.00313496836213495,0.0030113780877121,0.000935824116836098,0.00346311093721978,0.00271469008244247,0.0308215990921439
"img_02077.jpg",0.00332624043053528,0.000714299134703366,0.000783277789623679,0.992805748081559,9.28591454357141e-05,0.00092480722102468,0.000367660939233124,0.00098510725788554
"img_02096.jpg",0.98199619046099,0.00268356269925871,0.00265374814590166,0.00265374510685641,0.000935249308482949,0.00345003219495061,0.00265419071068873,0.00297328137287119
"img_02119.jpg",0.826084489127872,0.00543688689279584,0.115928609928384,0.00622868344675223,0.000935438242861651,0.0179361358289908,0.00445691544761249,0.0229928410847308
"img_02124.jpg",0.021175479305228,0.0040490848002128,0.0067255338942208,0.00292603500050925,0.000940131982230388,0.946179772086573,0.00432323220088619,0.0136807307301397
"img_02172.jpg",0.904826818610098,0.00506028508986349,0.0132222855627083,0.00275320677982711,0.000942251731346426,0.0276166449924885,0.00367213358417425,0.0419063736494944
"img_02180.jpg",0.936334788690316,0.0138028455117785,0.00338799696913456,0.0028877855106002,0.000937120118346288,0.0169397401081893,0.00390562668959901,0.0218040964020362
"img_02188.jpg",0.793332213564039,0.00852977866474979,0.0038547313437715,0.00316138339440843,0.000939671845562987,0.0443608553538511,0.0104388187236281,0.135382547109989
"img_02209.jpg",0.0384140449610202,0.00499543392124019,0.0064412595078575,0.00462417783661471,0.000942000513268687,0.914501106706316,0.0124427233923787,0.0176392531613043
"img_02235.jpg",0.0587588327304216,0.146024991631459,0.0081243490085885,0.460340466388689,0.000935833189766094,0.129887699902045,0.0137787725669558,0.182149054582074
"img_02252.jpg",0.981760830671565,0.00314982341185112,0.00266236548734494,0.00265898405219788,0.000935254190669808,0.00272542246751166,0.00265955872804356,0.0034477609908157
"img_02268.jpg",0.892452321788157,0.00660752901162569,0.00589858073983863,0.0230713670100493,0.000936977308096743,0.00383851295124884,0.00273830821303319,0.0644564029779505
"img_02270.jpg",0.953138245995378,0.0116566007285213,0.00808659169605649,0.0043655180968086,0.000942452403860832,0.010158442206605,0.0034552280442103,0.00819692082855952
"img_02281.jpg",0.00407647735028314,0.000650232531160461,0.000338070201576291,0.993715095947956,9.29414671385261e-05,0.000527670352249099,0.0002720473264147,0.000327464823221443
"img_02282.jpg",0.00324920649568217,0.00265960265863439,0.00265551503911046,0.00265546062455914,0.000935250909477937,0.00295041350221737,0.00273171230384239,0.982162838466476
"img_02291.jpg",0.982585246979555,0.00308173326581984,0.00265572872213356,0.00265572635207451,0.000935251155605153,0.00270444086652708,0.00265572643876104,0.00272614621952423
"img_02299.jpg",0.799616974776074,0.0471393295750562,0.00465897625930119,0.0102440909478847,0.000935365895565644,0.0263597463475544,0.00925057248362486,0.101794943714939
"img_02305.jpg",0.0356122869320947,0.252806149811436,0.00734877815801417,0.229220373194735,0.000938094939484861,0.0579167355242501,0.0133909601587402,0.402766621281245
"img_02307.jpg",0.659836330634768,0.0183436043587691,0.00287074328455445,0.00332781537172488,0.000944608599117785,0.113797053630544,0.0143131818201073,0.186566662300414
"img_02309.jpg",0.982078007082686,0.00299658323502472,0.00266505596272653,0.00266512110142673,0.00093585156718103,0.00266536377513514,0.00266505662349541,0.00332896065232437
"img_02318.jpg",0.0143368953968494,0.00293799983709085,0.00278185558333846,0.00270147201788072,0.000935285656598004,0.00303975360634761,0.00278456047317578,0.970482177428719
"img_02356.jpg",0.0361901171564134,0.00443890088830414,0.00427485845316017,0.00866714343009381,0.000935748313536797,0.00542232920974805,0.00483258453655467,0.935238318012189
"img_02367.jpg",0.959164514874182,0.0121806448983805,0.0028918287681965,0.00311204169827324,0.000948498411736529,0.012445158473434,0.0035819556942847,0.00567535718151246
"img_02379.jpg",0.112913581145411,0.00310374744019405,0.00269761366752195,0.0026977038918843,0.000935290122319705,0.00422033972072411,0.00514826492143448,0.868283459090511
"img_02384.jpg",0.851185915437098,0.00619479339334319,0.003357112127222,0.00316174467167903,0.000940253864877497,0.0593127629803169,0.00640476125327524,0.0694426562721883
"img_02398.jpg",0.943998728413909,0.0116660962533192,0.00293232268344929,0.00488893286845001,0.000935319357417692,0.0187599345051214,0.00272882144073428,0.0140898444775995
"img_02400.jpg",0.948030041758822,0.00461352929626261,0.00990531684284565,0.00283598780756778,0.000935317400139055,0.0249448444821362,0.00320764096906666,0.00552732144316047
"img_02406.jpg",0.00270959957210544,0.000436933395384798,0.000856536237770587,0.994227053892381,9.29946285516579e-05,0.00051307912147056,0.000377999124275044,0.000785804028060597
"img_02412.jpg",0.912568086906678,0.00283227774410774,0.00273774555691843,0.00273784888157704,0.000941956774737593,0.00330231122666302,0.00341773013408859,0.0714620427752296
"img_02422.jpg",0.78969563103745,0.0412208167180159,0.00454381924155227,0.00606114577586134,0.00093660752525502,0.0179879221694536,0.0270252953008912,0.112528762231521
"img_02486.jpg",0.934642535320824,0.00930512808331141,0.00358699196235405,0.00269090674186614,0.000935283754020894,0.00420068688470088,0.00270849779660941,0.0419299694563134
"img_02487.jpg",0.944785638080552,0.032891524296188,0.00268968708341623,0.00268983210283414,0.000935517268283123,0.00308973126463601,0.00268987751672644,0.0102281923873643
"img_02522.jpg",0.925908301676805,0.00662857418178895,0.00275647846425082,0.00318558542626207,0.000939507997818449,0.0131229894911659,0.00310035968213691,0.0443582030797715
"img_02556.jpg",0.0727200966105796,0.0101059903675516,0.00279647672714199,0.00272795026492321,0.000935328775872449,0.0031678235285785,0.00415720938413267,0.90338912434122
"img_02565.jpg",0.809553605770538,0.00394182225945591,0.00689340392075836,0.00327533443419492,0.000946585020191022,0.0487029820528355,0.0487957126124191,0.0778905539296068
"img_02574.jpg",0.197340715371173,0.0031736037191448,0.00353629254150311,0.00471123270648596,0.00100376554016846,0.00613343575769795,0.00319090864470313,0.780910045719124
"img_02602.jpg",0.925492317960542,0.0371675767360778,0.00286714201456483,0.00315168760057284,0.000936500529484737,0.0142284364908252,0.00403048950022691,0.0121258491677058
"img_02622.jpg",0.806338629609921,0.00710837827812066,0.00303382897314972,0.00275254644608859,0.000936108566915634,0.00546669709861553,0.00555020847834744,0.168813602548841
"img_02625.jpg",0.0906059593111139,0.00772786921705783,0.00381685485639295,0.00288958553394268,0.00093668906519362,0.859901505886959,0.00711691228202809,0.0270046238473121
"img_02636.jpg",0.620995097435815,0.0262707993928872,0.00268621755249333,0.00268419505875886,0.00093534440338271,0.00271137354999784,0.00269064452068963,0.341026328085976
"img_02638.jpg",0.919486379352824,0.0469062471346577,0.00333268381192788,0.0112209037604692,0.000937093379457372,0.0080025472183143,0.0034174703276594,0.00669667501469011
