"image","ALB","BET","DOL","LAG","NoF","OTHER","SHARK","YFT"
"img_00007.jpg",0.113807169116217,0.0505988728909378,0.0125465608825353,0.0117263293089731,0.00100292050582223,0.00492737185729578,0.00492733052602222,0.800463444912196
"img_00009.jpg",0.742648431866981,0.0528023934539195,0.0048652521598371,0.00549734584063531,0.00100285226405947,0.175954502802417,0.00553142822077227,0.0116977933913782
"img_00018.jpg",0.629904793317405,0.114148239729784,0.0133337828758231,0.0266570909843207,0.00100333293024141,0.189345087362357,0.00494175424515994,0.0206659185549087
"img_00027.jpg",0.211423796801332,0.0713264324914498,0.0116535433764541,0.00623658750226225,0.00101901520525105,0.222173762792421,0.0321002882472128,0.444066573583617
"img_00053.jpg",0.762563970281411,0.0230168065415306,0.0123276991171293,0.00800918109718487,0.00102409616760148,0.167817502325638,0.00552447795489455,0.0197162665146107
"img_00071.jpg",0.112171911606232,0.0115944927995627,0.00504634087498002,0.850463671662208,0.00100292144201134,0.00889882843570032,0.00487323824491552,0.00594859493438943
"img_00075.jpg",0.837145159018518,0.0453958752682175,0.00606022176847089,0.0150970841351409,0.00104690501798426,0.0730247540578798,0.0101624995984825,0.0120675011353057
"img_00102.jpg",0.136475811905315,0.0229518630543097,0.00784919164012759,0.00523409372163158,0.00100468965188772,0.0332017993910616,0.00994517490220773,0.78333737573346
"img_00103.jpg",0.729091877363767,0.0108318605193198,0.0671563346308467,0.00558660668239446,0.00100286168639669,0.162978685925766,0.00490839753226801,0.0184433756592406
"img_00109.jpg",0.921246650828486,0.0351597051074353,0.00485057544320489,0.00484287949230005,0.00100306038141374,0.0102287898166463,0.00677426821457299,0.0158940707159407
"img_00125.jpg",0.635663127099886,0.0163197423320786,0.013587167811913,0.00572012869432938,0.00100294299685986,0.0477273427977538,0.0109189169214975,0.269060631345682
"img_00128.jpg",0.0200711871246762,0.0175398808373091,0.584343796624636,0.00492714521724986,0.00100509933604094,0.00803095578979524,0.00711552152798768,0.356966413542305
"img_00141.jpg",0.0113768188131382,0.0121581500181157,0.0194057833519439,0.00486841710232041,0.00100286167675021,0.00626296458345341,0.00486841710228068,0.940056587351998
"img_00152.jpg",0.183453357706453,0.063141002572918,0.00672856283832238,0.00525043686547311,0.00100714127614197,0.0528904234614021,0.00594054844823011,0.681588526831059
"img_00161.jpg",0.00994610256524112,0.00478853218118806,0.00478852767746669,0.00478852781146812,0.00100278192523204,0.00492506739527596,0.00478852767352104,0.964971932770607
"img_00170.jpg",0.237650512976584,0.00690606510209583,0.00620439389246026,0.649944952712635,0.00100593802518894,0.0406154872573236,0.00554159077780155,0.0521310592559113
"img_00180.jpg",0.0482881995954802,0.00826132594722901,0.0101109319475354,0.00886922845511035,0.00100507313251467,0.00972313542285843,0.0101482762115215,0.90359382928775
"img_00212.jpg",0.215929326310039,0.00777409958148081,0.00486616860449305,0.00947004466917916,0.00100282268713409,0.00666142337514847,0.00483256141473632,0.749463553357789
"img_00230.jpg",0.737790408729632,0.0811274640448657,0.00489726196412573,0.00537923923268049,0.00100285946745885,0.150784283913695,0.00486704185610088,0.0141514407914412
"img_00232.jpg",0.0152908844086209,0.014617357963363,0.00490286645374975,0.00504740700615209,0.00100289606162179,0.0130840396524591,0.538475018962997,0.407579529491036
"img_00244.jpg",0.435907680084683,0.0710283443360542,0.00665878094281015,0.00694053561062605,0.00100297741038865,0.3363329935932,0.00686690449996635,0.135261783522272
"img_00311.jpg",0.968640072176665,0.0051375207441902,0.00478763783903701,0.0047893386662409,0.00100535875493999,0.00478885624283232,0.00478762285879354,0.00606359271730105
"img_00331.jpg",0.882397017445619,0.00589583487698073,0.00532457993425646,0.00501167702335045,0.00101699722551481,0.0353232674788793,0.0179447049503641,0.0470859210650348
"img_00358.jpg",0.26828736454757,0.215599029979246,0.0065453039207372,0.00501816536911737,0.00100431855177292,0.167027692860997,0.0359100980084319,0.300608026762128
"img_00374.jpg",0.524859956728228,0.0719713758284439,0.00561912689070426,0.00738110909684885,0.00100290440917314,0.013988234187824,0.00497222481899145,0.370205068039787
"img_00383.jpg",0.963356018830807,0.00738246530442244,0.00480171965188971,0.0048025283733893,0.00100315256091913,0.00661274198660197,0.00480171920296404,0.00723965408900685
"img_00398.jpg",0.795546927893212,0.0220077084552477,0.00487155930682919,0.0048866943026606,0.00100940166325697,0.00538358038387181,0.0048674388436256,0.161426689151296
"img_00417.jpg",0.0835619459891744,0.00579688037907865,0.00476976127287277,0.0107402490570732,0.00100276173267517,0.00476822011529589,0.00476822277013817,0.884591958683692
"img_00442.jpg",0.00688108892957735,0.00517909569661582,0.00476368448786103,0.00476369857559481,0.00100275712955645,0.00500626097167058,0.00476369332815995,0.967639720880964
"img_00446.jpg",0.714173578214789,0.0160794876640363,0.005625159782194,0.0137024853879167,0.00100522254180045,0.0415955344315945,0.00549619470380065,0.202322337273869
"img_00469.jpg",0.670602201763904,0.0327352034921132,0.006866849336675,0.00518851122462704,0.00100474692991713,0.0245408802408407,0.00671426863539609,0.252347338376527
"img_00473.jpg",0.946838576015682,0.00639536521252022,0.00489227909764571,0.00490791960692126,0.00100917001473662,0.00507414322703199,0.00491476894760078,0.0259677778778614
"img_00483.jpg",0.867567457980221,0.0844965563197317,0.00487038915398074,0.00487038069709571,0.00100305474102591,0.00755416086038461,0.00504842637013018,0.0245895738774306
"img_00484.jpg",0.279953649619045,0.0993998443627962,0.00811209152414402,0.014947649767291,0.00100292831640407,0.0155336139133966,0.00561574313472821,0.575434479362194
"img_00518.jpg",0.867070784256824,0.00567562709697932,0.00546140596526878,0.00536890113677833,0.00107707677547037,0.00530905395922725,0.00522489890571228,0.104812251903739
"img_00533.jpg",0.087436548347028,0.0278949867428452,0.00704167714177584,0.00541537581587122,0.00100701252979979,0.0178557162496337,0.0209675101488362,0.83238117302421
"img_00538.jpg",0.733706751735095,0.0672920230077939,0.00534111995389937,0.00557035457925668,0.00100293668237524,0.00735997817637539,0.00494333449410293,0.174783501371101
"img_00543.jpg",0.968105851244944,0.00500443218215323,0.00478250054603652,0.00478244726080513,0.00100366331571958,0.00491398600853906,0.00478240372195841,0.00662471571984375
"img_00575.jpg",0.630872950374552,0.200126290463205,0.00591876153195023,0.00591776509139697,0.00102756185466818,0.0318651659779481,0.0202231002211196,0.104048404485159
"img_00582.jpg",0.888251424542141,0.00934488438505804,0.010274913051421,0.00760442572194036,0.0011309851144086,0.0595921212634259,0.0075799029096894,0.0162213430119155
"img_00587.jpg",0.099096601924502,0.030999065097825,0.00910412214070149,0.00534759784716075,0.00100869345628476,0.0864071957856231,0.0411448486889765,0.726891875058926
"img_00591.jpg",0.149848116735475,0.0145553646500187,0.00512420336723116,0.00491371158620461,0.00100290275355197,0.0540089846723168,0.00688525142620938,0.763661464808993
"img_00598.jpg",0.846507151086068,0.0293105662013043,0.00851501199770026,0.0289372445910245,0.00101790395333923,0.0505514561507227,0.00834129641754771,0.026819369602293
"img_00599.jpg",0.634696089146759,0.0453577790590708,0.0156986560963044,0.00780630441401041,0.00101683296538754,0.0153021447887439,0.044479247228936,0.235642946300788
"img_00612.jpg",0.803223858880872,0.00584571637002564,0.00668719323169911,0.00561032479684423,0.00101628821748747,0.0928213011908885,0.0216529530873307,0.0631423642248523
"img_00620.jpg",0.879126874211992,0.0391351754081163,0.0211012841908846,0.00799446731667791,0.00101014063962519,0.0369231028485267,0.0073358914057371,0.00737306397844049
"img_00642.jpg",0.110584880209185,0.0289344919266396,0.00600221061324475,0.8288564415243,0.00100287346284982,0.0120974936400025,0.00488011912802201,0.0076414894957569
"img_00646.jpg",0.0106073690695415,0.00798521334860055,0.010442680613613,0.0048071375428816,0.00100279926776537,0.00818297954827005,0.00486954630894677,0.952102274300381
"img_00664.jpg",0.619979230413542,0.0900443913313048,0.00522593764844686,0.00491545891890804,0.00100326649223939,0.00935257535120893,0.00902581187635884,0.260453327967991
"img_00697.jpg",0.00677946250729484,0.00475627468980729,0.00564642131464172,0.00475627425880343,0.00100274974738125,0.00475627423614637,0.00475627423625634,0.967546269009669
"img_00708.jpg",0.326262525664548,0.0610711468436846,0.011685993068433,0.0112897801127169,0.00101577124093644,0.464291819713676,0.0525065108031352,0.0718764525528695
"img_00717.jpg",0.39097376185804,0.409455450504496,0.0052759571687372,0.0165058391663656,0.00100293062480209,0.15376029463809,0.0123407239109942,0.0106850421284753
"img_00718.jpg",0.901907932561638,0.00562239592631812,0.00584466799141445,0.00701027055206781,0.00100286764071026,0.0407256811149765,0.00487800423099679,0.033008179981878
"img_00724.jpg",0.0874384162134211,0.00537467273218104,0.00977699949851718,0.00529696095338149,0.00101947042809586,0.0360818707312199,0.459355581747522,0.395656027695661
"img_00726.jpg",0.968286721157413,0.00479015688714977,0.00478676324663172,0.00478675903080303,0.0010027801526853,0.00511188551849688,0.00561585389449391,0.00561908011232646
"img_00730.jpg",0.051450632717254,0.0119078985645074,0.00642927660587359,0.00495812573662405,0.00100376025895111,0.0115086958819637,0.0205442554916542,0.892197354743172
"img_00757.jpg",0.892040601280295,0.00813633395881147,0.00836812090444877,0.0311090778857539,0.0010050053206401,0.0357233025874611,0.00561061145479641,0.0180069466077932
"img_00760.jpg",0.213021061107061,0.0198504472533722,0.00543756160008186,0.726977235424034,0.00100592974934827,0.0149136443117777,0.00618277223665104,0.0126113483176734
"img_00764.jpg",0.00684546787447821,0.00638988918890092,0.0132464891060552,0.0048236646264558,0.0010028160661798,0.00482265627983011,0.00482280530639174,0.958046211551708
"img_00777.jpg",0.576513619759903,0.0685245678776173,0.00714651577095449,0.00521995413796375,0.0010124800259566,0.322978538022094,0.0136281900295684,0.00497613437594198
"img_00780.jpg",0.0198013425840141,0.00789801780695222,0.0155468247849562,0.00489289346626774,0.00100288539855942,0.032603218416761,0.00830406069164265,0.909950756850847
"img_00798.jpg",0.791663868932784,0.0950945686844485,0.00790142263269957,0.071987234905574,0.00102469828471132,0.0132094961375452,0.00769572251885039,0.011422987903387
"img_00808.jpg",0.677993143252098,0.23741332138769,0.0062092959796909,0.00605745822138585,0.00100288027680484,0.0130294986352448,0.00488840673545607,0.0534059955116293
"img_00816.jpg",0.699392186477635,0.166516696283983,0.00507224400204751,0.00493280102292125,0.00101186070152151,0.00888921919532628,0.00844396864721679,0.105741023669348
"img_00833.jpg",0.439031972339393,0.0739360131837693,0.0125026642861543,0.00915046351360221,0.00100884680610866,0.217616865693967,0.0782544036621715,0.168498770514834
"img_00837.jpg",0.797205338419398,0.0437624521656606,0.00718157343842861,0.00767405917698261,0.00101668316470018,0.12253459785336,0.00542603656685122,0.0151992592146188
"img_00855.jpg",0.512924055746353,0.275039755160616,0.0164049034638675,0.00675030377857742,0.00101846137574874,0.0799672230902682,0.0161150333794423,0.0917802640051264
"img_00857.jpg",0.964586661095279,0.00911986122315228,0.00488994694450251,0.00488994693532903,0.00100933693911709,0.00515060265021192,0.00488994696253004,0.00546369724987826
"img_00865.jpg",0.635655492266074,0.280470496971751,0.0048841636027757,0.00485708755285366,0.00100284130471609,0.0493000417255213,0.00502061190403667,0.0188092646722718
"img_00902.jpg",0.0101667794609358,0.00530737202158101,0.00492124641965342,0.0055337111949287,0.00100326590880793,0.0123996249474985,0.954312326296554,0.00635567375004056
"img_00914.jpg",0.00675544403752491,0.00549118472469288,0.00474514953525206,0.00474514951251691,0.00100273864410293,0.00474514950683189,0.00474514950732124,0.967770034531757
"img_00943.jpg",0.89116546330249,0.0671036484177907,0.00482336674524121,0.00482216070078007,0.00100281548597891,0.00538643118257082,0.00482411206132457,0.0208720021038237
"img_00959.jpg",0.960451784394388,0.00604111081609336,0.00483291570278858,0.00483284155275777,0.00101200503062265,0.00742226141352304,0.00515345135200957,0.010253629737817
"img_00962.jpg",0.0110626319060656,0.00582271592776761,0.0152598739728037,0.0048190683444923,0.00100281241688155,0.00567904036700213,0.00482101765714883,0.951532839407838
"img_00964.jpg",0.00698688538107682,0.0190155729598534,0.896166888347434,0.00645488987584892,0.00100289728609624,0.00698239112030462,0.00524292781504572,0.0581475472143407
"img_00979.jpg",0.0185334825004091,0.00486877627404858,0.0447323664927584,0.0048686928878755,0.00100286191214716,0.00912942504663024,0.00493992772647449,0.911924467159656
"img_01022.jpg",0.863767149102569,0.00837182709867903,0.00831899133258342,0.011984570073129,0.00103951084641685,0.0784771225217711,0.00661403240857826,0.0214267966162735
"img_01035.jpg",0.3745278676448,0.0242710264046388,0.0109578439276973,0.00715696478744474,0.00100722339072246,0.559048622995963,0.0180560758582071,0.00497437499052639
"img_01059.jpg",0.10290296842757,0.0392804282894237,0.00668357443106539,0.00742073586455425,0.00100403419526408,0.0668718279097231,0.0239153135366622,0.751921117345737
"img_01103.jpg",0.0523308492194838,0.0973585751303659,0.00734557457684434,0.0115857545251136,0.00100294001734865,0.00684766178165767,0.0179951223410943,0.805533522408092
"img_01116.jpg",0.604667740054444,0.255378428735284,0.00656372579601108,0.00989347766686935,0.00100292748185023,0.09626643283055,0.00496717231089925,0.0212600951240921
"img_01134.jpg",0.853905116239389,0.00572280662645947,0.0189037503839742,0.0107578827365776,0.00100295360763229,0.0747985171283282,0.00542034584570545,0.0294886274319332
"img_01179.jpg",0.941939515839744,0.00589055215876963,0.00779834176299432,0.00950608268028606,0.00101062231521929,0.0234703685731128,0.00496254251107697,0.00542197415879659
"img_01213.jpg",0.809029902958288,0.066783846750963,0.00622103213869796,0.0160173987998247,0.00101139201489823,0.03698680829058,0.00568655164760928,0.0582630673991386
"img_01222.jpg",0.55743212609738,0.144192365460773,0.0079418536186344,0.0304788486317749,0.00100295071908266,0.0559218221534445,0.00751600324054133,0.195514030078369
"img_01224.jpg",0.0452935262142222,0.0068231482661477,0.0749881330264458,0.00492875758451534,0.00100292174792865,0.00874358516231167,0.00592402276958012,0.852295905228849
"img_01253.jpg",0.0101132912918531,0.00474095453223887,0.0047409447106685,0.00474094527551292,0.00100273443523741,0.00474094470575007,0.0047409447061169,0.965179240342622
"img_01286.jpg",0.293713845643878,0.0176480141626036,0.00677055036400513,0.00589988469911298,0.00108991502222141,0.0185733288408818,0.00546862381610141,0.650835837451196
"img_01289.jpg",0.124421852970569,0.0617902326792909,0.00527334945422694,0.00823334968092755,0.00100332736793603,0.0698474262933357,0.0264726962772505,0.702957765276463
"img_01328.jpg",0.894937143027701,0.04870845179636,0.00538828692161092,0.0120734180334565,0.00100476668430824,0.0180082053985082,0.00492758155851072,0.0149521465795445
"img_01366.jpg",0.446862599500557,0.0182941360456057,0.0230006997256517,0.0308248923781672,0.00100819031188464,0.453717177634336,0.0066534215163143,0.0196388828874829
"img_01379.jpg",0.778535179971646,0.0281716937053827,0.0878794931956016,0.00703477779504397,0.00100546792614458,0.0218630956885069,0.00570742426118546,0.0698028674564886
"img_01388.jpg",0.846468659974402,0.0881435788607494,0.005622292450015,0.00493916426109897,0.001006897461532,0.0300129766162646,0.00493923502159839,0.0188671953543393
"img_01399.jpg",0.0108324641296454,0.643202263519203,0.0247527282805461,0.00504271512711387,0.00100288072388586,0.0103428663236158,0.00488748571622683,0.299936596179763
"img_01404.jpg",0.935294802091611,0.0217187109783093,0.00525924732464466,0.0129891298728443,0.00100529326210699,0.00932966276129991,0.00491674947184955,0.0094864042373348
"img_01405.jpg",0.454226860688309,0.00929172211122703,0.00604334789525206,0.0140711624285988,0.00102181218544144,0.503630607093851,0.00613537148784649,0.00557911610947472
"img_01413.jpg",0.957093334710574,0.00514636929800587,0.00526574504071794,0.00710026856482201,0.0010364212334784,0.0121447058330552,0.00555838904039074,0.00665476627895552
"img_01426.jpg",0.0902081003485498,0.290859864446702,0.00733155511490467,0.00488228828824006,0.00100287545923934,0.00733231864197912,0.115248727958393,0.483134269741993
"img_01441.jpg",0.0101506552609419,0.0049810028394711,0.00523339966089213,0.00478743546269323,0.00100278059549707,0.00563931490104463,0.00506160069275482,0.963143810586705
"img_01444.jpg",0.0729480310573026,0.0106373482780024,0.005855332137199,0.00546031833266588,0.00100292688599913,0.0284008873179549,0.00740808845901225,0.868287067531864
"img_01490.jpg",0.00836048883855432,0.00753136598922906,0.0581223302255578,0.00484605745481524,0.00100283928816431,0.00520219139670379,0.00504317640650767,0.909891550400468
"img_01495.jpg",0.706050708973144,0.0644118659496257,0.00610758040788307,0.00958404035234485,0.00100290820648279,0.0362271230082436,0.00492658309658607,0.17168919000569
"img_01511.jpg",0.676015064441229,0.0342505634951947,0.234960127998573,0.0094302903043435,0.00100468075338559,0.023964183549556,0.00697180216943517,0.0134032872882822
"img_01530.jpg",0.836853573471526,0.106054703680734,0.00522707805666941,0.00670825564986166,0.00104743175153115,0.00718483554880156,0.00511249264730588,0.0318116291935707
"img_01537.jpg",0.531956172647926,0.0195053098276738,0.0232385168666948,0.00508219168757833,0.00102778665139481,0.381338499876219,0.0086961690786601,0.0291553533638536
"img_01538.jpg",0.598811031654906,0.272934564430975,0.00522567146936855,0.00484477954599257,0.00100298834716163,0.103778402892462,0.00509972257871657,0.00830283908041652
"img_01543.jpg",0.95793201653022,0.00585664585316499,0.00492532870279877,0.00604342738844092,0.00102041311422834,0.00491886315597657,0.00492198306392197,0.0143813221912485
"img_01552.jpg",0.967188671886351,0.00547034225914195,0.00479414659277821,0.00479385587297495,0.00100424512949503,0.0066219809655032,0.0047943819135064,0.00533237538024879
"img_01562.jpg",0.622982978456471,0.0224569746251759,0.0109504158889317,0.00841727077454753,0.00101641930268561,0.0375972800182103,0.139056352249414,0.157522308684564
"img_01571.jpg",0.91059046871073,0.0499742801580082,0.00481247046350742,0.00481247131421345,0.00100280585809401,0.0048124798137484,0.00587161751222269,0.0181234061694757
"img_01593.jpg",0.27689725004259,0.324231765064166,0.0140520319076634,0.00693477219128496,0.00100477188403768,0.0683194835300675,0.0359207043263813,0.27263922105381
"img_01616.jpg",0.655820903762338,0.283883680277629,0.00499353425435808,0.00501697912658774,0.00101974558016958,0.00747468142076631,0.00554051352554966,0.0362499620526023
"img_01618.jpg",0.69809790555007,0.0107443831015576,0.00490824154771913,0.00692940098361207,0.00100576321616838,0.267982279202108,0.00500636812571599,0.00532565827304874
"img_01627.jpg",0.811657348488165,0.103719055962502,0.00489335787623131,0.00535132415719763,0.00100288277476223,0.0469190358991423,0.00489293079165721,0.0215640640503418
"img_01633.jpg",0.75218118656801,0.00844972699517851,0.00615383503227053,0.00691242473565912,0.00100872072970754,0.138855161137957,0.0183599027577044,0.0680790420435127
"img_01640.jpg",0.966777273977711,0.00659518832706934,0.0047742573934141,0.00477355788257264,0.00100505017298409,0.00483086343186254,0.00477333212025141,0.00647047669413542
"img_01646.jpg",0.893219160737307,0.0278525564451176,0.00484381013191526,0.00495048179142569,0.00100306690209165,0.0217852364587952,0.00486479603100475,0.0414808915023424
"img_01669.jpg",0.17262320839251,0.0304116663853623,0.00614735711185779,0.751330028342504,0.00100796578695905,0.0152407878367585,0.00776965670635928,0.0154693294376886
"img_01681.jpg",0.164740565245237,0.00529747094823911,0.00503645517311196,0.00496735945940566,0.00101129389714891,0.0164957124365154,0.00912512676947427,0.793326016070868
"img_01684.jpg",0.786554485325013,0.0410857587432326,0.00537559960421099,0.0196452306823682,0.00100291382887569,0.0643375723328108,0.00492676230875456,0.0770716771747342
"img_01687.jpg",0.581375186451186,0.00820823158150344,0.00740786344973346,0.00492543756512537,0.001003007055585,0.00692948395969818,0.0131225938839105,0.377028196053258
"img_01688.jpg",0.1178346782371,0.085544862274853,0.00543602124901163,0.00888658336166083,0.00100331667352181,0.0681970173799812,0.0220645049987841,0.691033015825088
"img_01689.jpg",0.0165021211785194,0.00722044467906651,0.0357221632497947,0.00492519503402802,0.00100291834935654,0.0380370924701282,0.00811907440497935,0.888470990634127
"img_01724.jpg",0.857058612264055,0.0144703381190574,0.0216447519011524,0.00512221292263951,0.0010321413542655,0.0479788662711961,0.0105943580413642,0.0420987191262695
"img_01771.jpg",0.867360036874737,0.0409717823887713,0.00658427072782622,0.0113834318568158,0.00100375214205689,0.0182207694572499,0.00493469969615743,0.049541256856385
"img_01824.jpg",0.667887964303045,0.00783793754366753,0.0104533039261085,0.00820323873697932,0.00102553898676153,0.222039802280059,0.0235110306884785,0.0590411835349006
"img_01831.jpg",0.203228661896136,0.00539640995383206,0.00747613641211711,0.683905594534233,0.00100433901415325,0.0440836431747701,0.00622436108529794,0.0486808539294605
"img_01834.jpg",0.0343395952177974,0.00762721969926246,0.0731899656831608,0.0053594853651318,0.00100289148116303,0.00766919262402231,0.00489830864681114,0.865913341282651
"img_01847.jpg",0.0562612166931501,0.0424882424423619,0.00632026558647875,0.00547937125028477,0.00100368866751976,0.0175371460416335,0.0128429661909502,0.858067103127621
"img_01874.jpg",0.871628070531019,0.00500324263392388,0.00578928594900975,0.00495953417517221,0.00100955469178798,0.04344725528289,0.0201527140749878,0.0480103426612099
"img_01888.jpg",0.102762721482963,0.484789852014329,0.00822384332264946,0.0432331606770996,0.00100678490053089,0.260487661192977,0.0108816631945248,0.0886143132149271
"img_01932.jpg",0.4780133565485,0.0170650247053769,0.00666936650407385,0.00503850383688464,0.00100375160645127,0.0255659642723346,0.00658838175075995,0.460055650775619
"img_01955.jpg",0.00812461193802191,0.0047461092894456,0.00474610872514904,0.00474610970889367,0.00100273959577361,0.00474610868379846,0.00474610868394211,0.967142103374976
"img_01963.jpg",0.946616403298292,0.00852832537075759,0.00656994258491847,0.00498906818137173,0.00100280780785731,0.00663182558844518,0.004844138331588,0.0208174888367702
"img_01966.jpg",0.833868405332584,0.120825348531546,0.0048182340276117,0.00480876642911373,0.00100280127051152,0.011463589739033,0.00481935432172267,0.0183935003478768
"img_01983.jpg",0.857093837451719,0.0221592437076307,0.0243808280729275,0.00848964031052645,0.00112217463671208,0.0360964584988594,0.00784776892267189,0.0428100483989532
"img_01984.jpg",0.175754978300245,0.0150530382631694,0.00483433163075887,0.00522247623993804,0.00100279764575872,0.0144153716156073,0.00481000042253999,0.778907005881983
"img_01995.jpg",0.0232658723278266,0.37484665922928,0.0108699634792566,0.349111168475663,0.00100549586870203,0.0878206271885815,0.0282352977185143,0.124844915712176
"img_01996.jpg",0.141547625350275,0.0240558004913953,0.00563394828962868,0.00832318567157013,0.00100450692357367,0.71769592327348,0.0180512081812667,0.0836878018188105
"img_02066.jpg",0.734222018065263,0.166737010090194,0.00800238394921709,0.00666543164872962,0.00101682094978333,0.0600796939015593,0.00540999740300702,0.0178666439922464
"img_02074.jpg",0.925486857143179,0.00640605704578539,0.0100738188009608,0.0101202318027205,0.00101499718821378,0.0332332591045956,0.00523213043458394,0.00843264847996092
"img_02076.jpg",0.0859841711049359,0.78738855034128,0.00647667869755594,0.00603575974117314,0.00100494902279463,0.00765110291851632,0.00496919820138368,0.10048958997236
"img_02096.jpg",0.964552061219573,0.0063279176875714,0.00474953587575124,0.00474954007729773,0.00100274297669455,0.00746658651481964,0.00475722521586692,0.00639439043242591
"img_02124.jpg",0.0708302886709137,0.00981444354884191,0.0195050036227999,0.00574653638800505,0.00102167776404049,0.837625545234869,0.0107515815500671,0.0447049232204626
"img_02172.jpg",0.79546666833256,0.0225504425491481,0.0198129624698267,0.00507879292601363,0.00103000995123638,0.13079114508646,0.00541069585953586,0.0198592828252188
"img_02188.jpg",0.850705901876705,0.0218208225532184,0.00837703462306251,0.00663120915247606,0.00101984740993697,0.0297753654816198,0.013293229892154,0.0683765890108273
"img_02209.jpg",0.128789812321952,0.0132178365013347,0.0185136099604393,0.0118973101135715,0.00102901782882273,0.732556007163586,0.0403557219501906,0.0536406841601039
"img_02252.jpg",0.93183848591457,0.0198538480095375,0.00683632965465219,0.00477509737768082,0.00100276308416984,0.02322174070482,0.00479272807204407,0.00767900718252594
"img_02268.jpg",0.901683280649225,0.0102867073378585,0.00934106002472278,0.0462462607700046,0.00100935287124778,0.00891674493379108,0.00496622840822551,0.0175503650049243
"img_02281.jpg",0.129917709857582,0.0186528431923476,0.0074246691363914,0.816664749321717,0.00100290999488061,0.0142443894649384,0.00504989072069085,0.00704283831145241
"img_02282.jpg",0.00683879791884228,0.00475619987003724,0.00475567808243825,0.00475567923159671,0.00100274915395541,0.00579496642453931,0.0047564391118299,0.967339490206761
"img_02291.jpg",0.965480246316593,0.00674597755624366,0.00475834016177923,0.00475699598848483,0.00100275014094733,0.00516215674738849,0.00475672190664555,0.00733681118191823
"img_02299.jpg",0.603000510170524,0.0946733055290032,0.0116761465765991,0.0165626257397673,0.00100296506469209,0.0664576327354924,0.0123027574186036,0.194324056765318
"img_02318.jpg",0.0402573445057222,0.00534413647887671,0.00492701301881237,0.00490448426141841,0.00100288238451055,0.00612639662396736,0.00521763604549637,0.932220106681196
"img_02367.jpg",0.900063001153707,0.0159259415233032,0.00569034424382536,0.00631018578435345,0.00105541684878851,0.0407181942724051,0.00820608295019886,0.022030833223418
"img_02379.jpg",0.282386416482906,0.0172292901783003,0.00486106520532368,0.00484437534669564,0.0010028302639151,0.0102766930503863,0.00496196114093557,0.674437368331537
"img_02398.jpg",0.845823994121706,0.0325891842869068,0.00564482896395439,0.0126381165731631,0.00100291051118068,0.0525555187831437,0.00491740889316566,0.0448280378667799
"img_02486.jpg",0.726254212432526,0.0308395928221443,0.00787974429498988,0.00488235335006217,0.00100287510625868,0.01033276902075,0.00493882107551005,0.213869631897759
"img_02487.jpg",0.848918226196431,0.0993604342386168,0.0048592739416197,0.00485954874390729,0.00100374968126728,0.0062840646083647,0.00486218579963989,0.0298525167901536
"img_02522.jpg",0.477580857169563,0.014961932059022,0.00501829112239894,0.00668468168987509,0.00101925478631661,0.0170684698527883,0.00638922490691275,0.471277288413124
"img_02556.jpg",0.2019033409834,0.0258545319366997,0.00519787990785365,0.0049567682416382,0.00100298525858028,0.00652240035946421,0.010061650950799,0.744500442361565
"img_02574.jpg",0.367215883637136,0.00647399316664564,0.00785576284002134,0.00695234457102502,0.00114722333566043,0.0150400684080156,0.00653994269235207,0.588774781349144
"img_02602.jpg",0.845839007298128,0.0276971124156847,0.00541687162286625,0.00642447014058868,0.00100744623967215,0.0422085516272795,0.00829212733717262,0.0631144133186081
"img_02625.jpg",0.135138848594577,0.0228597681138833,0.00882605994207518,0.00550203501038949,0.00100817621701651,0.746029764639762,0.00942946758488463,0.071205879897412
"img_02636.jpg",0.481958419844894,0.170465299328559,0.00480056063483238,0.00480053302094744,0.00100304890859068,0.00484095938763225,0.00480062138788923,0.327330557486655
"img_02638.jpg",0.8645469635558,0.0553457469049201,0.00628067313184205,0.0051911622286692,0.00100967512280167,0.0446152067201538,0.0073493599655335,0.0156612123702803
"img_02646.jpg",0.0238133351610955,0.0148407978387624,0.00507348393175839,0.00673911283143814,0.00100284994775967,0.00820329447657182,0.0116928711212191,0.928634254691395
"img_02679.jpg",0.0718416698936569,0.557121276470229,0.0224829784619774,0.010219308870067,0.00111393623615475,0.0110606604107415,0.0160436159388032,0.31011655371837
"img_02687.jpg",0.0679546605450863,0.00576981433862976,0.00600801715589416,0.00489018394081334,0.00100288296741767,0.00719975226811278,0.00488972412657141,0.902284964657475
"img_02699.jpg",0.826161179630245,0.00796997499417139,0.00501210729155191,0.00609136037777466,0.00103489924517323,0.00741203936081884,0.00543145907284503,0.14088698002742
"img_02734.jpg",0.385341578162721,0.0146277579522898,0.0229788394463023,0.00738566122760395,0.00110227951660471,0.0369854926034648,0.00641111321935154,0.525167277871661
"img_02739.jpg",0.96449140189876,0.00731738134393717,0.00481582843494628,0.0048161421150551,0.00100689424946359,0.00481585847057969,0.00481583019257774,0.00792066329468036
"img_02749.jpg",0.251071892943141,0.011707343514908,0.00661706225868929,0.614407313244163,0.0010057423050668,0.0398492483612292,0.00535855268702945,0.0699828446857733
"img_02759.jpg",0.0472116886386535,0.122070096684547,0.04080166456655,0.00520693487338096,0.00100348952599011,0.00630309394958862,0.00585301776850907,0.771550013992781
"img_02766.jpg",0.962775373260749,0.00548499277618962,0.00484999652101826,0.00484321045609503,0.00100552593755385,0.00954218032590176,0.00559311639918729,0.00590560432330532
"img_02769.jpg",0.221357110950762,0.0346928896503301,0.0263112862813142,0.00503264736780623,0.00100282780131798,0.00621488727202265,0.00626608840985034,0.699122262266596
"img_02771.jpg",0.911776250008874,0.0118139757993456,0.00484708868493041,0.00624897642396231,0.00100283704224529,0.0522312079699835,0.00484663148262523,0.00723303258803378
"img_02799.jpg",0.956568974972849,0.0129369524620156,0.00479940500296972,0.00479973083228625,0.00100308490365977,0.00714680704503598,0.00479939463291784,0.00794565014826612
"img_02811.jpg",0.799555610370203,0.007911630584076,0.00747790979621909,0.0120093112336264,0.00100585698642501,0.0525359798321485,0.00492398039491364,0.114579720802389
"img_02834.jpg",0.715683841345148,0.0361534070267028,0.0117220454287223,0.00545979744263528,0.0010064507608133,0.0150835700114163,0.00678692132118375,0.208103966663378
"img_02837.jpg",0.330872526842786,0.435352638793704,0.00584254812236068,0.00550298653027424,0.00100384531701869,0.00772625105358412,0.00813707876753896,0.205562124572733
"img_02838.jpg",0.69423195749103,0.259331441558505,0.0106328176229667,0.00549987235991328,0.0010088725583004,0.00513603144761241,0.00494105475678397,0.0192179522048877
"img_02842.jpg",0.100653552475784,0.0112945583945704,0.0177152707061279,0.00698107385573699,0.00101984222962297,0.778055736373892,0.016321297704358,0.0679586682599078
"img_02876.jpg",0.426358352462373,0.262372729189705,0.0932764087722009,0.00701790801477109,0.00100295695086346,0.00673320190444034,0.0266814505533561,0.17655699215229
"img_02890.jpg",0.599467978063611,0.0122901175197948,0.0147870786509934,0.0286779478767309,0.0010076570984131,0.324222647654617,0.00613349857768333,0.0134130745581564
"img_02904.jpg",0.585344819545205,0.0299919523958633,0.00901710282898247,0.0116909167959087,0.00101141472633727,0.332163965846126,0.00961766231679881,0.0211621655447786
"img_02911.jpg",0.107873743305549,0.0218229112062836,0.009063512399345,0.821635989113831,0.00100289688802801,0.0187402366563297,0.0069641163626749,0.0128965940679587
"img_02920.jpg",0.933059180140086,0.0356853752867034,0.00481044114090228,0.00479546447073554,0.00100278811706478,0.00831207207746287,0.00479501661662014,0.00753966215042447
"img_02956.jpg",0.409131044842694,0.117363784773694,0.00491609500235084,0.00491609203630398,0.00100348887473406,0.00797506116556284,0.0128416493571729,0.441852783947488
"img_02964.jpg",0.0141632595943705,0.010855848589175,0.0211967447747081,0.0048636689328236,0.00100285695444565,0.00699375396798223,0.00486843550066914,0.936055431685826
"img_02974.jpg",0.925889959596159,0.0147449986997057,0.00482989554279984,0.00482976939546975,0.00100768332780137,0.00511718756669372,0.00483769300262431,0.0387428128687466
"img_02977.jpg",0.62831356099604,0.260783978236836,0.00730703314782789,0.00542928578221237,0.00103157694330799,0.0174783142197593,0.00787160309190944,0.071784647582107
"img_02993.jpg",0.00987702470285541,0.00901120549887356,0.0146662916877734,0.00483687689286043,0.00100296237577214,0.00614951598900136,0.0048712989152545,0.949584823937609
"img_03043.jpg",0.0122234713356333,0.00589515996035785,0.0233965418228035,0.0049145110915656,0.00100296917776234,0.012856010349806,0.00903754833640948,0.930673787925662
"img_03055.jpg",0.847305287125873,0.0229628036198961,0.00486732782252112,0.0134736586390574,0.00100285676755273,0.0818073514304604,0.00486351900001899,0.0237171955946201
"img_03069.jpg",0.122709482972397,0.0335358933511885,0.0109173516014125,0.514563045562042,0.00100474219322789,0.0610948556648403,0.0220181710495096,0.234156457605382
"img_03074.jpg",0.925367822405881,0.0221451200400281,0.00487790051432526,0.00508979372607731,0.00100329214484681,0.0146429058517941,0.00487722185681006,0.0219959434602371
"img_03078.jpg",0.868828472709552,0.0355987336416167,0.00485507882946554,0.00515817610057468,0.0010028419844187,0.0699055328197537,0.00484898494829595,0.00980217896632257
"img_03080.jpg",0.948089137926071,0.0171441540201039,0.00507093903106251,0.0053481823988629,0.00100278361675536,0.0101041964958487,0.00480833258906603,0.00843227392222943
"img_03135.jpg",0.131787265440131,0.0378335734625586,0.0070644745932239,0.00500006537707342,0.00100570704680779,0.0120145399152893,0.0123738073790691,0.792920566785847
"img_03140.jpg",0.85596880555039,0.0339951000156745,0.00671236968974096,0.0077672091702659,0.00101024301411416,0.0403577685529758,0.00783776484986305,0.0463507391569758
"img_03181.jpg",0.879283696709238,0.060399597471592,0.00537588305291672,0.00588194352078839,0.00100354335883419,0.0288840806639851,0.00490945407502478,0.0142618011476212
"img_03195.jpg",0.584932628095943,0.0364178021877104,0.00751591798119162,0.00610435643427144,0.00100477300939923,0.14071457549148,0.0114482838659578,0.211861662934046
"img_03199.jpg",0.890666055066762,0.00856338468240592,0.00501015944596565,0.00498741726029877,0.00100675610421296,0.0100270717058751,0.0256073960828385,0.0541317596516409
"img_03210.jpg",0.0101913585355912,0.0172390319536122,0.100482605138019,0.00490408930690971,0.00100289730446475,0.00706417096829714,0.0049393286197247,0.854176518173381
"img_03220.jpg",0.871405889507965,0.0248295952128596,0.00494042639920336,0.00494036278226296,0.00100840550664934,0.0780379656019625,0.00871529817428332,0.00612205681481354
"img_03222.jpg",0.926544117328148,0.033511226346789,0.0049938164493682,0.00689894695396436,0.00101962482687311,0.013480849197399,0.00576864608083877,0.00778277281661937
"img_03223.jpg",0.372503238919582,0.0749129329486059,0.00565215224779816,0.00520511895377579,0.00101049430605688,0.00607394883995251,0.0111654689291326,0.523476644855096
"img_03228.jpg",0.763642664519459,0.0435330060544538,0.0063715147937228,0.0112292039192331,0.001003549488783,0.0204518493934617,0.00492359298316927,0.148844618847717
"img_03229.jpg",0.230185461543457,0.0257915913967362,0.00687633381828579,0.00826831167605873,0.00101921821007726,0.0200858133492946,0.643638774580079,0.0641344954260116
"img_03238.jpg",0.585621572941859,0.0310820331330118,0.00742594131431449,0.00564645605477914,0.00100525163667204,0.0655479053182126,0.279053211385735,0.024617628215416
"img_03239.jpg",0.0102726915273829,0.00580360852743338,0.00490399933562009,0.00501697761409375,0.00100289752282697,0.0123880485241861,0.95288289273372,0.00772888421473633
"img_03252.jpg",0.943777533608458,0.00846307139785102,0.00477788981857798,0.00477164580042607,0.00100276514804875,0.00626999099211448,0.00481534372217472,0.0261217595123493
"img_03254.jpg",0.10382016205314,0.0105478417839531,0.014691073028462,0.00514664469872161,0.00101746984602259,0.798552869554775,0.00960677823979827,0.0566171607951274
"img_03260.jpg",0.852601727500134,0.00821806958152102,0.0140578398234405,0.00829608988072145,0.001006343310524,0.0786336639597831,0.00616649298382421,0.0310197729600513
"img_03261.jpg",0.653529753724484,0.212436937348325,0.00914699692363907,0.00544031221278398,0.00100291531710819,0.0938592690542007,0.00541617535508623,0.019167640064373
"img_03270.jpg",0.0416933774335834,0.0082953010056742,0.0148139805598106,0.00868678651605262,0.00100587271329355,0.0117132729759029,0.0123755053770593,0.901415903418624
"img_03283.jpg",0.182955916347117,0.0405237545576468,0.00988665509358858,0.00706423221781367,0.00100289068642541,0.00609239663019367,0.00489796293200723,0.747576191535208
"img_03290.jpg",0.157614964057652,0.0131850101979487,0.00529511270331306,0.00492517359932139,0.00100291782811909,0.0558648504632995,0.00694698342354904,0.755164987726797
"img_03297.jpg",0.875409281224485,0.0287117140059626,0.0301235733327026,0.00686530633143942,0.00100547555034901,0.0434031635619091,0.00679792086841607,0.00768356512473627
"img_03310.jpg",0.730156973447733,0.163403882550121,0.00494753997775621,0.00618124872793765,0.00100420643128233,0.0791244830264017,0.00502868090822377,0.0101529849305448
"img_03312.jpg",0.636571637262099,0.118240207754779,0.00483871394970462,0.00483707539523062,0.0010028280022551,0.0172150774475608,0.00484133633180393,0.212453123856567
"img_03324.jpg",0.0220382904756955,0.00538216073426348,0.0355831736948585,0.00487195762975215,0.00100286519743892,0.00684976615627455,0.00487189423449515,0.919399891877222
"img_03333.jpg",0.352372680106562,0.0122677165868502,0.00670535770996821,0.0108498291550001,0.00104361718399613,0.538464521756248,0.0151136464803366,0.0631826310210384
"img_03342.jpg",0.115472708596633,0.0920064113610631,0.0112480734831309,0.0119464359911632,0.0010610826127572,0.135088188930298,0.049610236810095,0.58356686221486
"img_03346.jpg",0.807267378729879,0.0714798748277778,0.00529056029841079,0.00675403399396757,0.00101858233687193,0.0921033893976644,0.00877069518465493,0.00731548523077337
"img_03355.jpg",0.693481112441351,0.0120685464067874,0.0116841399601687,0.00705478809672883,0.00100737582916981,0.0325953763622023,0.0968977557275511,0.145210905176041
"img_03370.jpg",0.816590189360395,0.00852195909351322,0.00729950508796024,0.00498441948141644,0.00100323037178545,0.00640251762894146,0.047756846856877,0.107441332119111
"img_03399.jpg",0.416482490617764,0.0141332685913675,0.00670583447695915,0.00499504178745766,0.00101480365834026,0.535558401661409,0.016025241394485,0.00508491781221778
"img_03439.jpg",0.24749306209798,0.0323237747304522,0.00749800051950943,0.602104862651413,0.00100418442830047,0.0497798992530829,0.005535639191631,0.0542605771276304
"img_03440.jpg",0.0224167555902599,0.00949326811137646,0.0149164225890845,0.00481264476545785,0.00100280081378903,0.00609625777780839,0.00482644237598118,0.936435407976243
"img_03444.jpg",0.905079655995631,0.0553215360950762,0.00481552092353343,0.00480411929913327,0.00100279743956845,0.00669981538671091,0.00480499960868524,0.0174715552516614
"img_03446.jpg",0.00615116649934812,0.0286324499533576,0.788936954465822,0.00506192556904124,0.00100302217640669,0.0054244072557699,0.00674136089961461,0.15804871318064
"img_03452.jpg",0.0898936325102906,0.866864533921226,0.00483440902359575,0.00483436114375299,0.00100282770037833,0.00524290361069334,0.00484156069553707,0.0224857713945258
"img_03488.jpg",0.764217750341161,0.174863533643136,0.00627903377687167,0.0158881456104351,0.00100282714657974,0.0171432301307756,0.0048345201162791,0.0157709592347627
