"image","ALB","BET","DOL","LAG","NoF","OTHER","SHARK","YFT"
"img_00007.jpg",0.0421655210516832,0.0165871992539478,0.00519132614536132,0.00494844963676568,0.00100090572529323,0.00290948603619468,0.00290884206649377,0.92428827008426
"img_00009.jpg",0.751692813889985,0.0752571638580851,0.00290675082988827,0.00313038653762092,0.00100089310210488,0.157951256425549,0.00309741710673213,0.0049633182500352
"img_00018.jpg",0.846438410094573,0.0340718116186341,0.00366225829363212,0.00931671649379257,0.0010010493766299,0.0957291069169706,0.00293257536657862,0.00684807183918891
"img_00027.jpg",0.156005280833392,0.0265487938334866,0.00507524826876512,0.00335298190036346,0.00100717438108784,0.159015667657711,0.0128974694100577,0.636097383715136
"img_00040.jpg",0.148239284239457,0.00846033975143197,0.00301688457640925,0.00325919392436054,0.00100750648310881,0.00795897660035889,0.784828071013573,0.0432297434112999
"img_00053.jpg",0.897682643153787,0.0155727723308964,0.0110153145520809,0.00382265734624661,0.00100715774116346,0.05814617710175,0.00307250047901289,0.00968077729506278
"img_00071.jpg",0.03500632969727,0.00489064395569666,0.00292868549992861,0.94601241682927,0.00100089071042853,0.00408205022236454,0.00287678539383167,0.00320219769121028
"img_00075.jpg",0.884545141956485,0.015569390206584,0.00321503017425293,0.00582424124261212,0.00101366162311742,0.0818670954471303,0.00440868020497288,0.00355675914484514
"img_00102.jpg",0.493504588516399,0.0202091979563934,0.00386051351357385,0.00329736487369534,0.00100148199418342,0.0137855622661401,0.00877582860629948,0.455565462273315
"img_00103.jpg",0.828635661398445,0.0393512232606897,0.0715497413131665,0.00330162971911607,0.00100089170468469,0.0399909892027097,0.00289481638838173,0.0132750470128069
"img_00109.jpg",0.976592453599886,0.00290339996647535,0.00287693302679521,0.00287661760786487,0.0010009413109172,0.00494737646213058,0.00314472653863592,0.00565755148729456
"img_00120.jpg",0.780108045240663,0.0139087105362186,0.00369768651717746,0.00379124280433613,0.0010029165183657,0.0149337957938297,0.0957500017987737,0.0868076007906361
"img_00125.jpg",0.77155095193176,0.0092263631559057,0.00554449421458281,0.0106130445577859,0.00100096101330943,0.021385638503974,0.00557399889291163,0.17510454772977
"img_00128.jpg",0.00789543996517488,0.0810423048517262,0.46686714239394,0.00290506904282104,0.0010015536163454,0.00390792123444423,0.00355910445342918,0.43282146444212
"img_00129.jpg",0.156324076178425,0.00806845719698061,0.00372390149541245,0.00357655306494544,0.00100857093173903,0.0077868136710276,0.788674867675748,0.0308367597857221
"img_00138.jpg",0.451748660363454,0.522147258279805,0.0049249202627175,0.00568277801480878,0.00100240952437387,0.00682165665455871,0.00345601457855525,0.00421630232172693
"img_00141.jpg",0.00482403541720248,0.00505862161754265,0.00722795237026271,0.00287537542503804,0.0010008726453359,0.00329290991644539,0.0028753805699736,0.972844852038199
"img_00152.jpg",0.0341971134870301,0.0189378746543621,0.00345187290420221,0.00299799003806337,0.00100215817773446,0.00582605991741746,0.00400963293818901,0.929577297883001
"img_00161.jpg",0.00439579073849874,0.0028515021340696,0.0028515021150633,0.00285150211447068,0.00100084878237523,0.00289238506582236,0.00285150211768656,0.980304966932014
"img_00170.jpg",0.186385031110384,0.00394370600615372,0.00336928102832499,0.763647106494325,0.00100184969087653,0.0158617368739977,0.00313174595869075,0.0226595428372473
"img_00171.jpg",0.687575621570034,0.01776163298637,0.0785239088066126,0.0492206527550114,0.00100918810498664,0.154234139057194,0.00351820910393287,0.00815664761585807
"img_00175.jpg",0.75330917548828,0.010993501873038,0.0073516186878171,0.0214051850288853,0.00100343799300969,0.196381803171271,0.00315317284138192,0.00640210491631678
"img_00180.jpg",0.0158542035936148,0.00388834832886503,0.00444127533662577,0.00407007658275247,0.00100153240899201,0.00432534622392826,0.00445243914884282,0.961966778376379
"img_00212.jpg",0.480598874581563,0.00395226745771008,0.0029565945801242,0.0702302121296158,0.00100086329725164,0.00341527431713924,0.00286500066009324,0.434980912976503
"img_00223.jpg",0.847385616492839,0.00740652294840201,0.0909772632938687,0.00792461017623958,0.00100100389911087,0.0266279776930045,0.00423456260910631,0.0144424428874292
"img_00230.jpg",0.76567108372487,0.114672133238269,0.00294147527657923,0.00305768392409567,0.00100089987702499,0.101130312151698,0.00291021613657153,0.00861619567089111
"img_00232.jpg",0.00548941553451319,0.00333309161661022,0.0028856299195238,0.00292883486166892,0.00100088303577111,0.00530974319603285,0.974215610473663,0.00483679136221663
"img_00244.jpg",0.804649478271662,0.0305326746030065,0.00345023536955098,0.00351070497695135,0.00100094872713771,0.0392046114480658,0.00351554026572397,0.114135806337901
"img_00280.jpg",0.968098198164024,0.00293677639559735,0.00533569785469046,0.00293233628304311,0.00101707466567511,0.00315319537097656,0.00336372963167434,0.0131629916343194
"img_00282.jpg",0.775327934794495,0.0198777986742527,0.0105779203360692,0.0608017807936476,0.00100756846597256,0.120978363132765,0.00351258876072105,0.00791604504207745
"img_00285.jpg",0.491636583000668,0.0120458935742695,0.00458214097242195,0.00318024012709007,0.00100905030541587,0.00801435762646894,0.0153008226683034,0.464230911725362
"img_00292.jpg",0.651198296038738,0.0829420350954177,0.0033567898749158,0.00474505630364017,0.00100750312132239,0.0623559168924926,0.01443263661603,0.179961766057443
"img_00302.jpg",0.17785972101776,0.00799705831848107,0.00303755096147666,0.00324836432824421,0.00101681057615352,0.00816962334676491,0.767576862155057,0.0310940092960628
"img_00311.jpg",0.981383440883034,0.00290742459251003,0.00284976407679207,0.0028523957194507,0.00100161747107549,0.00284995836468804,0.00284974993518597,0.00330564895726409
"img_00320.jpg",0.978927558744205,0.00411481740979123,0.0028661274949346,0.00286612739197248,0.00100130465116017,0.00381885736858664,0.00286612740834157,0.00353907953100821
"img_00331.jpg",0.944120988223998,0.00462119693866653,0.00302540668270548,0.00293326691276109,0.00100507852714597,0.0201132914958687,0.00676718697972534,0.0174135842391292
"img_00358.jpg",0.597507035443562,0.0136205921804732,0.00297707290228415,0.00295591296861419,0.00100134555992085,0.0284262065843152,0.0148611304236698,0.33865070393716
"img_00374.jpg",0.620740458998073,0.0600886805490227,0.00313318031988532,0.00337616697041829,0.00100092349205572,0.00452312980874684,0.00294590561306789,0.304191554248731
"img_00375.jpg",0.0564615940457938,0.0359495008011854,0.836092462817824,0.010443363536609,0.00100154747053026,0.0245777672888163,0.00707854555211737,0.0283952184871236
"img_00376.jpg",0.9457273572956,0.00657031323522588,0.00706323381399633,0.00295763017479206,0.0010021685179502,0.0143719692816193,0.0130991783518716,0.00920814932894456
"img_00380.jpg",0.967689709526889,0.0049583080898726,0.00345784998049964,0.00374753724443783,0.00100127651852346,0.0128903820059325,0.00291752161234642,0.00333741502149867
"img_00383.jpg",0.979058428616244,0.00438942420946038,0.00285523887838543,0.00287980922591978,0.00100095951223105,0.00339735731665537,0.00285523660154298,0.00356354563956131
"img_00398.jpg",0.961419532464707,0.00463585580595328,0.00287182302247221,0.00287224004912816,0.00100281873454739,0.00293152756415263,0.00287182868190659,0.0213943736771325
"img_00407.jpg",0.964901132275511,0.0053798188572513,0.003569219279162,0.00493955028920586,0.0010009248732447,0.00794903401527548,0.00288779892146789,0.00937252148888131
"img_00417.jpg",0.152723038893484,0.00477701600947273,0.00284664412290723,0.0138564337272054,0.00100084273245277,0.00284556388568853,0.00284606465409087,0.819104395974698
"img_00442.jpg",0.00347800596088635,0.00296782389775763,0.00284407761540631,0.0028440775961106,0.0010008413388296,0.00291671150664332,0.00284408158457062,0.981104380499796
"img_00446.jpg",0.943112697363955,0.00801748299105403,0.00312848988101483,0.00554208908480603,0.00100160520713155,0.0157449279056612,0.00309876333337426,0.0203539442330034
"img_00469.jpg",0.914160994218439,0.00619436712981577,0.00349606769988223,0.00293149373710029,0.00100145943371321,0.00883077564991679,0.00336747625614197,0.0600173658749906
"img_00473.jpg",0.967055356453067,0.00912793264540625,0.00288859720939318,0.00289250966171004,0.00100275583900877,0.00299586930974367,0.00289991084571521,0.0111370680359563
"img_00483.jpg",0.920327319989753,0.0587586635956658,0.00287928463817675,0.00288202730307597,0.00100093345950642,0.0036907410986321,0.00293254936601783,0.00752848054917212
"img_00484.jpg",0.177388739679073,0.0577203821772879,0.00604181931387736,0.0158993815663879,0.00100096718536518,0.00844820308664064,0.00317568268652812,0.73032482430484
"img_00486.jpg",0.939930667149718,0.0265651793540948,0.0146647434582405,0.00616591885436912,0.00100746747300867,0.00399462817106433,0.00426817551154344,0.00340322002796087
"img_00518.jpg",0.961563352080582,0.00294643205555642,0.00292736288122087,0.0029534158877384,0.00102195542964006,0.00292860704589394,0.0029266441698101,0.0227322304495583
"img_00533.jpg",0.57086739012914,0.0104107428771554,0.00364659019867176,0.00312791199825011,0.00100215054367915,0.00691626899983715,0.0109295979308964,0.39309934732237
"img_00538.jpg",0.796222122652693,0.128674026063383,0.00304943094707066,0.00303416315112525,0.00100092996826721,0.00481602228676769,0.00295272924014451,0.0602505756905488
"img_00543.jpg",0.981302710846595,0.00286192100310659,0.00284916915348805,0.00284932775764217,0.00100111195157607,0.00288857821894468,0.00284916021605793,0.00339802085258968
"img_00550.jpg",0.108712589832246,0.0191745817909281,0.0516773606833512,0.0209430881307809,0.00106613861748108,0.778863715793473,0.0052356476480254,0.0143268775037139
"img_00551.jpg",0.887637320648219,0.00599213255371664,0.00377275222518381,0.00558005809803,0.00100202568153543,0.0547096165862281,0.0189448415383442,0.0223612526687424
"img_00575.jpg",0.952137696700955,0.00511472617180281,0.00316059633420651,0.00317309023048559,0.00100813203512981,0.0111282012975435,0.00730862245889376,0.0169689347709833
"img_00582.jpg",0.937967515188375,0.0162160641301983,0.00434969410611009,0.00361355627716602,0.00103731622857113,0.0186169468085373,0.00361290103799738,0.0145860062230452
"img_00584.jpg",0.897894480203132,0.00317979926815774,0.00376166145839684,0.00488702107335701,0.00102850788038555,0.0816001071928594,0.0030444776164279,0.00460394530728355
"img_00587.jpg",0.059413988741996,0.014482019363908,0.00414862764268297,0.00302942125601947,0.00100262181236104,0.0272050872505992,0.0137029841501761,0.877015249782257
"img_00590.jpg",0.115845579295328,0.0250930162582513,0.00917238696861669,0.0032079960754715,0.00100317846100072,0.011424587877426,0.0190821804163122,0.815171074647594
"img_00591.jpg",0.0461362836271086,0.00457547514485523,0.00294386209346911,0.00289148978930998,0.00100088865649814,0.0167658092020756,0.00348360444225176,0.922202587044431
"img_00598.jpg",0.9376996388111,0.0218924702761679,0.00397287329790182,0.00991773003023199,0.00100535973842434,0.0132372124913779,0.00392797730822471,0.00834673804657129
"img_00599.jpg",0.851288566899632,0.0197398671086581,0.0061474534085584,0.00380807738291764,0.00100507617559835,0.0060314758558107,0.02262290555813,0.0893565776106948
"img_00612.jpg",0.825353159344214,0.00323035661952722,0.0034775045186352,0.00315757617629383,0.00100741372454095,0.129632629854853,0.0120968764662257,0.0220444832957103
"img_00620.jpg",0.802432937244427,0.00890088703970332,0.155871042297268,0.00385075241406326,0.0010030836391801,0.0163108460882953,0.00365721144457194,0.00797323983249172
"img_00642.jpg",0.0345345966089279,0.0100868304816171,0.0032150765911464,0.93951781809625,0.00100087637204287,0.00504616520359206,0.00287887295582346,0.00371976369059985
"img_00646.jpg",0.00665169824703139,0.00457904191879313,0.00456688997893327,0.0028567136069395,0.0010008539647103,0.00387102791628853,0.00290543682834,0.973568337538964
"img_00648.jpg",0.981266837874377,0.00295462117903235,0.00285160006445078,0.00285209587438381,0.00100146737799555,0.00289959734633534,0.00285160020653602,0.00332218007688926
"img_00650.jpg",0.0994502771823135,0.0135232618092722,0.00556085033848726,0.00491381105263588,0.00100561289060728,0.345912643972661,0.519666726327157,0.00996681642686635
"img_00664.jpg",0.847796032537015,0.0257410076412855,0.00302076164553365,0.00292783375356195,0.0010010321187975,0.00425774382606012,0.00415819583838075,0.111097392639366
"img_00697.jpg",0.00344767453171834,0.00284188395057998,0.00310843075697762,0.00284186307080448,0.00100083914377093,0.00284186307337593,0.00284188096735046,0.981075564505422
"img_00708.jpg",0.694618317628688,0.0170741115245544,0.00489881121544177,0.00651279218345056,0.00100507914092532,0.197552700875849,0.0509505130201342,0.0273876744109563
"img_00716.jpg",0.140433949386579,0.270312176463945,0.00569958167170498,0.00544500110187373,0.00100390429543785,0.460610811279146,0.0205668839427032,0.0959276918586101
"img_00717.jpg",0.514330417338274,0.175459316986994,0.00464209903765909,0.00642269630211026,0.00100095616676009,0.281991382505059,0.00968271285564019,0.00647041880750233
"img_00718.jpg",0.963646534127148,0.00291690642663449,0.00316538504983486,0.00351619276464501,0.0010008743523216,0.00953909797902078,0.00287802179881527,0.01333698750158
"img_00724.jpg",0.0702715648539421,0.00387159398920306,0.00446238058616468,0.00364002729276898,0.00100913172126444,0.0164308479131882,0.122287689671766,0.778026763971702
"img_00726.jpg",0.98120556834178,0.00286505162524025,0.00285097648003492,0.00285097454690498,0.00100084823037419,0.0029753455758182,0.00309985220504946,0.003151382994798
"img_00730.jpg",0.0165247665569953,0.00497098074176352,0.00335446012811711,0.00291425441408022,0.00100115352631334,0.00487428757441655,0.00757756052710707,0.958782536531207
"img_00757.jpg",0.93394183876062,0.00457813402759672,0.00393689717612265,0.0107285873551873,0.00100152171555306,0.0358245056941085,0.00311487254044285,0.00687364273036909
"img_00760.jpg",0.0650623718993196,0.00734999121620601,0.00304360166327783,0.909215080101502,0.00100178743342375,0.00587477967744014,0.00326623648948142,0.00518615151934961
"img_00764.jpg",0.00369874907455643,0.00805654885877627,0.00544932270055148,0.00286207426929034,0.00100085898809675,0.00286277245107295,0.00286185501584421,0.973207818641812
"img_00765.jpg",0.0347107608342827,0.447252616281024,0.00336181139470108,0.0175716036794381,0.00100138155414427,0.18525733118355,0.00718325459343689,0.303661240479423
"img_00772.jpg",0.0616238040421462,0.00548258210576939,0.206188776384131,0.00288944939688889,0.00100088677877298,0.159454733261981,0.00333785006813756,0.560021917962173
"img_00777.jpg",0.309843961581028,0.0153949887442513,0.00543978663208321,0.00302427805443215,0.00100538446962409,0.655009444722375,0.00732132339975903,0.00296083239644793
"img_00780.jpg",0.00569564177121296,0.00332519108567332,0.00610254343744133,0.00288268717457732,0.00100087964474864,0.0317527384972646,0.0290893169365505,0.920151001452531
"img_00798.jpg",0.921301337101385,0.0303330163523551,0.0037485513973999,0.025298722535853,0.00100733851040631,0.00532633263438114,0.00373056654336333,0.00925413492485609
"img_00808.jpg",0.835900392876582,0.130781613738946,0.00329172372888086,0.00325215135736531,0.00100089228641374,0.00486600575353832,0.00289525331932306,0.0180119669389509
"img_00816.jpg",0.97733865082174,0.00308626554358577,0.00290954619787094,0.00288909674222105,0.00100354480022839,0.0032409125059524,0.00392513203619646,0.0056068513522049
"img_00833.jpg",0.728996040030165,0.0239519156885648,0.00519503567084693,0.00412451110648794,0.00100340211819695,0.128060461345534,0.0461873222227688,0.0624813118174354
"img_00837.jpg",0.915172055382267,0.00930060914575768,0.00359355145608859,0.00373480811456221,0.00100499786277501,0.0581187931362804,0.00306835564592401,0.00600682925634516
"img_00855.jpg",0.800003231774473,0.0182342227328066,0.00638018559012994,0.00350009834479311,0.00100606882945646,0.0908365325455453,0.0102541015849378,0.0697855585978583
"img_00857.jpg",0.980219610087532,0.00414669020333191,0.00287795802376387,0.00287795683639497,0.00100279879069722,0.00294572551802535,0.00287795685564712,0.00305130368460782
"img_00858.jpg",0.958172199741977,0.00603237211084091,0.00289303141063222,0.00303181570442148,0.00100143291533941,0.0158369130608455,0.00424714601027755,0.00878508904566612
"img_00865.jpg",0.757900381649653,0.204812675601992,0.00289981706366543,0.0028856653891992,0.00100088030632387,0.00646052688978524,0.00487299257940516,0.0191670605199756
"img_00902.jpg",0.00477937093612164,0.00311332538634684,0.00289162161466942,0.00307474480915291,0.00100099498131787,0.00514068688123138,0.976599512746625,0.00339974264453467
"img_00914.jpg",0.00344048257674184,0.00306203069739071,0.00283853837970223,0.00283853837968212,0.00100083584303458,0.00283853837970457,0.00283853837985002,0.981142497363894
"img_00921.jpg",0.772099900544376,0.00339949067104125,0.00582680938113969,0.00401316138240732,0.00101530253971423,0.0642664978291538,0.100072876881556,0.0493059607706119
"img_00927.jpg",0.115530020086321,0.0321436571256634,0.00654538603635991,0.00328844664661313,0.00100284001807463,0.0159553526214941,0.0199362325407543,0.80559806492472
"img_00943.jpg",0.880622644184921,0.0982177180941361,0.00286686495946201,0.00286733628935248,0.0010008641248676,0.00303595297088258,0.00286766383030447,0.0085209555460738
"img_00959.jpg",0.975288131404047,0.00290193705121899,0.00285943198009517,0.00285938474108845,0.00100358742847522,0.00615518626185904,0.00303507730059808,0.00589726383261808
"img_00962.jpg",0.00475872610266618,0.00303583528301646,0.00589078120371324,0.0028606283076651,0.00100085788611069,0.00310753195411415,0.00286064368449499,0.976484995578219
"img_00964.jpg",0.00350961735739725,0.00711098223570521,0.959705421076967,0.00335034014181493,0.0010008832407822,0.00350827350441451,0.00298748211433056,0.0188270003285886
"img_00979.jpg",0.00696676691946474,0.00287546923804824,0.0148108618481739,0.00287545748254177,0.0010008726955392,0.00415114211478187,0.00289678598047771,0.964422643720973
"img_00985.jpg",0.582599682769856,0.0888229746301207,0.00304198632226422,0.00399168758909476,0.00100575545537266,0.0456607245843517,0.0135005106994896,0.261376677949451
"img_00999.jpg",0.683658319289344,0.00799137681891916,0.00312128169919608,0.00295520059171169,0.00100124200085998,0.00725616068756014,0.219616137639988,0.0744002812724214
"img_01022.jpg",0.951514596944372,0.00390791734886502,0.00388665389745239,0.00495675874820237,0.00101157579292876,0.0236169940976797,0.00338924930454715,0.00771625386595271
"img_01031.jpg",0.72657418730436,0.00357285440892464,0.0107685839258553,0.00377853828768591,0.00100584132191516,0.243506060074584,0.00676655005094035,0.00402738462573478
"img_01035.jpg",0.316041008548623,0.0074774787037332,0.00519282928224611,0.00360585862201624,0.00100268569288797,0.655570900480367,0.00810884511810183,0.00300039355202432
"img_01059.jpg",0.0322308307981434,0.013576799428723,0.00344491067019782,0.00366544577170401,0.00100124983272014,0.0214513152262715,0.0086001117328057,0.916029336539434
"img_01103.jpg",0.0145726087314716,0.030588284880654,0.00361996874398635,0.00487657002304201,0.00100089597696135,0.00346782876891754,0.00682206516962086,0.935051777705346
"img_01116.jpg",0.844108692298242,0.0784351915126717,0.00906718021621476,0.00443600325779508,0.00100094800391981,0.047655222389974,0.00528134357313969,0.0100154187480432
"img_01134.jpg",0.955175364587364,0.00302739694306358,0.00703334462016149,0.00579089880031659,0.00100091108055394,0.0146215202258952,0.0030530329703384,0.0102975307723068
"img_01179.jpg",0.971801581923494,0.00315193685581942,0.00375227321238474,0.00426178719269292,0.00100318899886539,0.0100786539160163,0.00290875706338192,0.00304182083734571
"img_01188.jpg",0.0964814570911702,0.545226753471641,0.00389125959578377,0.00938624698648649,0.00100207303898274,0.17060324434302,0.00573860423655607,0.167670361236359
"img_01211.jpg",0.96980350293629,0.0142026103351242,0.00286421465375676,0.00286719343296544,0.00100262544776,0.0028642197177818,0.0028642094335594,0.00353142404276255
"img_01213.jpg",0.624822177131899,0.332704275606492,0.00330231565723531,0.00621845532326339,0.0010034362776935,0.0165963928037493,0.00293608982116191,0.012416857378506
"img_01222.jpg",0.710888715414192,0.079022151971298,0.00387546153116083,0.0212144161965737,0.00100096336890196,0.0234694735344337,0.0121172350569737,0.148411582926466
"img_01224.jpg",0.0169440976935888,0.0486779842856816,0.0922089472131837,0.00292159404491987,0.00100091862369148,0.00406487710873278,0.00322258670895393,0.830958994321248
"img_01253.jpg",0.00444593194485509,0.00283728175726378,0.00283728174128787,0.00283728174106531,0.00100083459059626,0.00283728174105722,0.00283728174823257,0.980366824735642
"img_01286.jpg",0.171443312643641,0.00654666218396456,0.00344838110487382,0.00485821592562642,0.00103492127696842,0.00681055649779603,0.00307751211431268,0.802780438252817
"img_01289.jpg",0.0409858700203947,0.0272093253178209,0.00302894698941122,0.00391492643901121,0.00100104432353416,0.0253285203441027,0.00937428407349414,0.889157082492231
"img_01328.jpg",0.740613500033766,0.230557614947361,0.00303022570619445,0.00502860289860436,0.0010014411011759,0.0067956070928159,0.00289207752448208,0.0100809306955995
"img_01366.jpg",0.386053073118186,0.0105837140722869,0.00851699529708465,0.0169012635798006,0.00100253496245903,0.565411270039218,0.00348366504074938,0.00804748389021499
"img_01371.jpg",0.964072157292161,0.00321151097530803,0.0031188389388339,0.00294521601546541,0.00102016299083663,0.00320214010998004,0.00346561534106689,0.0189643583363476
"img_01379.jpg",0.940208933675326,0.00994097525122375,0.00859209300431688,0.00365331495102289,0.00100164957277505,0.0122988093157682,0.00314360540337708,0.0211606188261904
"img_01384.jpg",0.30316303549306,0.0106136024751595,0.0584530330848006,0.0111317411183931,0.00105529893227613,0.594044858694385,0.00381020752292778,0.0177282226789973
"img_01388.jpg",0.883889028830126,0.0660791600971497,0.00312488964154369,0.00292082220605282,0.00100210165775114,0.0326235774437416,0.00292240487342737,0.00743801525020777
"img_01392.jpg",0.00366938160975341,0.0112364933502616,0.917989686025619,0.00327319465688592,0.00100109954874191,0.00318430778664916,0.00323243143977955,0.0564134055823092
"img_01399.jpg",0.00466243301571253,0.928621451395293,0.00792585144718728,0.00293087115314267,0.00100088160756159,0.00451409122967285,0.00288439995642238,0.0474600201950076
"img_01404.jpg",0.970698711882628,0.00722885770455795,0.00299065250617416,0.00529824648654975,0.00100159796233421,0.00550481731695403,0.00288838153467344,0.00438873460612867
"img_01405.jpg",0.866625626129462,0.0143973811810567,0.00339964349444425,0.00560217173179062,0.00100647979846225,0.102592422824405,0.0032576586622814,0.00311861617809758
"img_01413.jpg",0.978122995241027,0.00294643166055326,0.00297931050482852,0.00351602642691847,0.00101067816712663,0.00497386383030978,0.00306495677249096,0.00338573739674591
"img_01426.jpg",0.0431238773542382,0.185670216102841,0.0036478360172531,0.002910336457947,0.00100090770229203,0.00456010498954359,0.718082728542202,0.0410039928336839
"img_01441.jpg",0.00443771754835353,0.00285107030884647,0.00298424701055597,0.00285105997228791,0.00100084832748079,0.0031062043276434,0.00285107688771084,0.979917775617121
"img_01444.jpg",0.154064655414832,0.00480137546978266,0.00322663658699011,0.00623151200847173,0.00100094770519956,0.0100000059383369,0.0556123668576997,0.765062500018687
"img_01490.jpg",0.00481679978350826,0.00367618365843376,0.0200212219881186,0.00287388216691874,0.00100087109092658,0.00310913297245677,0.00293278783565171,0.961569120503986
"img_01495.jpg",0.722976712755307,0.0140516308798303,0.00315149724529809,0.00329228875568913,0.00100089855750094,0.00885040582070054,0.00290304190155881,0.243773524084115
"img_01511.jpg",0.962355947675316,0.0116891730090554,0.00519943996973074,0.00423504189727049,0.00100141481988761,0.00841353360936433,0.00350369327017153,0.00360175574920403
"img_01519.jpg",0.275589287433746,0.0212234963037689,0.00447496055116173,0.00601716399228017,0.00100360728410741,0.163778253480325,0.412466980852732,0.115446250101879
"img_01530.jpg",0.972436487852347,0.0043715189019022,0.00298293307968633,0.00341410072491492,0.00101642735378663,0.00355329648821911,0.00295000284336345,0.00927523275578022
"img_01537.jpg",0.80954777585887,0.00366942276334082,0.0452329102831813,0.00293980946050782,0.00100820857732252,0.121104079775537,0.00342007408029448,0.0130777192009455
"img_01538.jpg",0.950487496644269,0.0107800141925471,0.00296757685797583,0.00287494682379967,0.00100091787440015,0.0154473285495943,0.00295756077545396,0.0134841582819601
"img_01543.jpg",0.979987255906408,0.00303044793766061,0.00288930605453922,0.00322303918526505,0.00100800853251819,0.00288907228075076,0.00288871428049007,0.00408415582236778
"img_01548.jpg",0.945791697677469,0.00300597059976497,0.00397812303387332,0.00291638013257015,0.00100602574676961,0.0335583903553897,0.00301133718745036,0.00673207526671297
"img_01552.jpg",0.981353129547141,0.00305451354604707,0.00285225045271383,0.00285225045085371,0.00100128560935934,0.00315638724773263,0.00285225070634451,0.0028779324398077
"img_01562.jpg",0.713030876790967,0.00930970346041038,0.00630396598558713,0.00399901574579642,0.00100556763233526,0.0196414861067067,0.103535433658411,0.143173950619787
"img_01571.jpg",0.929138062803845,0.0494705889000597,0.0028661193716251,0.00286611991020031,0.00100086344028222,0.0028670279335793,0.00318387071543749,0.00860734692497051
"img_01593.jpg",0.293645465479518,0.377612829636053,0.00569473467943234,0.0035434069954362,0.00100151042034895,0.0357881700554278,0.0220068591479971,0.260707023585786
"img_01616.jpg",0.845601493116799,0.122979354511974,0.00293732646400939,0.002944133107577,0.00100637530654548,0.00367661418726005,0.00311477718810129,0.0177399261177339
"img_01618.jpg",0.948600948361205,0.0046821456188648,0.00289082652214172,0.00350023377775476,0.00100174316638702,0.033376981611583,0.00292053057937324,0.00302659036269044
"img_01627.jpg",0.843179054691121,0.122962711285397,0.00290829777611352,0.00305907100047609,0.00100090077704935,0.015779186181183,0.00291025419237097,0.00820052409628925
"img_01633.jpg",0.924760055199994,0.00399499489668706,0.00332348353897356,0.00355063716109898,0.00100539569675575,0.0321340783780181,0.00873959216322686,0.0224917629652455
"img_01640.jpg",0.981506104184774,0.00286156435062537,0.00284564528129915,0.00284571036560499,0.00100152558319626,0.00286282006292132,0.00284564326790714,0.00323098690367208
"img_01646.jpg",0.957510871646805,0.0202896354495011,0.00288603551326577,0.00291734986255346,0.00100095225159353,0.00701921829857038,0.00288631922724249,0.00548961775046877
"img_01649.jpg",0.949700302894123,0.00606551676330737,0.00404805283198761,0.00569485574398053,0.00104950964524114,0.0142250326148723,0.0134391947427472,0.00577753476374054
"img_01669.jpg",0.0529210241810603,0.0104951253404453,0.00325391412643646,0.916583654760659,0.00100239237827235,0.00596710444601603,0.0037379083981227,0.00603887636898835
"img_01681.jpg",0.13849314240474,0.00573756080675897,0.0029557626181516,0.00291967461328989,0.00100339681083174,0.00635285864005059,0.00436806506710711,0.83816953903907
"img_01684.jpg",0.933864704715357,0.0135658638579959,0.00307301520590129,0.00783384458670372,0.00100093383259333,0.0129663396774934,0.00293759242219395,0.0247577057017615
"img_01687.jpg",0.724592056257867,0.00401388019896629,0.00366339806224439,0.00291921010846165,0.00100094383385074,0.00352429840767443,0.00542317201397214,0.254863041116964
"img_01688.jpg",0.0388939635033271,0.0306471398709838,0.00307610048038651,0.00410892070174981,0.00100103959616187,0.0234655177762721,0.00805330003838839,0.89075401803273
"img_01689.jpg",0.00635541075564673,0.00358301335977793,0.0121125469900766,0.0028923394996508,0.00100088953348187,0.0128058075621355,0.00384898797550428,0.957401004323726
"img_01724.jpg",0.949274016322099,0.00304950606675674,0.00784220381230653,0.00294015340485738,0.00100944864780729,0.0120806513186476,0.00366392385034501,0.0201400965771801
"img_01745.jpg",0.812987736082997,0.115675084661544,0.0266891764337046,0.0111602872737086,0.00101837299516437,0.0206060648519425,0.00444004936845964,0.00742322833247904
"img_01771.jpg",0.945044797731742,0.016184015043834,0.00341727140429641,0.00485331850029055,0.00100116750438003,0.00688900364463202,0.00292391605559492,0.0196865101152301
"img_01773.jpg",0.784723546608143,0.00902752475191719,0.00409862204707391,0.00312938017798887,0.00100170543866387,0.00567130468366351,0.0373429628624884,0.155004953430061
"img_01824.jpg",0.727239742435819,0.00364715142666107,0.00458402942240165,0.00391796983476414,0.00101192330636851,0.226275379685699,0.0143717031168379,0.018952100771449
"img_01831.jpg",0.147251339403384,0.00315127192739679,0.00370158301226708,0.795249751183726,0.00100135897164321,0.0179515675765105,0.0033251608680978,0.0283679670569746
"img_01834.jpg",0.0146208182209806,0.00379044718723844,0.14197620563341,0.00303584657512227,0.00100089498983817,0.00372741907376929,0.00289780895082111,0.82895055936882
"img_01847.jpg",0.399063883578994,0.0179015214418955,0.00338179904509374,0.00318045906662281,0.00100117112447254,0.0075512227582058,0.00840770755065868,0.559512235434056
"img_01853.jpg",0.0975704740446092,0.0336962982873359,0.00638888000279544,0.00358145309297216,0.00100258462358211,0.0168051571925514,0.021570991705311,0.819384161050843
"img_01856.jpg",0.977995533442311,0.00298310872362876,0.00290718000144052,0.00284626490802576,0.00100084358217547,0.0057784669839001,0.00284731927146985,0.00364128308704847
"img_01862.jpg",0.752257103408556,0.00295893608672319,0.0206933374283788,0.00293876950360642,0.00100899226317753,0.185637676660123,0.00368939770355373,0.0308157869458816
"img_01874.jpg",0.950365964791744,0.00291931090237523,0.00316348915495009,0.00291618866684218,0.0010028808757001,0.015585904982705,0.00744583031535233,0.0166004303103309
"img_01888.jpg",0.0822163349880855,0.379044563172219,0.00399600807490509,0.0159448643767513,0.00100210301869978,0.214738733000829,0.0119169200272625,0.291140473341248
"img_01918.jpg",0.0822295485532251,0.00941365947230209,0.00351833612072962,0.878503625353761,0.00100096115079831,0.00674681827219828,0.00454751938218238,0.0140395316948033
"img_01930.jpg",0.953815636626572,0.0050405556130629,0.00450069413189277,0.00458470506964997,0.00100137591060579,0.0244507496539082,0.00292542547337993,0.00368085752092817
"img_01932.jpg",0.80970594398095,0.0107035522703272,0.00348363359691797,0.00332515746503115,0.00100119137287822,0.00942620140383319,0.00345951451263246,0.15889480539743
"img_01955.jpg",0.00385045282212787,0.00283882766768023,0.00283882504788419,0.00283882504896182,0.00100083612663151,0.00283882504269383,0.00283882513799927,0.980954583106021
"img_01963.jpg",0.97626380618218,0.0029754916492878,0.00292345010758797,0.00290874872368812,0.0010008560458499,0.00321448790432689,0.00285895496584796,0.00785420442123092
"img_01966.jpg",0.87251106775014,0.0967797667021685,0.00287007031824507,0.00287052340989693,0.00100086668005731,0.00868582456936717,0.00291626531969038,0.0123656152504342
"img_01983.jpg",0.946190302142063,0.00999842765037254,0.00877491461974615,0.00386920222497284,0.00103409948623166,0.0110775415505471,0.00369187731746833,0.0153636350085979
"img_01984.jpg",0.210957908703655,0.00846020831908429,0.00285889684783875,0.00288455282584583,0.0010008533355594,0.00932790439942738,0.00285900159125503,0.761650673977335
"img_01995.jpg",0.0129567815473165,0.42274166875842,0.0059463792994626,0.209692345635861,0.00100186720836069,0.170789545514103,0.0124808211856399,0.164390590850836
"img_01996.jpg",0.050854757445744,0.00949209613243828,0.0031530421251116,0.00408052449428544,0.00100141328915707,0.888328807938337,0.00695691895248134,0.0361324396224453
"img_02001.jpg",0.307114895721636,0.00502943563575817,0.00765370572738319,0.00541666926704617,0.00100367096281767,0.0774807003909008,0.47179967433287,0.124501247961588
"img_02006.jpg",0.495277936781592,0.0307902895291278,0.249224640616433,0.115831866554713,0.00100121449288366,0.0193771181799154,0.00332690558558333,0.0851700282597524
"img_02066.jpg",0.958669129824671,0.00389777483219865,0.0037597996733386,0.00339933575825365,0.00100501046545087,0.014619262795844,0.00302509588119886,0.0116245907690447
"img_02074.jpg",0.970579550327494,0.00331614189308253,0.00441551354663418,0.00442991615454385,0.0010044708693057,0.00940521355945083,0.00297790651548897,0.00387128713400022
"img_02076.jpg",0.0283354413598579,0.921973343503989,0.00335497781686336,0.00322270309983599,0.0010014954341285,0.00370622790048826,0.00290659566464796,0.035499215220189
"img_02077.jpg",0.0388778061775001,0.00771357130550207,0.00935896510777911,0.918308572571857,0.00100091923196724,0.0100370916526087,0.00396298352586273,0.0107400904269229
"img_02096.jpg",0.980871251831421,0.00284487370366612,0.00283984661295883,0.00283985063479531,0.00100083712271565,0.00360489781519203,0.0028398910711333,0.00315855120811768
"img_02119.jpg",0.820005369567398,0.00562425508463045,0.124053732694832,0.00666553553095805,0.00100105354545089,0.0192125749997628,0.00476953527723208,0.0186679432997353
"img_02124.jpg",0.0223661305381682,0.00433454070684627,0.00719833059191041,0.00313238092293852,0.00100643071223845,0.942705184958694,0.00461152380712436,0.01464547776208
"img_02172.jpg",0.877636117852706,0.0087186884978426,0.0255278868604188,0.00294854504766446,0.00100886122203088,0.0586395507193356,0.00526470061589154,0.0202556491841098
"img_02180.jpg",0.903251565406949,0.0178046553964515,0.00362216186332986,0.00311212874715161,0.00100297989724825,0.0223772979027017,0.00423723599040355,0.0445919747957649
"img_02188.jpg",0.825894921792222,0.00825735894220693,0.00391270920316528,0.00338585830738327,0.00100590370299818,0.0874761842623375,0.0183394598364022,0.0517276039532851
"img_02209.jpg",0.0404088734518931,0.00533925835160744,0.0068964249345162,0.00495097174657135,0.00100857235509134,0.909192812858615,0.0133191635071562,0.0188839227945489
"img_02235.jpg",0.0305200795922702,0.265965684217503,0.00875170303708378,0.162954140778654,0.0010015210708048,0.276363715695993,0.0150369419848846,0.239406213622806
"img_02252.jpg",0.980680859027038,0.00298728909150062,0.00285422307076893,0.00284543880176413,0.0010008427724673,0.00300281249646117,0.00284689159558992,0.00378164314441009
"img_02268.jpg",0.950563136497579,0.0103302164478473,0.00452210747855357,0.0126736729808093,0.00100281575810235,0.00409677754620915,0.00291173886539699,0.013899534425502
"img_02270.jpg",0.942585706567654,0.0196086225379471,0.00868276441089728,0.00467419101582044,0.00100909043181251,0.010892476239666,0.00369968000945824,0.00884746878674464
"img_02281.jpg",0.0474319174268486,0.00700239264669673,0.00364068505945106,0.928785449134842,0.00100088706279199,0.00568246618213832,0.00292967886745759,0.00352652361977419
"img_02282.jpg",0.00346933016058372,0.00284231324884513,0.00284170612814213,0.00284168512368686,0.00100083898805878,0.00315304997484051,0.00284453543810732,0.981006540937736
"img_02291.jpg",0.981446164704011,0.00329046672046784,0.00284196950238556,0.00284196943263839,0.00100083926017266,0.0028939151941878,0.00284196933016305,0.00284270585597357
"img_02299.jpg",0.789686451489105,0.04759285711769,0.00498273306015335,0.0101967135755189,0.00100097065103965,0.0281851995568054,0.00989968778267374,0.108455386767014
"img_02305.jpg",0.0090081989236441,0.538604482014523,0.00782785150125047,0.137761205241207,0.00100409369451365,0.0799279232098118,0.0143190961223268,0.211547149292723
"img_02307.jpg",0.540843321908678,0.0199409486334214,0.00307841785882729,0.00356307965444641,0.00101156270243578,0.231387836643782,0.0152661776023516,0.184908654996058
"img_02309.jpg",0.980585181954653,0.00348346165433907,0.00285208399495732,0.00285224675781079,0.00100152687616736,0.0028522466032112,0.0028520862467343,0.00352116591212741
"img_02318.jpg",0.0169833931427352,0.00334314705546105,0.00310434582931309,0.00290490267886238,0.0010008787870468,0.00325413297023963,0.00297985803361742,0.966429341502724
"img_02356.jpg",0.0165066846150457,0.00342704921873718,0.00457471330335068,0.00479381527356181,0.00100140862344075,0.00580222624587562,0.00517165189375038,0.958722450826238
"img_02367.jpg",0.961248316667818,0.00652155122796039,0.0030866667964675,0.00326759047828301,0.00101602466683663,0.0134043115952471,0.00384296383998585,0.00761257472740139
"img_02379.jpg",0.146039284507181,0.00356297619992717,0.00288703539895069,0.00288728092709011,0.00100088389888711,0.00451634791636802,0.00550953550473646,0.833596655646859
"img_02384.jpg",0.815918103765244,0.00775445362030293,0.00364098534479638,0.00338507054371765,0.00100657070066197,0.125749178223168,0.00771528945348237,0.0348303483486262
"img_02398.jpg",0.942694406864596,0.0124923324264674,0.00313797986593535,0.00523181648494899,0.00100091735811824,0.0176291402167527,0.00292020701175437,0.0148931997714272
"img_02400.jpg",0.958392544541523,0.00500191398048246,0.0106000171744591,0.00303488698666673,0.00100091514864822,0.0121252250487784,0.0042042758623847,0.00564022125705727
"img_02406.jpg",0.0331622517823832,0.00470329328012734,0.00927730993329855,0.933547349999825,0.00100094848593989,0.00577549851579767,0.00406864180004443,0.00846470620258358
"img_02412.jpg",0.859842716963971,0.00300809673092657,0.00293135053969257,0.00293153348854854,0.00100852221465962,0.00353557738919007,0.0036594106985809,0.123082791974431
"img_02422.jpg",0.775940722724372,0.0434904522085078,0.00486159300206458,0.00648599464083893,0.00100239270875797,0.0194278247345637,0.0290022002912297,0.119788819689665
"img_02486.jpg",0.963951739008836,0.00979361731180875,0.00326846439678751,0.00287956301412505,0.00100087658106983,0.00449473547703381,0.00288869672479763,0.0117223074855415
"img_02487.jpg",0.94051860767932,0.0352309702704488,0.00287839003293101,0.00287857057008141,0.00100114402152825,0.00330515094035907,0.00287857996383311,0.0113085865214979
"img_02522.jpg",0.862719243886233,0.0068319919996333,0.00291029037883752,0.0034035421964377,0.00100571561489126,0.00647757210827951,0.00331770265861984,0.113333941157068
"img_02556.jpg",0.0764430062916723,0.0103696514532498,0.00299259614706729,0.00291921316203323,0.00100092814766915,0.00339066111881262,0.00444879707647601,0.89843514660302
"img_02565.jpg",0.795277414928842,0.00426275620982231,0.00738312412656076,0.00350797638575495,0.00101382960131693,0.0520585856073632,0.0522642661259793,0.0842320470143608
"img_02574.jpg",0.212270432893061,0.00341369591456252,0.00380383087376424,0.00506766117826828,0.00107970545994347,0.00659746106609016,0.00343231696036959,0.764334895653941
"img_02602.jpg",0.865699139401046,0.0838397252543938,0.00306870258816298,0.00337155437337326,0.00100227017373501,0.0155831191887199,0.00434002390527004,0.0230954651152993
"img_02622.jpg",0.886086247297309,0.0102868125426238,0.003247165892025,0.00294564871772031,0.00100182122131599,0.00643586953206234,0.00733804213576821,0.082658392661175
"img_02625.jpg",0.0448129986828238,0.00827049198123053,0.00408420506726808,0.00309256251918341,0.0010024861577825,0.905734197284432,0.0042659274163992,0.0287371308908808
"img_02636.jpg",0.655704936535574,0.0587282321863225,0.00287697661932308,0.00287245380975994,0.00100094603552689,0.00292128530150698,0.0028775389936959,0.273017630518291
"img_02638.jpg",0.876325273949834,0.0942592468019669,0.00334661115766501,0.00572437979802699,0.00100294919087742,0.00897994302333217,0.00365766272657907,0.00670393335171855
"img_02646.jpg",0.037987735653441,0.00470831065106053,0.00292509148053829,0.00343500239604171,0.00100086888695773,0.00331752370009733,0.0164284106093743,0.930197056622489
"img_02656.jpg",0.726299660760835,0.00773584591044569,0.00306180973129903,0.00323099850782719,0.00100089489238739,0.00301737755150318,0.00289778190127308,0.25275563074443
