"image","ALB","BET","DOL","LAG","NoF","OTHER","SHARK","YFT"
"img_00007.jpg",0.0609667018447069,0.0210646130222896,0.00719926004363321,0.00883329794598403,1.0032545862981e-05,0.00681363624239198,0.00265219966425747,0.892460258690874
"img_00009.jpg",0.872066052851923,0.0604610893399692,0.00287567391769416,0.00246226504549029,1.01505063872613e-05,0.0566047961069064,0.00220798127696761,0.00331199095466257
"img_00018.jpg",0.800808862555984,0.0336242927796818,0.00352349205603794,0.00699648134009928,1.00274991603784e-05,0.147305694708614,0.00211752653856453,0.00561362252185823
"img_00027.jpg",0.308067602310622,0.0223241890562436,0.00618577937682223,0.00308321038292697,1.01056042756798e-05,0.090868244879561,0.0114252712227747,0.558035597166774
"img_00040.jpg",0.100643828305957,0.0154663729192316,0.00429591530082392,0.00331049464329408,1.0062798001078e-05,0.0121460005642963,0.835319938294895,0.028807387173501
"img_00053.jpg",0.92595552588866,0.0144435091529055,0.0121157566522676,0.00260132427065004,1.0149462672113e-05,0.0328935685486139,0.00357374108972118,0.00840642493451019
"img_00071.jpg",0.00380338253048649,0.000660672048741995,0.000421509784071397,0.994413462695121,9.96733711648647e-07,0.00025520252521603,0.000211509191273842,0.000233264491377425
"img_00075.jpg",0.829574801969665,0.0358433332190873,0.00459894265477041,0.00412424576000262,1.01450725790122e-05,0.117551871067784,0.00407608066243931,0.00422057959367247
"img_00102.jpg",0.44242133009349,0.0167290794138391,0.00291878954893672,0.00570386555308182,1.00962445844527e-05,0.0204494153413044,0.00516790485195378,0.50659951895281
"img_00103.jpg",0.816899471245905,0.0323837375032751,0.0598216200620798,0.00398219962911142,1.00242800998002e-05,0.0157087829471578,0.00207692176653108,0.0691172425658398
"img_00109.jpg",0.967242985317597,0.00976071849708799,0.00221248667113024,0.0021753652489895,1.00218734314773e-05,0.00989090644812422,0.00254200432760393,0.00616551161603554
"img_00120.jpg",0.718472872855243,0.0129676168475289,0.00465135228019064,0.00344719442648887,1.0047048486942e-05,0.0091789289010872,0.0451184693219322,0.206153518319042
"img_00125.jpg",0.842119072619952,0.00930804899173663,0.0111327814293183,0.0133938700258809,1.00363469730739e-05,0.0192619562063927,0.00847504641437947,0.0962991879653668
"img_00128.jpg",0.0107486897693529,0.106270941844002,0.293454165765281,0.00347574083321167,1.00514391264948e-05,0.00589711467378582,0.00246705433790297,0.577676241337337
"img_00129.jpg",0.182567843260337,0.0131141206180157,0.00466817198584572,0.00403500947127666,1.00673580080971e-05,0.0128041982103372,0.71894076561495,0.0638598234812295
"img_00138.jpg",0.767408195192711,0.201178112614025,0.00581004809191065,0.00341174233692654,1.00499634110287e-05,0.00451073071715751,0.00269978882225912,0.0149713322615991
"img_00141.jpg",0.0032891755066866,0.00417400426723219,0.00637014837529799,0.00207026430787392,1.0023950315105e-05,0.00226779613221633,0.00217091469459415,0.979647672765784
"img_00152.jpg",0.0236940454029897,0.0219296714395673,0.00449509980452774,0.0030335922993561,1.00908346580833e-05,0.0135454129959001,0.00533161332736602,0.927960473895635
"img_00161.jpg",0.00268715209310454,0.00214689331242596,0.0020164386037162,0.00201025221599694,1.00201125440204e-05,0.00202589950627195,0.00201261741957538,0.987090726736365
"img_00170.jpg",0.189524141685624,0.0145053358722023,0.00364352857961327,0.482373654558536,1.00281689805366e-05,0.0132361480701152,0.00219316495399852,0.29451399811093
"img_00171.jpg",0.514402455427525,0.0313129328489326,0.0508745396990925,0.0311616663657702,1.01760069323901e-05,0.355009128620625,0.00533031144074029,0.0118987895903815
"img_00175.jpg",0.541317623926551,0.0132878832918313,0.0122241832495166,0.0142005942812643,1.02229447659128e-05,0.390877679515841,0.00267929644711954,0.0254025163431102
"img_00180.jpg",0.0179749385275367,0.00257676539331276,0.00402669081640297,0.00550040166338109,1.00616624624442e-05,0.00446679612309131,0.0031094888564736,0.962334856957339
"img_00212.jpg",0.182624278250933,0.00591358368990738,0.00223555116137374,0.0174120341120825,1.00229247614254e-05,0.00238990906211691,0.00221533095891239,0.787199289839912
"img_00223.jpg",0.881193270823279,0.0134415067505705,0.0506760183841237,0.00648708461550366,1.00428379345907e-05,0.0259355076779991,0.00461542441821094,0.0176411444923783
"img_00230.jpg",0.799718282863623,0.10161409413432,0.00664322182045527,0.0039262783995413,1.00396728428445e-05,0.0572085491128348,0.00271903396353913,0.0281605000328434
"img_00232.jpg",0.00391706288240516,0.00346321414890452,0.00208920952069458,0.00249687745923771,1.00462271472394e-05,0.00378594252797745,0.979831748062361,0.00440589917127214
"img_00244.jpg",0.782777958536138,0.0837209777339241,0.0040441716519197,0.00599602631625013,1.00383960665037e-05,0.0646354670358419,0.00267343310302976,0.0561419272268297
"img_00272.jpg",0.855670859415001,0.0274840181933775,0.0635134794841621,0.0163044896199471,1.0051285479379e-05,0.0106874327337266,0.00336436801821702,0.022965301250089
"img_00280.jpg",0.953851298893492,0.00560249082784125,0.00383920949664086,0.00224803482805412,1.05890618836039e-05,0.00347251008512073,0.00294234382671926,0.0280335229802485
"img_00282.jpg",0.542376026671782,0.0707589621022739,0.0165533668706255,0.0346878891370077,1.01045182215347e-05,0.303267323098682,0.00430231886135795,0.0280440087400492
"img_00285.jpg",0.69290688797879,0.0162036827006831,0.00348450262247029,0.00404495769652063,1.00850792171894e-05,0.00705869438951328,0.0206997737016075,0.255591415831198
"img_00289.jpg",0.96351176872322,0.00809055009648891,0.00497105034301014,0.002523143369387,1.05144573471771e-05,0.00465278085189211,0.00306193290184166,0.0131782592568126
"img_00292.jpg",0.784475139097442,0.0331708871839947,0.0035927400124961,0.00361571644838794,1.01273424575784e-05,0.0423921799317512,0.0148938559144151,0.117849354069056
"img_00302.jpg",0.118575664864329,0.0123776910970081,0.00384168829651735,0.00348925006515043,1.01007976690365e-05,0.0126726524389132,0.823916805206595,0.0251161472338181
"img_00311.jpg",0.985746276756473,0.0028330463292912,0.00201550318658905,0.00245324501447238,1.00292859105839e-05,0.00212536813768262,0.002009449736175,0.00280708155340657
"img_00320.jpg",0.974526185098554,0.00420784115472787,0.00301506864210695,0.00205750637115555,1.00452630152712e-05,0.006318743264408,0.0023641269940679,0.00750048321196457
"img_00331.jpg",0.888859822996017,0.0169976001669039,0.00357653965018654,0.00275699045229703,1.00702248218699e-05,0.0429725378407717,0.00793789150567114,0.0368885471633305
"img_00358.jpg",0.297870476530764,0.0231964969606392,0.00361511553375863,0.00402096506305198,1.00835999683498e-05,0.0264404296460493,0.0224108017830664,0.622435630882702
"img_00374.jpg",0.662747172625181,0.0256991978048548,0.00503297684166307,0.00828524342374632,1.00253504934992e-05,0.00632678934585832,0.00407084540173909,0.287827749206464
"img_00375.jpg",0.0522870194170177,0.0257807906300414,0.865801312133099,0.0134103785924134,1.00837534265813e-05,0.0164134715675605,0.00472491656066015,0.0215720273457809
"img_00376.jpg",0.856528964218962,0.060651934618833,0.00804237708075558,0.00256675206133103,1.00765306734672e-05,0.031004815062474,0.010545896120376,0.0306491843065945
"img_00380.jpg",0.900094171537483,0.0272147585170356,0.00465769420695911,0.00259207389795067,1.00360100954648e-05,0.0592986889681013,0.00212369218790952,0.0040088846744649
"img_00383.jpg",0.830169832207586,0.0112873533816283,0.00231615582401315,0.00324628812998939,1.00479470478567e-05,0.00301663836922025,0.00226997538388818,0.147683708756627
"img_00398.jpg",0.95568970858951,0.0131800507637195,0.00228448936127787,0.00388623958857462,1.00764443215328e-05,0.00416841406386751,0.00245159497949994,0.0183294262092294
"img_00407.jpg",0.960548119543006,0.011568020846877,0.00448911636663301,0.00524080307722592,1.00302886533541e-05,0.00945867397452622,0.00236542880649886,0.00631980709657956
"img_00417.jpg",0.087957249994881,0.00713534343150161,0.00221563315470279,0.00629268590419554,1.00227811669661e-05,0.00214439421779259,0.0021058475892943,0.892138822926465
"img_00442.jpg",0.00230633722050554,0.00210852251752975,0.00200423757645367,0.00199669577573395,1.00199938363728e-05,0.00202759079084305,0.00201047646151076,0.987536119663587
"img_00446.jpg",0.930230077791221,0.00804593535938855,0.00219089248809616,0.00669159613061736,1.00314126771268e-05,0.0133518274389053,0.00243846552111143,0.0370411738579828
"img_00469.jpg",0.936097011847836,0.0138506319070402,0.00269950920504644,0.00521975640889998,1.00271799666899e-05,0.00690349299210606,0.00298523922785154,0.0322343312312534
"img_00473.jpg",0.955133485605301,0.0068973045648642,0.00250193516723152,0.00293872493163145,1.0053588590136e-05,0.00289996938810398,0.00222367405285668,0.0273948527014213
"img_00483.jpg",0.941927571860929,0.0384915515519555,0.00206435101869245,0.00224699673764137,1.00294137973481e-05,0.00276750548522248,0.00217787701810651,0.010314116913655
"img_00484.jpg",0.150346441864476,0.0479686495970653,0.00432902657395432,0.0110465061090959,1.00237402014646e-05,0.0060432378419504,0.00509085739610074,0.775165256877156
"img_00486.jpg",0.9141212200691,0.0297967405054981,0.0244518554519351,0.0109969294549141,1.00805555800112e-05,0.00364712105135705,0.00467115258516526,0.0123049003264502
"img_00518.jpg",0.81770692505787,0.0347178775098245,0.00371411169851635,0.0066548451262703,1.0289554603294e-05,0.00613710091264111,0.00279527846880987,0.128263571671465
"img_00533.jpg",0.499209993232751,0.0177388959079139,0.00320433553482476,0.00563056378787803,1.01273750387336e-05,0.0177123927367575,0.00996691935299618,0.44652677207184
"img_00538.jpg",0.771085627350659,0.0752363870742615,0.00271091186565041,0.00356147527775767,1.00250654197488e-05,0.00554806874107572,0.0023583554010561,0.13948914922412
"img_00543.jpg",0.980624656835619,0.00615164759587458,0.00217923013743839,0.0028671303648345,1.00617814650444e-05,0.00233513833505237,0.00205661031863579,0.00377552463108082
"img_00550.jpg",0.34668819906442,0.0273461868006986,0.0319352248518047,0.0116677482566735,1.04110751609155e-05,0.548693917174264,0.00309687122575855,0.0305614415512194
"img_00551.jpg",0.811524310893744,0.0112996846455865,0.00536698832667524,0.00501416977308912,1.00274024561051e-05,0.0741512718151287,0.0110333392170186,0.0816002079263016
"img_00575.jpg",0.787550376475183,0.00784558374540977,0.00284188736225243,0.00232266801865543,1.00658296027246e-05,0.0148272130001051,0.00656910349174044,0.178033102077051
"img_00582.jpg",0.887374233183613,0.0344632070238923,0.00520860440884266,0.00405450389450544,1.02261978845488e-05,0.0426632589785196,0.00241675727690355,0.0238092090358393
"img_00584.jpg",0.942059778832245,0.00403953436541754,0.00578714756061455,0.00309603626405178,1.04116388153854e-05,0.0310055541666986,0.00462674503328122,0.00937479213887618
"img_00587.jpg",0.092302991323426,0.0177189911115666,0.00341367087605673,0.00260886004861183,1.00984738358079e-05,0.019673928509614,0.0108913182270974,0.853380141429792
"img_00590.jpg",0.069315568908478,0.0767847158509436,0.00820027441601395,0.00414835965043487,1.00705120317436e-05,0.00892503832103581,0.0131286428978351,0.819487329443227
"img_00591.jpg",0.0900032166949518,0.00634897953070596,0.00328596679518782,0.00480172246380411,1.01008614759233e-05,0.0195357876949516,0.00413862991397439,0.871875596044948
"img_00598.jpg",0.949962826332401,0.019753080077635,0.00258969886941297,0.00760334466596995,1.00447327957243e-05,0.00740332985567613,0.00259016385422604,0.0100875116118836
"img_00599.jpg",0.771867092651316,0.0111345730202551,0.00427299989935771,0.00346896679507333,1.00751718757935e-05,0.00597352699389321,0.0283829136734289,0.1748898517948
"img_00612.jpg",0.91920260673935,0.00295887111876725,0.00307390921935078,0.00223077437654171,1.00491653601922e-05,0.0507286261019685,0.00839770148437168,0.0133974617942896
"img_00620.jpg",0.822381053272305,0.0237886918906644,0.0709745245718216,0.00292734474055327,1.02233975007356e-05,0.016762498437813,0.0031850162809135,0.0599706474084281
"img_00642.jpg",0.00179079165977746,0.000852231757546889,0.00041746227372082,0.995387538447835,9.97659163093498e-07,0.000605358328021734,0.000366195698400735,0.000579424175534648
"img_00646.jpg",0.0128186879724034,0.00830775084201974,0.00500652093248186,0.00391943158627777,1.00332785368414e-05,0.00344636276748927,0.00390425542617304,0.962586957194618
"img_00648.jpg",0.981386282734361,0.00390904463632798,0.0022724909089751,0.00376414391565589,1.00602642640513e-05,0.00234718317439995,0.00208920437301308,0.00422158999300341
"img_00650.jpg",0.212129203968735,0.0135346344233228,0.00759364653806587,0.00543392411619928,1.02318493927663e-05,0.584314426073242,0.147659268000795,0.0293246650302471
"img_00664.jpg",0.939471986717182,0.0163904949401168,0.00215059557981861,0.00209179951907524,1.00542535466171e-05,0.00415697902548001,0.00260480136520377,0.0331232885995768
"img_00697.jpg",0.00281135777535205,0.00369854344682838,0.00337115856013345,0.00213305480678926,1.00368239324164e-05,0.00209934735567263,0.00290937565123399,0.982967125580058
"img_00708.jpg",0.750054763583901,0.0313510885737099,0.0041130498484607,0.00698307737996443,1.00481169613198e-05,0.0848321909529001,0.0309582814258473,0.0916975001182553
"img_00716.jpg",0.100501457220934,0.102365732711073,0.00980944654485205,0.00678304360942975,1.02356499549903e-05,0.572995398498851,0.0169400360424524,0.190594649722453
"img_00717.jpg",0.620293131001331,0.226991500304749,0.00808957477751651,0.0126546354797654,1.0026648220397e-05,0.114935952498886,0.00644724594466096,0.0105779333448699
"img_00718.jpg",0.96199981681549,0.00261627778082984,0.00307305360296248,0.00418407033460581,1.00249666741954e-05,0.0090010392712849,0.00220658761747961,0.016909129610673
"img_00724.jpg",0.0464727156471699,0.00286404279761505,0.00588503254192035,0.00364050184135444,1.0262520689046e-05,0.0124262470646699,0.3156716782399,0.613029519346682
"img_00726.jpg",0.980959468278073,0.00624746428075807,0.00210806068792166,0.00204523862037092,1.00337515697603e-05,0.00314769876498586,0.00218429787943206,0.003297737736889
"img_00729.jpg",0.935937131175863,0.0128908618619623,0.00533126820156029,0.00259133769364568,1.08804538904386e-05,0.00799262886957202,0.00859674279885615,0.02664914894465
"img_00730.jpg",0.0120021037407023,0.00337421691312015,0.00225230631106974,0.0020643338192389,1.00330025075066e-05,0.00289861705260743,0.00616593626938959,0.971232452891364
"img_00757.jpg",0.910995258242218,0.0171957620656855,0.0216770420450914,0.00835240785307298,1.0089190416224e-05,0.0242035410414576,0.00344708647328744,0.0141188130887709
"img_00760.jpg",0.00474467509354129,0.000600507632663877,0.000377191544296726,0.992986292079767,9.95437792521875e-07,0.000644144659901577,0.00027577819677131,0.000370415355266206
"img_00764.jpg",0.00509288876785658,0.00724699848541726,0.00663644277674467,0.0028720916080382,1.01240172802712e-05,0.00225941251757721,0.00210635532554227,0.973775686501544
"img_00765.jpg",0.0442863993039724,0.474063101411366,0.00410703716349738,0.0236327543247205,1.00579957175132e-05,0.155086787008596,0.0085054564807644,0.290308406311365
"img_00772.jpg",0.057452552506544,0.00972488424436575,0.342357153963085,0.00247464014867983,1.00911575253088e-05,0.246309957987269,0.00626007227482604,0.335410647717705
"img_00777.jpg",0.641556229299051,0.041770847477267,0.00361426069600116,0.00220843755611222,1.01150929220766e-05,0.300056606136617,0.00804709265313881,0.00273641108889063
"img_00780.jpg",0.00992595279998571,0.00342257703973709,0.00579278089476705,0.00231481773456012,1.00769068743262e-05,0.0141246190530117,0.0145055381470181,0.949903637424046
"img_00798.jpg",0.910822791284875,0.0355114013344217,0.00429751183449247,0.0245664411680425,1.00518235683249e-05,0.00654686354425647,0.00273482100960138,0.0155101180007426
"img_00808.jpg",0.828829822577308,0.13188181904655,0.00261199722715149,0.00463613375261509,1.00569792028071e-05,0.00625239096994888,0.00228559728904974,0.0234921821581739
"img_00816.jpg",0.952605207126748,0.00901788084783187,0.00213299645819909,0.00265549396833014,1.00690619316058e-05,0.00335345443048152,0.00332544451096718,0.026899453595511
"img_00833.jpg",0.752899973590498,0.0215922705795595,0.00398638480467247,0.00501544944691544,1.00432530785659e-05,0.0651070097366952,0.03098933382193,0.120399534766651
"img_00837.jpg",0.799492426388869,0.121411454837539,0.0028347975916415,0.00327793166054261,1.01083972937109e-05,0.053827846112675,0.00294059569944826,0.016204839311991
"img_00855.jpg",0.850012502436874,0.0304337742878591,0.0111310329099884,0.00866990787602899,1.03893882247006e-05,0.0366597246398281,0.00920754654069998,0.0538751219204965
"img_00857.jpg",0.974738929712272,0.00740923583814604,0.00259217017597176,0.00205429549513534,1.00485850130445e-05,0.00692373179134285,0.0021453229537874,0.00412626544833189
"img_00858.jpg",0.947722575368235,0.00580207133900611,0.00228716689902486,0.0021774528550993,1.01248440626246e-05,0.00859964564298479,0.00377568693027366,0.0296252761213133
"img_00865.jpg",0.901154227815278,0.0599471201905737,0.00341844359561365,0.00293203650571826,1.00291115373903e-05,0.0181488553682497,0.0033587005361408,0.0110305868768884
"img_00902.jpg",0.00408779332499274,0.00381044951325752,0.00209604211133464,0.00257758633399099,1.00379206601813e-05,0.00351977834985301,0.978805232780607,0.00509307966530352
"img_00914.jpg",0.00231278975260072,0.00242327945567538,0.00203178795505046,0.00199787932823964,1.00204214944546e-05,0.00200176734461168,0.00200405783363852,0.987218417908689
"img_00921.jpg",0.824036874232478,0.00446726348652571,0.00415969845809439,0.00256682045423677,1.0116413032645e-05,0.0562404935893467,0.0568408250845113,0.0516779082817741
"img_00927.jpg",0.078433230607064,0.051021920845887,0.00571134638880554,0.00379798482142812,1.00640930960798e-05,0.0133283597768255,0.0156122384352964,0.832084855031597
"img_00943.jpg",0.915595293458487,0.0620010562266715,0.00212504403546292,0.00249410783866979,1.00283435494836e-05,0.00269386364668868,0.00235224301400142,0.0127283634364689
"img_00959.jpg",0.96326880733342,0.0034787352507916,0.00222530224080591,0.00204775644876094,1.00604914994913e-05,0.0055556904796006,0.00278335265451115,0.0206302951006099
"img_00962.jpg",0.0957469412918601,0.00673845729941449,0.0043718010313331,0.00214199942119396,1.02054875859649e-05,0.00897887812723554,0.0139321860434958,0.868079531297881
"img_00964.jpg",0.00233428594990403,0.0269584664730221,0.928025695426842,0.00345288103826056,1.003383672364e-05,0.00412120741885747,0.00209512114614288,0.0330023087102474
"img_00974.jpg",0.923223960500681,0.0164548784947673,0.00635820664302826,0.010305821814842,1.00213803426431e-05,0.0118760446155737,0.0022642986445028,0.029506767906262
"img_00979.jpg",0.0105369382962664,0.00746343007348551,0.0310777797523079,0.00299821659386788,1.00647171619279e-05,0.00517632979735429,0.00483686035106501,0.937900380418491
"img_00982.jpg",0.771247344827818,0.163295737351926,0.00904617044072927,0.0040620105083715,1.02754040662147e-05,0.0167851812305048,0.00606229103909233,0.0294909891974921
"img_00985.jpg",0.776552428932153,0.0293880778700771,0.00485212029891415,0.00343383307844165,1.01317443926753e-05,0.0233017169664813,0.012795411852165,0.149666279257375
"img_00999.jpg",0.703212019987051,0.0663133973025455,0.00242469608953667,0.00369865483597341,1.00341352659346e-05,0.0164695522124162,0.0510009791636523,0.156870666273559
"img_01022.jpg",0.955977243746214,0.004573910093768,0.0033704453653445,0.00709169657129772,1.01872149454771e-05,0.0184106319955456,0.0023944547643337,0.00817143024855066
"img_01031.jpg",0.771963917105604,0.00490294900385552,0.00744541449587943,0.00242737971703168,1.00561512950983e-05,0.204998011635954,0.00464925353174692,0.00360301835863338
"img_01035.jpg",0.731409067604133,0.0168474955181651,0.00330152648326017,0.0026115588612003,1.01125945464482e-05,0.237135307945403,0.00613593839252896,0.00254899260076369
"img_01058.jpg",0.908406281327518,0.00865972769399381,0.00439950517866496,0.00408193661304198,1.04081924861572e-05,0.00562962019956679,0.0035681412072674,0.0652443795874609
"img_01059.jpg",0.0386525647333634,0.0141083146186429,0.00677383468165236,0.00420188673293005,1.00652606784738e-05,0.0314134330044883,0.00959801934520582,0.895241881623039
"img_01102.jpg",0.216269217776302,0.450905675212605,0.00542187968448138,0.0583772761272405,1.00666594683551e-05,0.00448012403737645,0.00246224625783023,0.262073514244696
"img_01103.jpg",0.0216296014244416,0.0466997165329409,0.0101094701606853,0.00678194483590081,1.01069352012597e-05,0.00379315739936231,0.00954005153163699,0.901435951179831
"img_01116.jpg",0.824687107264507,0.083506518259687,0.00824843665897581,0.0129831677609886,1.00248076157274e-05,0.0453390067459845,0.0030871798786676,0.0221385586235733
"img_01134.jpg",0.862674177009284,0.0109265863822674,0.00592649666682135,0.00540022657017594,1.00260300005122e-05,0.0531464857446303,0.00287919346652677,0.059036808130294
"img_01179.jpg",0.970236201302391,0.00414806668176174,0.00348231230063004,0.00573476525464084,1.00337363825144e-05,0.0109207122256702,0.00214572955177399,0.00332217894675008
"img_01188.jpg",0.0568045644806833,0.378951005952618,0.00588482335421754,0.0242904724380075,1.01181646765465e-05,0.189896140886894,0.0146947162935286,0.329468158429375
"img_01211.jpg",0.934210738799732,0.0463498008285877,0.0026733590427516,0.0051062520324391,1.00529004988517e-05,0.00236405317794093,0.00237157342594719,0.00691416979210275
"img_01213.jpg",0.806922310287804,0.13107607740181,0.00561730741231759,0.00649779434564606,1.0072748946496e-05,0.0136035063587039,0.00354317896848267,0.0327297524762896
"img_01222.jpg",0.718254710362964,0.135525620873529,0.00480361019854194,0.0290507150242568,1.00624992816115e-05,0.0146341255538937,0.00817643039642608,0.0895447250911068
"img_01224.jpg",0.02135460534247,0.0206388495885024,0.192281975299175,0.00496487902779759,1.00323244331293e-05,0.00959829233494127,0.00530288426796538,0.745848481814715
"img_01253.jpg",0.00267065761240034,0.00202174500716737,0.00199760911449973,0.00198769685242159,1.00198206477479e-05,0.0019873175096342,0.00198803011164224,0.987336923971587
"img_01286.jpg",0.118992228387414,0.00622625955350205,0.0028757389367486,0.00594018374571248,1.0193413876829e-05,0.00647224521122086,0.0029190721030976,0.856564078648428
"img_01289.jpg",0.0446113828801651,0.0232349971523345,0.0059724649877221,0.0045574797923323,1.00530353922934e-05,0.019899093203484,0.00902570711951091,0.892688821829059
"img_01328.jpg",0.925652467226069,0.0543271452334233,0.00222586317616796,0.0031762661425632,1.00432525685442e-05,0.0066261699231065,0.00207444641927908,0.00590759862682198
"img_01366.jpg",0.566796855369437,0.0153230465271257,0.0113082466409042,0.011302646231153,1.01613889338258e-05,0.379288828622958,0.00281724413522724,0.0131529710842612
"img_01371.jpg",0.965200824793809,0.00629466379085149,0.00289754408771679,0.0021899119276571,1.02678238197271e-05,0.00298805232267266,0.00235042711200386,0.0180683081414695
"img_01379.jpg",0.891417297278374,0.0185671551394391,0.0214468903321368,0.00605860012922957,1.00677441344958e-05,0.0379089412162707,0.00231622073101748,0.0222748274293978
"img_01384.jpg",0.333547992827951,0.0501669638291324,0.0346765767410272,0.00960672083945852,1.04278260305367e-05,0.543490474126693,0.0025652590708214,0.0259355847388855
"img_01388.jpg",0.903532731724222,0.0364652376411244,0.00357167266111375,0.00213097100228952,1.0045849528615e-05,0.0368753948435338,0.00283337713891551,0.0145805691392729
"img_01392.jpg",0.00345031489558543,0.0209031769729825,0.906329568957074,0.00291440530237248,1.0084468112119e-05,0.00434925597736369,0.00246277314791522,0.0595804202785948
"img_01399.jpg",0.00867216594840857,0.898221573074159,0.00665376899834543,0.00232037388031087,1.00484349497257e-05,0.0162893963978822,0.00287389910089194,0.0649587741650519
"img_01404.jpg",0.940326363306654,0.00677565171793305,0.00252206561626986,0.00932593868329942,1.0024272831073e-05,0.0119574675224441,0.00206741423420289,0.0270150746463654
"img_01405.jpg",0.853585214087877,0.0125134542685587,0.00327392810136916,0.00321099486452359,1.00583022522993e-05,0.122397973952183,0.00228495641215845,0.00272342001107738
"img_01413.jpg",0.981381601943081,0.00321926257623957,0.00254131279621198,0.00303732797506005,1.00681757321555e-05,0.00431979253409575,0.00222222892960647,0.00326840506997258
"img_01426.jpg",0.0533041835381865,0.154901978617255,0.00483944170818258,0.00299846918593507,1.00399780470748e-05,0.00941045396568436,0.700882176799844,0.073653256206866
"img_01431.jpg",0.00347703874637202,0.000664168498062604,0.000292132991084387,0.994207878800301,9.9653019913001e-07,0.000733548958979267,0.000295377829637465,0.000328857645364398
"img_01441.jpg",0.00316254111301132,0.00242449174087587,0.00210869428355291,0.00220871356737755,1.00225700115412e-05,0.00214993984105897,0.00233583955938216,0.98559975732473
"img_01444.jpg",0.287381941891335,0.00722717393942962,0.00272610344752013,0.00442950293562136,1.00545447844439e-05,0.0148206761265046,0.0296679664283281,0.653736580686476
"img_01490.jpg",0.00781903358580372,0.00767507434117127,0.0327464028156321,0.00440196960824345,1.004148457127e-05,0.00282847099349422,0.00256997296044124,0.941949034210643
"img_01495.jpg",0.637195145995975,0.027369607457977,0.00707025242369701,0.0061801184279473,1.00288191855333e-05,0.0136747288057921,0.00320990303842674,0.305290215031
"img_01511.jpg",0.907024023998781,0.0204647087319297,0.049372770356302,0.00319308333378705,1.00405867164882e-05,0.00922737108857914,0.00320937263205658,0.00749862927184801
"img_01519.jpg",0.315180351606224,0.050288725236249,0.00828588551063556,0.00983494229100685,1.00795632428225e-05,0.185191108519972,0.111597638615299,0.319611268657371
"img_01530.jpg",0.946559066964039,0.0144679296649991,0.00305090586793286,0.00261166234468948,1.04198489159512e-05,0.00268565551582528,0.00251480555599379,0.0280995542376045
"img_01537.jpg",0.832220002009249,0.0243619916513553,0.0245099893373145,0.00213658214935479,1.01522814149926e-05,0.0618614637230098,0.00495329804167936,0.0499465208066226
"img_01538.jpg",0.89686397976816,0.0293966819558116,0.00512870086084996,0.00277149671991869,1.00520836637224e-05,0.0519059190283183,0.00281801129219751,0.0111051582910805
"img_01543.jpg",0.958025434554303,0.00384521466366753,0.00220508421548793,0.00220423331439528,1.00724112713906e-05,0.00246996780609939,0.00217287471202078,0.0290671183227548
"img_01548.jpg",0.958589068925556,0.00338209467906871,0.00269986983190291,0.00207866799188343,1.00975939265767e-05,0.0224282670866572,0.00395506418387898,0.00685686970712658
"img_01552.jpg",0.963069953549513,0.00283605316774019,0.00299783644056012,0.00203945872160705,1.00423226363029e-05,0.0233183909701932,0.00205857326409915,0.00366969156365079
"img_01562.jpg",0.722294097867538,0.0100986943931912,0.00561789597057021,0.00350374930672113,1.00655820861776e-05,0.0113804601932697,0.0514520837367778,0.195642952949846
"img_01571.jpg",0.953711505254245,0.0277940226730011,0.00207217931458772,0.00213696565001195,1.00241133650684e-05,0.0021825902214887,0.00335809361710318,0.00873461915619747
"img_01593.jpg",0.640666631713072,0.191797129099618,0.00440129649261616,0.00452436554767669,1.00535205671561e-05,0.0197944978323821,0.0104777759344773,0.12832824985959
"img_01616.jpg",0.870788887383759,0.0879539071862057,0.00373598156702602,0.00442699324932431,1.01916443057101e-05,0.00660234314065147,0.0111470538331492,0.0153346419955783
"img_01618.jpg",0.868086572334481,0.00855279444480355,0.0024828230139117,0.00275425253214909,1.03768648905211e-05,0.0963138817605477,0.0160980050059643,0.00570129404325246
"img_01627.jpg",0.907475648341333,0.0441181051618048,0.00292262817916223,0.00284764860780381,1.00211791408833e-05,0.0320329159861522,0.0025964192724855,0.00799661327211767
"img_01633.jpg",0.843173896210477,0.0109276123482664,0.0118957358906538,0.00362043926064677,1.00638340384991e-05,0.0870278762160079,0.00817200748754781,0.035172368752362
"img_01640.jpg",0.980799965701066,0.00556902614768939,0.00207777464315796,0.00291019640515434,1.00448025620233e-05,0.00226443734251626,0.00204068643931018,0.00432786851854426
"img_01646.jpg",0.952061428133402,0.019406358330228,0.00322127299391409,0.00362014003386617,1.00310913718153e-05,0.0131853240980988,0.00300487114361765,0.0054905741755017
"img_01649.jpg",0.911623036887468,0.0353434955110494,0.0042513471303227,0.00612101952041369,1.04046487025345e-05,0.0150059194990765,0.00936528789257858,0.0182794889103882
"img_01657.jpg",0.0297078168690652,0.00432263584912893,0.238955179627752,0.00208688432635836,1.00606579469549e-05,0.00806476969119063,0.00238952860244747,0.714463124376111
"img_01669.jpg",0.00376857889368606,0.00070312619655448,0.000338117999707518,0.993882449598639,9.96618130888989e-07,0.000616887216345772,0.000310942071569828,0.00037890140536611
"img_01681.jpg",0.0805254382622971,0.0077965464075022,0.00477460543074123,0.00281747523925162,1.00506429571056e-05,0.00496209254710862,0.00534457643175815,0.893769215038384
"img_01684.jpg",0.926115757232846,0.0189952263281678,0.00494665007962477,0.00630458044550192,1.00280980387029e-05,0.0120662758652099,0.00295926475193238,0.0286022171986787
"img_01687.jpg",0.751145980577826,0.00979530059937333,0.00302115734204194,0.0027544190269794,1.00506750769267e-05,0.00419184039306349,0.0105639424522514,0.218517308933388
"img_01688.jpg",0.0448911056602355,0.0201143972712216,0.00527958943354853,0.004139392163811,1.00620807882216e-05,0.0176740234385499,0.00908313155122963,0.898808298400616
"img_01689.jpg",0.00518522818843933,0.00403676284681486,0.00986212561050919,0.00352377354445678,1.00431066054366e-05,0.00899484334789453,0.0050546145733277,0.963332608781952
"img_01724.jpg",0.889058641996377,0.00718480776823,0.00864354079005576,0.00217577369615659,1.03318685811298e-05,0.0265555552126025,0.00471896799873277,0.0616523806692646
"img_01745.jpg",0.878440255278469,0.0574213936335788,0.0226601129377948,0.00921551563621469,1.01348672274534e-05,0.0157196455669118,0.00401823490364801,0.012514707176156
"img_01771.jpg",0.926102769457158,0.0274095978757799,0.00420751995246568,0.00545076711627859,1.01455177933363e-05,0.00554738459914759,0.00733362248229303,0.0239381929990844
"img_01773.jpg",0.760384940478713,0.0127923954656613,0.00306286763142137,0.00289340424787736,1.00252936801735e-05,0.00366682170701076,0.0205303699655551,0.196659175210081
"img_01824.jpg",0.819005333440332,0.00665688218813251,0.00446041035091181,0.00370788224492175,1.00905366744183e-05,0.127263081543135,0.0112480328245005,0.0276482868713921
"img_01831.jpg",0.0184727715777344,0.0049090496518387,0.000263209606558545,0.964425883567329,9.6682157437578e-07,0.0010071734712025,0.000217923382706425,0.0107030219210562
"img_01834.jpg",0.0146918130164758,0.00734051197306253,0.302429263838746,0.00394556053415047,1.00703263073663e-05,0.0103197310191082,0.00425923960141879,0.657003809690731
"img_01847.jpg",0.213562071461385,0.0161986471711083,0.0030322315661314,0.00593852242968273,1.00507278032054e-05,0.00770543930224115,0.00527280804558935,0.748280229296059
"img_01853.jpg",0.0778662485953075,0.0677535503428736,0.00583879796501966,0.00410339539634912,1.00779876753388e-05,0.0110375320619204,0.0155444255255154,0.817845972125339
"img_01856.jpg",0.921500685373195,0.00551891706392521,0.00369508641853534,0.00230307293778312,1.01219278056846e-05,0.00347341176507742,0.0024589596928329,0.0610397448208459
"img_01860.jpg",0.946907924703926,0.00298014891544715,0.00350071657710067,0.00213268345673243,1.01638483075362e-05,0.0157299917345549,0.0103405307109499,0.0183978400529811
"img_01862.jpg",0.814064349119276,0.00484656994646819,0.0412403992745649,0.002135047621166,1.02646897398346e-05,0.0865078024219572,0.0240769027528569,0.0271186641739712
"img_01874.jpg",0.859724384538649,0.00398676076750577,0.00297984773072571,0.00214141508991736,1.00628668508563e-05,0.0154307036091567,0.0308777372643884,0.0848490881328065
"img_01888.jpg",0.061797740964701,0.317956773864485,0.00528361048505012,0.0190845986056772,1.00423628442382e-05,0.336679859801999,0.00994170070674199,0.249245673208502
"img_01918.jpg",0.0065624385139908,0.00148110438152114,0.00058811211433052,0.989229245287802,9.92286589521437e-07,0.000705617696933853,0.000529337315352105,0.000903152403480274
"img_01930.jpg",0.916425612202746,0.0398322703831657,0.00722961779343888,0.00279205080894449,1.00289496402988e-05,0.0278239765579894,0.0024181739740682,0.00346826933000698
"img_01932.jpg",0.893463989711717,0.00995487235272061,0.00365080212219525,0.00746483420179711,1.00339562613809e-05,0.00772389677624117,0.00297240455416205,0.0747591663249049
"img_01955.jpg",0.00244836137249701,0.0022110720024954,0.00200529452506577,0.00199505716722295,1.0020137862621e-05,0.00198888552693092,0.00199441988778137,0.987346889380144
"img_01963.jpg",0.970335934458192,0.00791171969055102,0.00385818884940035,0.00368671361817932,1.00520371840243e-05,0.00482656676902302,0.0024803454062953,0.00689047917117475
"img_01966.jpg",0.945690047845353,0.0295453663032823,0.00203077461613801,0.00204847204914839,1.00213069065589e-05,0.010753998376342,0.00208182983137589,0.00783948967145405
"img_01983.jpg",0.927337730632297,0.00779687465211574,0.0145455776682699,0.00448677837719524,1.03880238103769e-05,0.0116514851311838,0.00466215840048035,0.0295090071146477
"img_01984.jpg",0.160529544808614,0.00992999858905868,0.0033793458282875,0.00413005193204285,1.00329398421894e-05,0.00662125854246173,0.00219517880825174,0.813204588551442
"img_01995.jpg",0.0385204012010943,0.191848275167204,0.0101103322237666,0.416356413376922,1.01263769519531e-05,0.112720664712627,0.0110316444071577,0.219402142534277
"img_01996.jpg",0.0781575862450457,0.00721154353843739,0.00573989180069946,0.00429772239806645,1.01816336652101e-05,0.807227327395461,0.0758140448330208,0.0215417021556039
"img_02001.jpg",0.42067401931143,0.00645276731011353,0.00609360660593125,0.00356324166229874,1.00729390392183e-05,0.238533953718285,0.14607783596496,0.178594502487943
"img_02006.jpg",0.454560889455189,0.0355105413796849,0.143680936047117,0.209329093134073,1.00465328189911e-05,0.0132194531732727,0.00408439066018245,0.139604649617662
"img_02066.jpg",0.947746788058659,0.00635439352725274,0.0045539233492169,0.00237333431805815,1.00403605137238e-05,0.00858122393224054,0.00265451114318427,0.0277257853108751
"img_02074.jpg",0.924744334144908,0.016090496829669,0.0029580805618966,0.00267987724063188,1.00420143041162e-05,0.0484662436275013,0.0021831772992729,0.0028677482818158
"img_02076.jpg",0.204352995520664,0.743353437717093,0.00238239765809519,0.00250632272142122,1.03011568844381e-05,0.00250810659229755,0.00220618765899699,0.0426802509745476
"img_02077.jpg",0.00352617585402346,0.000480637885326232,0.000780004658637632,0.991995427174991,9.9418217143119e-07,0.00217601544392492,0.000296183198535324,0.000744561602389582
"img_02096.jpg",0.984618027491199,0.00263785286531812,0.00233275481060028,0.00205253005587228,1.00208303503464e-05,0.00310685857284043,0.0022932204809253,0.00294873489289382
"img_02119.jpg",0.857236579713367,0.0146107083316248,0.0642607425881276,0.00527416185783036,1.00603038266278e-05,0.018378121419963,0.00375162158967832,0.0364780041955826
"img_02124.jpg",0.0407799815118342,0.00414569200821462,0.0057216271022969,0.00239667121957778,1.00537494166469e-05,0.928605617607967,0.00905537999535353,0.00928497680533893
"img_02172.jpg",0.882229205564887,0.0185865757155107,0.0153125114919132,0.00216417428133838,1.02276360221678e-05,0.0464097812104026,0.00508092842496385,0.0302065956749622
"img_02180.jpg",0.886986581161715,0.015730883207366,0.00536430059774164,0.00525259191592377,1.01230961463735e-05,0.0445125716076041,0.00674050573339553,0.035402442680108
"img_02188.jpg",0.682286684955831,0.00751412825155076,0.00373354678711603,0.00362875257276075,1.00845022988022e-05,0.0529025311591196,0.0122370926476921,0.237687179123631
"img_02209.jpg",0.0445128102532701,0.00395378688227395,0.00446530674706996,0.00343640026453148,1.00586664995744e-05,0.924857068598439,0.00865128012727088,0.0101132884606451
"img_02231.jpg",0.023127530316184,0.000510158369917202,0.000721103996168729,0.968401306305169,1.01969855177035e-06,0.00334571534733079,0.000284452054190817,0.00360871391248799
"img_02235.jpg",0.00423743000051905,0.0110141314264466,0.00121513204254725,0.961474743997249,9.75130944967464e-07,0.00796159672788184,0.00128452047347514,0.0128114702009357
"img_02252.jpg",0.973776421111267,0.00706276691973945,0.00351869633650663,0.00253467787904883,1.01351693967018e-05,0.00463420241405025,0.00310879638537512,0.00535430378461626
"img_02268.jpg",0.823036859573348,0.0234927198278813,0.035634317308969,0.0488881805648044,1.01194246096619e-05,0.00587953169981874,0.00447970805173459,0.0585785635488348
"img_02270.jpg",0.944944391473474,0.0148696828206395,0.0126762588907844,0.00556366025403728,1.01671861658246e-05,0.0112267798748382,0.00277055106771011,0.00793850843235053
"img_02281.jpg",0.00306944703236762,0.00113771687936482,0.000480934219647091,0.993739226627693,9.98149283117148e-07,0.000656213624161415,0.000294738215144357,0.000620725252338674
"img_02282.jpg",0.00265486242891015,0.0023485913162188,0.00202334219317278,0.00243961713225701,1.00214893027196e-05,0.00215092213359115,0.00249470552242012,0.985877937784127
"img_02291.jpg",0.978143446213637,0.00845913056788393,0.00203721351734038,0.00228081498896189,1.00282175953467e-05,0.00270229328223571,0.00205806098093374,0.004309012231412
"img_02299.jpg",0.837592343929197,0.0551590286679748,0.00514997796441385,0.0202447519785371,1.00585743091492e-05,0.0168694357047375,0.00599692997687284,0.0589774732039582
"img_02305.jpg",0.0294646499161137,0.165546670025704,0.0105154721083491,0.494917357759435,1.01321118014298e-05,0.0488190369796416,0.0132352573301331,0.237491423768822
"img_02307.jpg",0.754444536534992,0.0168238426729809,0.00247755901247548,0.0032620075065507,1.0121647005137e-05,0.0712522208058738,0.0206356918428913,0.13109401997723
"img_02309.jpg",0.980784034053767,0.00476195820745112,0.00207963353045638,0.00264304785494024,1.00427787726309e-05,0.00249716478782347,0.00213203968838343,0.00509207909840574
"img_02318.jpg",0.0145036569601667,0.00354844599558012,0.00235639078858757,0.00298976441719942,1.00282263886604e-05,0.00227574161057291,0.00227771904527562,0.972038252956229
"img_02356.jpg",0.0262166507799929,0.00284614085275441,0.00347219320513456,0.00740349691940841,1.00614575743417e-05,0.00349028697134224,0.00315038347105787,0.953410786342735
"img_02367.jpg",0.91530726248335,0.0326949537132793,0.00354174667735151,0.00584826888983378,1.02025897849879e-05,0.0174002291573629,0.00827407637115586,0.0169232601178813
"img_02379.jpg",0.129826876563565,0.00717259723167953,0.00250824247103888,0.00247044918200626,1.00357688426784e-05,0.00326940350199648,0.00333665046163144,0.85140574481924
"img_02384.jpg",0.72983526755254,0.0141861315630227,0.00435008616519882,0.0029172395622713,1.00864028148511e-05,0.0522778169140821,0.00602262623629644,0.190400745603774
"img_02398.jpg",0.897253515617051,0.0200716487383361,0.00676826499033289,0.0249433559758852,1.00700987160253e-05,0.0298320965729574,0.0031104077569622,0.0180106402497589
"img_02400.jpg",0.948701534185197,0.00714309073120827,0.011225786761257,0.00294804777673241,1.00235123932116e-05,0.0180410100350719,0.00239723447269887,0.00953327252544178
"img_02406.jpg",0.00231473187279914,0.000345574069833331,0.000762634489629459,0.99425872256813,9.96362915771325e-07,0.00117470906877659,0.00033339850104522,0.000809233066870563
"img_02412.jpg",0.7097649031197,0.00373670017032807,0.00404719611136074,0.00349988068048143,1.00901878506637e-05,0.00354911755370447,0.0037703896263342,0.27162172255024
"img_02422.jpg",0.826377912529402,0.0281480387388099,0.00389721999538825,0.00573637092535843,1.00565483758745e-05,0.0125539426168613,0.0191398848707565,0.104136573775048
