"image","ALB","BET","DOL","LAG","NoF","OTHER","SHARK","YFT"
"img_00007.jpg",0.0572101336779529,0.0939896148813324,0.00827950308911779,0.00446454032281211,0.000999661261736191,0.00846603101444574,0.00192476854447082,0.824665747208132
"img_00009.jpg",0.700105410646185,0.118017579575348,0.00155871351757629,0.00176714336569302,0.000999574380474559,0.163236562699992,0.00246947742496922,0.011845538389761
"img_00018.jpg",0.767587312762832,0.0767308195050126,0.00594871091002748,0.00803566457501608,0.000999887042308587,0.131035725320221,0.00156206831638315,0.0080998115681996
"img_00027.jpg",0.142438813384035,0.0220499014804493,0.00350815430095974,0.00184876025556266,0.00100594907421729,0.0662501976329741,0.044338720860214,0.718559503011588
"img_00040.jpg",0.075379160701137,0.0160958580056822,0.00153409618613591,0.00176931498089458,0.00100546066736284,0.00739363161690639,0.847760573273966,0.0490619045679148
"img_00053.jpg",0.856855407043141,0.0104112636075501,0.0126008868712728,0.00237603876339342,0.00100615356154316,0.0995241586831528,0.00162371297226568,0.0156023784976812
"img_00071.jpg",0.0337681273413051,0.00354042513854346,0.00152039673867676,0.954219228199236,0.000999485720333344,0.00266662832750658,0.00145733348376798,0.00182837505063077
"img_00075.jpg",0.705625882682017,0.0146408856150197,0.00179620548251662,0.00437504676035539,0.00101255467255556,0.26675397654346,0.00294950179711438,0.00284594644696077
"img_00102.jpg",0.578725259135211,0.0976841893730054,0.00253186188187015,0.00420055494121004,0.00100017539629168,0.0177745522732006,0.0104807760523784,0.287602630946833
"img_00103.jpg",0.811531903664118,0.0713084609470292,0.0223633710870211,0.00152501997915707,0.000999657646694205,0.0684927397220339,0.00183698061996285,0.021941866333984
"img_00109.jpg",0.981019946980585,0.00164542318284764,0.00149709867324967,0.00146630932444183,0.0010120789707329,0.00337352903056309,0.00208999581217423,0.00789561802540584
"img_00120.jpg",0.755053455688692,0.013492544558189,0.00254357252777129,0.00231155380822436,0.00100176012820736,0.0139701280459815,0.038498232817666,0.173128752425268
"img_00125.jpg",0.731295040922095,0.0105159636329828,0.00455566606261739,0.00173594297332489,0.00100209166809233,0.105820028273019,0.0132908988263226,0.131784367641546
"img_00128.jpg",0.00641937164531405,0.166978964319662,0.511088626721782,0.00147535984333822,0.00100012560141488,0.00256606606945403,0.00212419995596895,0.308347285843066
"img_00129.jpg",0.0781429014325338,0.0143287193748797,0.00223533291072197,0.00208705799438061,0.00100565924586059,0.00696958989882578,0.827166500999525,0.0680642381432727
"img_00138.jpg",0.384257597900499,0.545345221186534,0.00423958686204147,0.00433966373698734,0.00101731889328811,0.0545692374630002,0.00217961102023372,0.00405176293741644
"img_00141.jpg",0.00345615274757451,0.0065632349196805,0.00627215226924411,0.00145590652174302,0.000999455891877146,0.00187566652483259,0.00145565041379025,0.977921780711258
"img_00152.jpg",0.054335350336631,0.0288430897169817,0.00212463757669199,0.00220950734382052,0.00100149288612082,0.0207394790779999,0.003336815552308,0.887409627509446
"img_00161.jpg",0.0031276864196598,0.00327109486500796,0.00176507453269689,0.00143716943832092,0.000999665393860146,0.00838865147995733,0.00143224498337746,0.979578412887119
"img_00170.jpg",0.188615113926757,0.00602510328934919,0.00207217124102635,0.731556498576077,0.00100391685830643,0.0410362539136597,0.00167479616569971,0.0280161460291252
"img_00171.jpg",0.69109027924934,0.0110130820687343,0.0940636585438753,0.0722075308210408,0.00102688251062069,0.121484221618134,0.00206650999137379,0.00704783519688075
"img_00175.jpg",0.773270104405715,0.00625261266914475,0.0110783454050334,0.0237602561695831,0.00101057834702593,0.17618916397154,0.00169830150397095,0.00674063752798675
"img_00180.jpg",0.0315777981188703,0.00693981830923774,0.00310173177674978,0.0028578773410644,0.00100027546330784,0.00811170108851481,0.00326418928808432,0.943146608614171
"img_00212.jpg",0.474178794469844,0.00253809639213666,0.00165408209516064,0.0483383515815228,0.000999701496992316,0.00528499005960347,0.0015109250647453,0.465495058839995
"img_00223.jpg",0.818696404415235,0.00857417689752987,0.0621502967051392,0.00477638299828569,0.00100024811006551,0.0845956453118373,0.00289149837512128,0.0173153471867867
"img_00230.jpg",0.676555660019761,0.174819488597568,0.00164001017145306,0.00164170575526788,0.000999455371927432,0.133858705682324,0.00147610889777988,0.00900886550391943
"img_00232.jpg",0.0039466864899176,0.0150771261408855,0.00146592843147765,0.0015100005514275,0.000999500407041818,0.00389692250483765,0.969696456850866,0.00340737862354645
"img_00244.jpg",0.866089649851193,0.048722123995802,0.00199878546912512,0.00229152431295617,0.000999956441857269,0.0346989252361122,0.00218253088287817,0.0430165038100758
"img_00280.jpg",0.957895080628234,0.00174255858984854,0.00436099521767614,0.00162504876988881,0.00112061129535925,0.00242656293391003,0.00210048103938652,0.0287286615256968
"img_00282.jpg",0.780999752962329,0.0117681224464298,0.00937477748290417,0.0723009574371606,0.00102002222032103,0.115664950424074,0.00213757223865925,0.00673384478812176
"img_00285.jpg",0.130135722254288,0.0108219571411896,0.00318185134521997,0.00171167318137326,0.00100885099214166,0.0340029686761891,0.0851703790017852,0.733966597407813
"img_00292.jpg",0.659316302022129,0.0898213272919991,0.00186533133631371,0.00227365600398532,0.00100524376212996,0.030990276730389,0.0113658099373763,0.203362052915678
"img_00302.jpg",0.102103352766976,0.0334902045886628,0.0015892264765496,0.00179123138809071,0.00101547696355991,0.0152156598475061,0.787349934118981,0.0574449138496734
"img_00311.jpg",0.987400819013261,0.00237173442467637,0.00143584513146601,0.00144872176606035,0.00100204491400564,0.00147492072183626,0.00146741886054776,0.00339849516814711
"img_00320.jpg",0.986529241772492,0.00299538895590898,0.00145642705028061,0.00144582401088047,0.00099994321931696,0.00239719095715024,0.00146816049544308,0.0027078235385274
"img_00331.jpg",0.850366291646171,0.00195305898133213,0.0016121193045134,0.00150376991116519,0.0010097054343047,0.0343790645524853,0.0118000718104772,0.0973759183595514
"img_00358.jpg",0.682335550881351,0.0243188780605271,0.0015508051074627,0.0016336190327233,0.00100048307458818,0.0468442033771821,0.0133121057525705,0.229004354713596
"img_00374.jpg",0.651293388876944,0.0575846629215613,0.0016739446102474,0.00192183604264088,0.000999467357818524,0.00288676055419965,0.00151486227904827,0.28212507735754
"img_00375.jpg",0.0919374561401979,0.0363215823345039,0.779930818533473,0.00858399989082377,0.00100476793075702,0.0586497806653145,0.00323458848213905,0.0203370060227914
"img_00376.jpg",0.908305427991908,0.00579045857363509,0.00614817845824117,0.00151086468372494,0.00100759399567236,0.0242903410788927,0.0116114587578171,0.0413356764601081
"img_00380.jpg",0.967117045383773,0.00355713892334893,0.00353176590752729,0.00231971577246422,0.00100559779862774,0.0183496481326427,0.00155181585615838,0.00256727222545811
"img_00383.jpg",0.985493413051239,0.00381596807708562,0.00145200116143032,0.00149588606748856,0.00101070765961119,0.0021667866823872,0.00173820767393058,0.00282702962682716
"img_00398.jpg",0.885307633935925,0.00334337558196935,0.00146274909914494,0.00145265085848597,0.00100356865875762,0.00162419873316076,0.00169234769714172,0.104113475435414
"img_00407.jpg",0.946399820023961,0.00505576498482217,0.00389945290520577,0.00497470324272383,0.00100074358713257,0.00984481032434385,0.00151454881448351,0.0273101561173278
"img_00417.jpg",0.242393931411936,0.00498298520253605,0.00148027376531967,0.0234335741560499,0.00100021909428384,0.0036952547461502,0.00177726690306052,0.721236494720664
"img_00442.jpg",0.00214103627248254,0.00174944762621301,0.00153156064365014,0.00142453843326403,0.000999424618403462,0.00155904795927654,0.00142489662389839,0.989170047822812
"img_00446.jpg",0.914195761565001,0.0102298502888236,0.00169370622726364,0.0126970375773393,0.00100233833149946,0.0358328164462959,0.00164758498198031,0.0227009045817963
"img_00469.jpg",0.865441566208298,0.0057711588973848,0.00205189766746481,0.00149970161028223,0.00100065726500061,0.0687643597225158,0.00241379983574253,0.0530568587933109
"img_00473.jpg",0.871312265964098,0.0094740578497679,0.00198411823725253,0.00148398575634071,0.00100932569650166,0.00889009024657625,0.00381884946914148,0.102027306780322
"img_00483.jpg",0.913567533995829,0.0608678319509958,0.00147003917347707,0.00146804856311043,0.00100727996843489,0.00233968659652348,0.00180539037643349,0.0174741893751954
"img_00484.jpg",0.18038302300621,0.0845328918691993,0.00273921907169984,0.00783727896242565,0.00100122162139317,0.00663575453195094,0.00577199892552165,0.7110986120116
"img_00486.jpg",0.930104016678248,0.0273270504787562,0.0101149283185393,0.00511042198280551,0.00100811365387934,0.0200598188130034,0.00248449684885498,0.00379115322591333
"img_00518.jpg",0.943421297951176,0.00159692489510245,0.00167326843412756,0.00153735882821807,0.00102542326336651,0.00168887911309688,0.00730558964235622,0.0417512578725568
"img_00533.jpg",0.641171428028182,0.0505101296710935,0.00230005537556635,0.00292333908064492,0.00100316291509964,0.0144681037824412,0.0149588601814963,0.272664920965476
"img_00538.jpg",0.753667780399813,0.135365057566693,0.00160724279743765,0.00159902197800042,0.00099970330756881,0.0156742315038242,0.00156238337249374,0.0895245790741689
"img_00543.jpg",0.987853522188087,0.00197106077661761,0.00143766911608406,0.00144147084347563,0.00100399150510017,0.00153906131154563,0.00147759614638846,0.00327562811270194
"img_00550.jpg",0.0961863116662278,0.0115923482930454,0.0212466899399201,0.0065003776444596,0.0010268275815507,0.845097963296918,0.00355252327848015,0.0147969582993979
"img_00551.jpg",0.841361332260962,0.00807568607082516,0.00264874148554262,0.00474705505951713,0.00100087935517046,0.0529707086669862,0.0316914635954679,0.057504133505529
"img_00575.jpg",0.888275421400963,0.00360175102139264,0.00172333025076189,0.00175079570635358,0.00100767513666752,0.00980263195985945,0.0357043970763803,0.0581339974476216
"img_00582.jpg",0.81830351758312,0.0271191832535226,0.00284339616164256,0.00221986911048732,0.00103747060840757,0.113286547766079,0.0022127943685133,0.0329772211482273
"img_00584.jpg",0.903051337261755,0.00214357425920772,0.00264764619040787,0.00344391838692452,0.00103560837869087,0.0610501888297976,0.00161650545986503,0.0250112212333518
"img_00587.jpg",0.119176331468329,0.0177336803683231,0.00272400501172576,0.00159781815912412,0.00100241194473455,0.0398223457048912,0.0297975272403896,0.788145880102482
"img_00590.jpg",0.147232348100166,0.0239751378562713,0.00708468826777294,0.0017900366158376,0.00100582323979855,0.0444577148080927,0.024191705730316,0.750262545381745
"img_00591.jpg",0.0988249734796002,0.00330460412369953,0.0016919246041859,0.00150547909059121,0.00100051094566232,0.044148855993681,0.0145467285170147,0.834976923245565
"img_00598.jpg",0.935943027261533,0.00479008889761142,0.00256834055254252,0.00955133332714342,0.00100420472230029,0.0337886988291167,0.00246238386697512,0.00989192254277702
"img_00599.jpg",0.828628913131083,0.0246493407012696,0.00516108978518024,0.0023835395596501,0.00100429357919161,0.011067139931468,0.0160558758775622,0.111049807434595
"img_00612.jpg",0.6671905329175,0.00602262540083799,0.00216069948245255,0.00201689209896051,0.00100431327229953,0.29104371401815,0.00661012428654637,0.0239510985232524
"img_00620.jpg",0.755877530428873,0.00736816965669183,0.188565696893711,0.00241236079613312,0.00100386097331125,0.0362981291276838,0.0022012112589829,0.0062730408646128
"img_00642.jpg",0.0367191668740273,0.0142970245453451,0.00183963960164106,0.938355958767883,0.000999466297375339,0.00392285483704361,0.0014598454822027,0.00240604359448172
"img_00646.jpg",0.0039270868855007,0.00463448565417288,0.0279237321320117,0.00143803435272734,0.000999438283139939,0.00306479847679214,0.0015549404846874,0.956457483730968
"img_00648.jpg",0.987693023680197,0.00237859784847968,0.00144518305265389,0.00144516573649766,0.00100457247626301,0.00154371314450727,0.00148311008690619,0.00300663397449506
"img_00650.jpg",0.110059763476487,0.00915149560725289,0.00361371770644906,0.00347932887438163,0.00100912082270812,0.30066808369809,0.554407624307807,0.0176108655068241
"img_00664.jpg",0.775736076432971,0.0126320863977816,0.00163008434414519,0.00146941469082985,0.000999704380878397,0.00279611383744922,0.002707476844175,0.20202904307177
"img_00697.jpg",0.00214025586505426,0.00441158321646436,0.00385217923544183,0.00142857200907575,0.000999422945849219,0.00152244667081838,0.00142914254110411,0.984216397516192
"img_00708.jpg",0.704859553797658,0.0164344524111141,0.00347790051966098,0.00381518155587101,0.00100380862696421,0.17266726198481,0.0179355129158813,0.0798063281880399
"img_00716.jpg",0.161541733834556,0.0875246350928106,0.00289490170816161,0.00303571760908092,0.00100272626471289,0.576007865631658,0.0815932200607864,0.0863991997982333
"img_00717.jpg",0.481796878936063,0.0518945665465084,0.00247744452491651,0.0124337985030541,0.00099955375618434,0.441876842834223,0.00376628735547859,0.00475462754357291
"img_00718.jpg",0.943870305070895,0.00828436597403444,0.00205853351264753,0.00428872026543946,0.00100060617418567,0.0193768814886115,0.00148281475469024,0.0196377727594967
"img_00724.jpg",0.107996944117513,0.00260976619849972,0.00313302661334046,0.00158905869507387,0.00101916125687261,0.0129279464930304,0.11567693997684,0.755047156648829
"img_00726.jpg",0.987658855877554,0.00153050804105944,0.00144083196384425,0.0014337949626057,0.00100085322653676,0.00163385670432183,0.00199220350329917,0.00330909572077842
"img_00730.jpg",0.0223041086407744,0.00354544105938657,0.00193228927652848,0.00148200287126209,0.000999959855557501,0.00353039664577121,0.0131442847410609,0.953061516909659
"img_00757.jpg",0.919803270130096,0.0058101994489409,0.00339533153295962,0.0151125199430711,0.00100191524915214,0.0319849255527626,0.00168642532860179,0.0212054128144161
"img_00760.jpg",0.0636266059424416,0.00593126745068564,0.00162235862031427,0.917740601946923,0.00100036874229002,0.00446246822425246,0.00184457800807237,0.00377175106502111
"img_00764.jpg",0.00916354048703424,0.012670604953646,0.00828311735426094,0.00164469786544841,0.00104200476644203,0.00165173749027235,0.00150630931308494,0.964037987769811
"img_00765.jpg",0.028984362371145,0.491765827318996,0.00188879882156971,0.0161145652262805,0.00100019654585234,0.213442762515876,0.0050163676527376,0.241787119547543
"img_00772.jpg",0.0947781981779335,0.00710252816149101,0.177318757252934,0.00144192856940812,0.0009994520218087,0.0098560494136435,0.00184826418908863,0.706654822213692
"img_00777.jpg",0.264541794469365,0.0285067687011013,0.00397580372465721,0.00201002146616657,0.00101042270558994,0.693254466120275,0.00511144922396149,0.00158927358888389
"img_00780.jpg",0.00570132819200659,0.0023058477115647,0.00690087704857376,0.00146331915185949,0.000999466796135766,0.0372156621786048,0.0532002266915036,0.892213272229751
"img_00798.jpg",0.880538026233278,0.0394058051464234,0.00314690260528376,0.0227750873140145,0.00100591847090742,0.00456040632546102,0.00243860209075997,0.0461292518138714
"img_00808.jpg",0.82512706311324,0.131645964552369,0.00187168095702513,0.001818222824455,0.000999547329016871,0.00751987647410674,0.00148097654249924,0.0295366682072878
"img_00816.jpg",0.983402104381826,0.00233245493185304,0.0014908714156787,0.00146870129562469,0.00100300648955761,0.00189536677925544,0.00250317200234331,0.00590432270386122
"img_00833.jpg",0.701381696032334,0.0334118510135299,0.00371081822297869,0.00265906733688699,0.00100165623743039,0.0638406003409192,0.0259800580036049,0.168014252812316
"img_00837.jpg",0.818977009467116,0.0221836093152242,0.00217301654162601,0.00228538926903852,0.00100430329675572,0.14316710441831,0.00185422091140794,0.00835534678052192
"img_00855.jpg",0.72115257661565,0.0159248898230228,0.00538401921527035,0.00217765954132277,0.00101231735768574,0.198888491712524,0.00962180986041603,0.0458382358741079
"img_00857.jpg",0.988483419130308,0.00284417856570426,0.0014656523795244,0.00145556743389391,0.0010014690684972,0.00152793609163698,0.00145853439636206,0.00176324293407339
"img_00858.jpg",0.951783429439793,0.0080324995089329,0.00168464622260144,0.00184436245708449,0.001144409697805,0.0144410206997466,0.00245315929693487,0.0186164726771022
"img_00865.jpg",0.803288044255381,0.145229443125003,0.00148946256289794,0.00145439826163194,0.000999459573892885,0.00472097674710696,0.00479224308031901,0.0380259723937673
"img_00902.jpg",0.00365995320849315,0.0181966515658911,0.00147236495364937,0.00165615644777722,0.000999652989503563,0.00372785353105335,0.968298523213056,0.0019888440905759
"img_00914.jpg",0.00408550096575012,0.00210008747582058,0.00461994362074958,0.00144181722308673,0.00101142912344993,0.00183666661964566,0.00144218159798237,0.983462373373515
"img_00921.jpg",0.802641267754554,0.00293621332781564,0.00398145650988877,0.00157516903824996,0.00100691912457,0.0336579949127811,0.0341438707238549,0.120057108608286
"img_00927.jpg",0.0821918338928672,0.0255056059107848,0.0048884874680602,0.00192249284004426,0.00104141341827467,0.0711867331858964,0.0159925648734847,0.797270868410588
"img_00943.jpg",0.783156680158046,0.18998334662945,0.00146448923358273,0.00144708774584794,0.00100236179716948,0.00168663481876881,0.00205880024828581,0.0192005993688488
"img_00959.jpg",0.986152913279984,0.00158254132504987,0.00155523726000489,0.00155777395557377,0.00106637482208904,0.00293426074177954,0.00183835391799431,0.00331254469752427
"img_00962.jpg",0.00343937287899249,0.00432716638178846,0.00484147448639185,0.00144252130721696,0.000999444245515726,0.00202023661841249,0.00144110665793002,0.981488677423752
"img_00964.jpg",0.00214940026029557,0.00958010367392649,0.909071948074397,0.00193124757221612,0.000999466468696713,0.00209093927349878,0.00156824366350089,0.0726086510134683
"img_00979.jpg",0.00694623103019594,0.00709718341174093,0.0418513769543829,0.001468626064459,0.000999459328533659,0.00551492367021096,0.00148887770545354,0.934633321835023
"img_00985.jpg",0.578635064980183,0.107415278105171,0.00157382005162191,0.00247350544345194,0.00100686216166648,0.0719727290876602,0.00665650769369742,0.230266232476548
"img_00999.jpg",0.691676065447535,0.00718971865946994,0.00169055686881946,0.0015196944576579,0.00100068426762288,0.0171738047490876,0.15397477748663,0.125774698063177
"img_01022.jpg",0.925454107004063,0.00258340827152331,0.00246601764309224,0.00452509115677306,0.00102199459467856,0.0517987608938353,0.00196092251162127,0.0101896979244135
"img_01031.jpg",0.669885637800251,0.00225850520759363,0.00840893423560562,0.00234950964000025,0.00100750182241771,0.306590430350299,0.00548692253848236,0.00401255840535052
"img_01035.jpg",0.227728731712045,0.0137791842711451,0.00332980859656534,0.00217744699922923,0.00100362054616954,0.744768732578007,0.00563822068948281,0.00157425460735662
"img_01059.jpg",0.0680379760805542,0.01355544374615,0.00208254638070592,0.00230137364535127,0.00100101583221252,0.108500545701185,0.00934203597940732,0.795179062634434
"img_01103.jpg",0.0160473598024278,0.174036373443476,0.00221830036793746,0.00345706027026294,0.000999481131966233,0.00207536762067892,0.00541290835054083,0.79575314901271
"img_01116.jpg",0.745918964770346,0.141031990370479,0.00210190357816126,0.00404080462104527,0.000999532210406473,0.0871515315277981,0.00152496380154485,0.017230309120219
"img_01134.jpg",0.873924446295372,0.0046948732007662,0.00579399599923069,0.00433137226292479,0.00100064685141457,0.0953981711658894,0.00163292937870472,0.0132235648456976
"img_01179.jpg",0.896128847838572,0.00176666543289459,0.00233244564519406,0.00313299543231183,0.00100239828060983,0.0914658396520256,0.00148013999689693,0.00269066772149496
"img_01188.jpg",0.0595228456051104,0.642171901008255,0.00240264889439794,0.0104878972467924,0.00100074401998356,0.231181289415192,0.00259547626511561,0.0506371975451529
"img_01211.jpg",0.964022838549226,0.0258019398067116,0.0014514564676992,0.00147299904319054,0.00100406786847284,0.00147576367622935,0.00179983147962862,0.00297110310884169
"img_01213.jpg",0.574739616481338,0.345400690977205,0.00289458685082786,0.00530099487264318,0.00100206293735172,0.0544053017464431,0.00154057357732018,0.0147161725568707
"img_01222.jpg",0.661164316816526,0.154095454879215,0.00266278346158928,0.00918181525415633,0.000999515147147481,0.0195004127570715,0.00227841763537505,0.150117284048919
"img_01224.jpg",0.0147210719921166,0.0978589069718322,0.156768458872114,0.00148949433386133,0.000999483866874696,0.0230375577115263,0.00178049849200695,0.703344527759668
"img_01253.jpg",0.00322960130645768,0.00528578310232883,0.00143885840123892,0.00141902009830778,0.000999458951112993,0.00168718381165305,0.00141766442172597,0.984522429907175
"img_01286.jpg",0.16711141774893,0.00643804062213556,0.00200318888922357,0.00184081374231256,0.0010694373460652,0.0208319643328723,0.00186587066006857,0.798839266658392
"img_01289.jpg",0.0742706963002488,0.0269604456079843,0.00165653577696729,0.00257413385391659,0.00100056333971545,0.0604547409209588,0.0192707114821478,0.813812172718061
"img_01328.jpg",0.76129035266795,0.192939671805598,0.00169191251725534,0.00737037715933979,0.00100015695246974,0.00929881975357279,0.00151927845488368,0.0248894306889306
"img_01366.jpg",0.180702167048985,0.00517195351567824,0.0107834078351518,0.0128032613258687,0.00100465447885549,0.781588545960478,0.00198611563894892,0.00595989419603479
"img_01371.jpg",0.964147590592406,0.00213391347848437,0.00178960530004215,0.00153369635068801,0.00104238906311602,0.0018574229603103,0.0020719632924941,0.0254234189624592
"img_01379.jpg",0.879119462040429,0.0290350195923543,0.0107383277237657,0.00273967392332961,0.00100379983662242,0.029951571620642,0.00178281780756686,0.0456293274552897
"img_01384.jpg",0.41305515137014,0.00506654964314566,0.0136617779517873,0.00336021571874291,0.00101974762314299,0.544963759129413,0.00216961504947001,0.0167031835141581
"img_01388.jpg",0.761731232608064,0.0907874327600064,0.00189592180124812,0.00163810833303426,0.00100076083782256,0.0564103130589193,0.00166465649928102,0.0848715741016244
"img_01392.jpg",0.00240902528499299,0.0176093574719508,0.804608548809643,0.00185227975839147,0.000999678938473766,0.00176781966958414,0.00180896100564951,0.168944329061314
"img_01399.jpg",0.00402702597027279,0.861844694713604,0.00834272990296355,0.00151037648366372,0.000999573524456191,0.00319542139486512,0.00146608134620069,0.118614096663974
"img_01404.jpg",0.969266337675068,0.00787359396375502,0.00161946654610866,0.00850019370600791,0.00100024880965172,0.00577533967548082,0.00147564008366544,0.0044891795402627
"img_01405.jpg",0.856311031760131,0.00271617669747165,0.00177888147485544,0.00415454659863589,0.00100550020605186,0.129878217463958,0.00182173967625133,0.00233390612264432
"img_01413.jpg",0.957803289647098,0.00186325776240604,0.00179352414833869,0.00292976071424058,0.00101151908409048,0.0246631071097757,0.00167531712958154,0.00826022440446925
"img_01426.jpg",0.0361806052561781,0.156734792627987,0.00220439859166975,0.00146361340291565,0.000999666863632676,0.00313564904863178,0.715666188290284,0.0836150859187008
"img_01441.jpg",0.00388693117181385,0.00466140015970271,0.0730584289042149,0.00143236077083531,0.000999923831114109,0.0046896148629308,0.00147819343929544,0.909793146860093
"img_01444.jpg",0.188935662907991,0.0033171569701075,0.00183072738453713,0.00163786064962656,0.00100154735415205,0.0154297626063982,0.00236753861785115,0.785479743509336
"img_01490.jpg",0.00259691677132859,0.00234389585886304,0.152480281335117,0.00144930724237726,0.000999449035277718,0.00158358022822514,0.00150802672985129,0.83703854279896
"img_01495.jpg",0.671880337227546,0.00844490697640404,0.00173170930985115,0.00190087980055896,0.000999502409384631,0.00832666502640302,0.00201853029322492,0.304697468956628
"img_01511.jpg",0.950181870775188,0.0107360426503099,0.00854659113978141,0.00298637550771087,0.00102576799436017,0.0139058353999504,0.00481798550728289,0.0077995310254161
"img_01519.jpg",0.317212941093529,0.0414996005781367,0.00325430815148448,0.00676522887983817,0.00100208033789793,0.150695536197557,0.353257484964167,0.12631281979739
"img_01530.jpg",0.976455199668883,0.00378515654396034,0.00175372343148757,0.00210725984002309,0.00109578439559071,0.00307714871043125,0.00160693340520503,0.0101187940044196
"img_01537.jpg",0.830338826786228,0.00349200542972664,0.0142736737221058,0.00151443403177407,0.00101328005202722,0.125738468172678,0.00203616009236057,0.0215931517130995
"img_01538.jpg",0.923372680890436,0.0117234832158025,0.00155497570568411,0.00150687170411487,0.00100136927868164,0.0356134761393548,0.00174223284728574,0.0234849102186406
"img_01543.jpg",0.976614254948135,0.00183837516588293,0.00151416148647537,0.00181174576988094,0.001019644090854,0.00165799141482963,0.00148076773768696,0.0140630593862555
"img_01548.jpg",0.929081833848742,0.00185463209541764,0.00253009513452815,0.00146501285626718,0.00100764552214313,0.0544965092550187,0.00156062193399197,0.00800364935389075
"img_01552.jpg",0.989617441555855,0.00172651104793626,0.00145721539117111,0.001432017300397,0.000999934410366963,0.00174053254623517,0.00143755206697425,0.00158879568106458
"img_01562.jpg",0.769449203059911,0.00798123549684193,0.00343366213283038,0.00250976542172765,0.00100406990759322,0.0249336409240913,0.0468145619099447,0.14387386114706
"img_01571.jpg",0.952655516762987,0.0182614065790975,0.00147599630816473,0.00145258254176118,0.00100750085614761,0.0016524550709571,0.00200258050265298,0.0214919613782315
"img_01593.jpg",0.290625016922757,0.448336278301068,0.00432373257959201,0.00211160263243664,0.00100023250794575,0.0246707404905773,0.0801426471896979,0.148789749375926
"img_01616.jpg",0.901774494971316,0.0620945860022584,0.00151800134430876,0.00149492150948135,0.00101271138789779,0.00246906062246288,0.00364957010612239,0.025986654056152
"img_01618.jpg",0.858975941137425,0.0441739973111584,0.00150429036393954,0.00217967965431712,0.00100144310136662,0.0878114783962637,0.00149390220046666,0.00285926783506263
"img_01627.jpg",0.810796224388836,0.154441709560909,0.00159657197878179,0.00165299939525605,0.000999462367901604,0.0146449545155203,0.00146518673080803,0.0144028910619873
"img_01633.jpg",0.839177327541254,0.00261751017065301,0.00190416545275176,0.00209374361765075,0.00100370042096565,0.118956450469592,0.00890858109345509,0.0253385212336771
"img_01640.jpg",0.98781729835352,0.00212086072157265,0.00143619043112273,0.00144438054832908,0.00100248968433191,0.00150094382043819,0.00147297989608522,0.00320485654460047
"img_01646.jpg",0.946212996236073,0.0121201932114031,0.00145167105504991,0.00156286110418103,0.000999991899513689,0.0317132648070701,0.00147893106386692,0.00446009062284239
"img_01649.jpg",0.909239738733771,0.00735060507361849,0.00274519302627852,0.0046818495178355,0.00111878861758162,0.052555468027992,0.0152979732611078,0.00701038374181558
"img_01669.jpg",0.0515210413512513,0.00908046494901862,0.00183204204540096,0.925064286697746,0.00100097397172779,0.00456688361070618,0.00231473183400312,0.00461957554014589
"img_01681.jpg",0.214527501078741,0.00240103940067959,0.00177930847677597,0.00148098839445304,0.00100432460017651,0.00568068338180021,0.00299995397632755,0.770126200691046
"img_01684.jpg",0.891720460526111,0.0159742606075292,0.00174277019063825,0.00613581899408825,0.000999521404785281,0.0175211940120962,0.00148042338207162,0.0644255508826801
"img_01687.jpg",0.775789245638608,0.0149631734820065,0.00266446018003037,0.00151631245242603,0.000999781624169298,0.00356551728386894,0.0197761259641924,0.180725383374699
"img_01688.jpg",0.0629668136320855,0.0277376465078048,0.00168590490248033,0.00272110914778832,0.00100360546544234,0.0551764444807309,0.00957495450913539,0.839133521354532
"img_01689.jpg",0.00578904404504448,0.00471823431625899,0.0433257524024525,0.00147318262913758,0.000999510912390127,0.0145254813189108,0.0024867386581753,0.92668205571763
"img_01724.jpg",0.923845541016879,0.00357229150492108,0.00776555447289316,0.00152997798160739,0.00101506017674848,0.023526939220039,0.00217278755405803,0.0365718480728538
"img_01745.jpg",0.609016445064536,0.237565581453566,0.056569572093066,0.00966643228503173,0.00101368136035604,0.0716658333014408,0.0031899677685394,0.0113124866734639
"img_01771.jpg",0.911680938149865,0.0422221684012158,0.00310900267141232,0.00347889584902633,0.000999763791298086,0.00621652765249641,0.00229947526353775,0.0299932282211486
"img_01773.jpg",0.794010088389065,0.00688044583698813,0.00289294750512713,0.0016685755595822,0.00100034551877935,0.00717539022459469,0.0277144316109243,0.158657775354939
"img_01824.jpg",0.652133503342857,0.00237706407248765,0.00310688764892231,0.00253035027478771,0.00100675697644167,0.308511948330063,0.00816281001075722,0.0221706793436827
"img_01831.jpg",0.141763534553899,0.0058130398377115,0.0024151613257078,0.797018962964018,0.00100119602513112,0.0239708256868454,0.00188470791326286,0.0261325716934248
"img_01834.jpg",0.0129155642547205,0.0212252716285604,0.0530805124074395,0.00161299996068413,0.000999505614185153,0.0102811620314001,0.00146543122850238,0.898419552874508
"img_01847.jpg",0.415338973723496,0.0712218225302901,0.00197663124406998,0.00201760238880081,0.000999909428557394,0.00962593157106921,0.00641792241992658,0.49240120669379
"img_01853.jpg",0.0734202273788555,0.0296268705311815,0.00523046025427012,0.00216640991907256,0.00102542108063749,0.095726909449586,0.0148988304236958,0.777904870962701
"img_01856.jpg",0.9021642761879,0.00169642708113356,0.00242624987614074,0.00145324268971911,0.00101756336860051,0.0536475226808757,0.00502006738913779,0.0325746507264927
"img_01862.jpg",0.779269383717476,0.00290165294649026,0.00773543182895242,0.00151663320137173,0.00101372855799424,0.139123549048701,0.00241847806353848,0.0660211426354757
"img_01874.jpg",0.832275772926908,0.00162786797526572,0.00188227367705793,0.0015073974523932,0.00100345031853333,0.0226664317167047,0.0133142785441714,0.125722527388966
"img_01888.jpg",0.0500940394902782,0.343140040333508,0.00247812604111703,0.0217863705233215,0.00100100519063916,0.19993688580292,0.00345511504708403,0.378108417571132
"img_01918.jpg",0.138929622650886,0.013024465902241,0.00250725187532977,0.823161302702708,0.000999503244637923,0.00721314240387295,0.00208654958059336,0.0120781616397315
"img_01930.jpg",0.933822604733132,0.00364483970727211,0.00553898235050628,0.00318378032045798,0.00101214512946752,0.0482395272180619,0.0016625167022844,0.00289560383881783
"img_01932.jpg",0.645983646937039,0.0119541456763139,0.00202999485315053,0.00173103075855295,0.0010004273082103,0.0779510174685609,0.0021467886192874,0.257202948378885
"img_01955.jpg",0.00274387614012691,0.00146291707895611,0.00142187796870765,0.00141913134404783,0.000999422552879784,0.0014228943128762,0.00141915207128047,0.989110728531125
"img_01963.jpg",0.951244698910697,0.00172410522954729,0.00161737698504515,0.00151120142199182,0.0010129882288425,0.0287663990637663,0.0031117912311731,0.0110114389289368
"img_01966.jpg",0.831356395109424,0.116928192483459,0.00145378530017905,0.00144557174807005,0.000999449638447979,0.0178278498663536,0.00151984025012007,0.0284689156039463
"img_01983.jpg",0.893318027697735,0.00667565562684995,0.0504268405514916,0.00255126381904911,0.00104564591523277,0.0184799960223912,0.0022173765274608,0.0252851938397897
"img_01984.jpg",0.20620156574125,0.00472952528976605,0.0014509411904909,0.00144033819551996,0.00099944319821165,0.00386502441474941,0.00143708205273726,0.779876079917274
"img_01995.jpg",0.0175034644761097,0.340490982287543,0.00422484769181945,0.225007354066442,0.00100109139051832,0.225562344401825,0.00846923924731942,0.177740676438424
"img_01996.jpg",0.0788798852934444,0.0076103574077799,0.00180261254005294,0.00258495278251904,0.0010005932682399,0.868605323410706,0.00993708088241193,0.0295791944148459
"img_02001.jpg",0.518161763946544,0.00356236759673259,0.00631926063929485,0.00153306094245648,0.00101598476336828,0.076435611032286,0.261478273749951,0.131493677329367
"img_02006.jpg",0.342026069958565,0.025438104287057,0.361242542292102,0.171457348151895,0.00100019052307567,0.0171004271130135,0.00184536263738283,0.0798899550369089
"img_02066.jpg",0.938113294734783,0.00543867485533217,0.00248122166880756,0.00196982728064936,0.00100458752895494,0.0194493228104198,0.0016107820101504,0.0299322891109025
"img_02074.jpg",0.96400529984587,0.00265326883786765,0.0031119582449914,0.00493294328476047,0.0010046441838133,0.0129222967711092,0.00156759454455916,0.00980199428702874
"img_02076.jpg",0.0330839714437524,0.908434452258065,0.00217623671593017,0.00182015524418261,0.00100613070410521,0.00231325723909451,0.00149388292694331,0.0496719134679267
"img_02077.jpg",0.099766217030458,0.0116803452267714,0.0103855931193111,0.835906035257078,0.00100030844168985,0.0257645635091673,0.00257720976953858,0.0129197276459854
"img_02096.jpg",0.986941765277837,0.00154483765410673,0.00208276271792309,0.00142413689943479,0.000999933222151857,0.00220371606468162,0.00156580073644867,0.00323704742741603
"img_02119.jpg",0.805717318514575,0.00882050084991861,0.0943666526501457,0.00471270284213565,0.0010003587318599,0.0507008247370369,0.003317585822536,0.0313640558517924
"img_02124.jpg",0.033212486122957,0.00309122838532586,0.00582550538351529,0.00175809844053958,0.00100571245973884,0.932938347171656,0.00330411879635595,0.0188645032399119
"img_02172.jpg",0.88075418063598,0.0118502078740649,0.00672435648343581,0.00152698249953369,0.00102087599877131,0.0543069268213229,0.00428582023258657,0.0395306494543046
"img_02180.jpg",0.848362362214701,0.01747239230856,0.00307931286866887,0.00225802506210966,0.00100335153619841,0.0820595625726519,0.0138700129627304,0.0318949804743801
"img_02188.jpg",0.738206216745616,0.0085181031997091,0.00272591301345048,0.00197382079784112,0.00100503140688887,0.138701299835807,0.0197133514057434,0.0891562635949443
"img_02209.jpg",0.0789263738429102,0.00450583822856266,0.00574661073972466,0.00363808538946212,0.00101346071426284,0.861589049203105,0.0209055964454331,0.0236749854365394
"img_02235.jpg",0.0453793858938034,0.255517450880808,0.0050178195826316,0.175469386338044,0.00100011677511556,0.312028721063798,0.0118265663474002,0.193760553118399
"img_02252.jpg",0.985237497072162,0.001838265475633,0.00150518919310674,0.00148965801718463,0.00104393414192975,0.00170651320678583,0.00161717924388259,0.00556176364931552
"img_02268.jpg",0.937601382246893,0.00849606136671018,0.0045515428158791,0.00941847456072879,0.00101762060713624,0.0212213175183092,0.00234493804245502,0.0153486628418885
"img_02270.jpg",0.892744144541718,0.0530146809148976,0.0182586286416165,0.00391912154044626,0.00100794881982945,0.0165184545204796,0.00247825632898846,0.0120587646920242
"img_02281.jpg",0.0433550450539265,0.00590856864678065,0.00227872359785691,0.936855262643183,0.00100132781873191,0.00523919428587667,0.00151718385963076,0.00384469409401312
"img_02282.jpg",0.00219635279815103,0.00182451761774574,0.00142733686774421,0.00142227064365847,0.00099942239871504,0.00207477201296384,0.00142614707326021,0.988629180587762
"img_02291.jpg",0.989430632894726,0.00190026601795578,0.00142505050195352,0.00142248737032271,0.000999567167082028,0.001474570991975,0.00142330194980983,0.00192412310617464
"img_02299.jpg",0.82772831626668,0.0454232791274517,0.00367251843346937,0.0164168818931399,0.000999721086716189,0.0221562289732117,0.00370635730870858,0.0798966969106225
"img_02305.jpg",0.0145791595980521,0.566445798527508,0.00320554610266726,0.16535737590953,0.00100348034817946,0.127453889054778,0.0115374079662102,0.110417342493075
"img_02307.jpg",0.589575278923184,0.0108553631346362,0.00158748726644309,0.00171200670748898,0.00100490698594862,0.209976473847901,0.0157756924849161,0.169512790649482
"img_02309.jpg",0.987374143444363,0.00211634829863884,0.0014414256445751,0.00144134338966272,0.00100521952742108,0.00145531256937059,0.00145160370670149,0.00371460341926719
"img_02318.jpg",0.0691356424434739,0.00174878451341281,0.00165357813779827,0.00147416131810721,0.00100212622997711,0.00467178921873237,0.00157370631207368,0.918740211826425
"img_02356.jpg",0.0601551404087997,0.00487404617795775,0.0036689697398582,0.00434373070482407,0.00100319916891111,0.0209472986650521,0.00586938330899359,0.899138231825604
"img_02367.jpg",0.944757595742694,0.00613371756657889,0.00172651988596025,0.00193352312045131,0.00106584545827694,0.0326591610099222,0.0042747526599682,0.0074488845561484
"img_02379.jpg",0.13301438226293,0.002571947811843,0.00155231875824384,0.00145133765156217,0.00100196485321911,0.018636992875299,0.00336830097906094,0.838402754807842
"img_02384.jpg",0.644414322280739,0.00541716156822072,0.00230714543640256,0.00199338436969085,0.00100626632750704,0.291486945850036,0.0123712432117404,0.041003530955663
"img_02398.jpg",0.875281821320048,0.0117955177596676,0.00180292990211459,0.00732592130929475,0.00100248439611359,0.0728767753835994,0.00148203471190849,0.0284325152172532
"img_02400.jpg",0.876632358504714,0.0132935167154448,0.0201687500245901,0.00187039970535585,0.000999850875280656,0.0479385374399795,0.0040416767077666,0.0350549100268686
"img_02406.jpg",0.0373226999512452,0.00473573923957683,0.00844373848939831,0.93272252135173,0.00099992461548562,0.00575703247152285,0.00265363712424282,0.00736470675679878
"img_02412.jpg",0.856837583224798,0.00198851469931933,0.00194438610319411,0.00155847002008847,0.0010647259199916,0.011909949484573,0.00297245791135257,0.121723912636683
"img_02422.jpg",0.758486301254026,0.0434083904970173,0.00281981909411916,0.00526919337078254,0.00100120600766231,0.016950141588184,0.0363969600761736,0.135667988112035
"img_02486.jpg",0.8865397561399,0.0254297959924675,0.00343903985901553,0.00151191121247744,0.000999665696259253,0.0610744417114142,0.00152893423513505,0.0194764551533313
"img_02487.jpg",0.961944116270951,0.0107287484694938,0.00148461054646898,0.00148100733978838,0.00101919086749225,0.00196363997255378,0.00180512251090664,0.019573564022345
"img_02522.jpg",0.71909558116921,0.0258730270396659,0.00159052485566453,0.00253898019743529,0.00100917202703946,0.0330944053105712,0.00192747484074918,0.214870834559665
"img_02556.jpg",0.148319914416961,0.01215850291122,0.00161820234712628,0.00151484878450817,0.00100078202729947,0.0046528623524909,0.00666919744973396,0.82406568971066
"img_02565.jpg",0.7933790163954,0.00632567590926235,0.00504776500001173,0.00200434444838272,0.00100972806707005,0.0360928570404624,0.0299903789222419,0.126150234217169
"img_02574.jpg",0.228006135671811,0.00227872792070847,0.00214523001405197,0.0019468238382685,0.00104054286790596,0.00864499608202574,0.00207066619038552,0.753866877414843
"img_02602.jpg",0.868308248007068,0.0156632430732365,0.00161862904319493,0.00191911793056456,0.00100109918513218,0.0144401287145723,0.00283461977132164,0.0942149142749099
"img_02622.jpg",0.860774295955913,0.0128130648373829,0.00182547354620192,0.00151364157527812,0.00100395701050088,0.0377486119885034,0.00967695690136922,0.074643998184851
"img_02625.jpg",0.0523862309778136,0.0081838706959526,0.00267867360916441,0.00201946409360581,0.00100133329412821,0.90506065983218,0.00355608177750052,0.0251136857196544
"img_02636.jpg",0.667521125299823,0.092501159998103,0.00144121031293915,0.00143626363427842,0.000999634308851389,0.00146589498725659,0.00144154034050109,0.233193171118248
"img_02638.jpg",0.916104550650924,0.0505249356501407,0.00192709722298339,0.00446397117489878,0.00100150699345404,0.00977823671364326,0.00222687020793741,0.0139728313860182
"img_02646.jpg",0.0224522176406972,0.00372167523923848,0.00154498135190056,0.00227575058792097,0.000999938275861906,0.00216757072129321,0.0249966125394622,0.941841253643625
"img_02656.jpg",0.64735494128061,0.0250428744049197,0.00169295231364653,0.00266811038203082,0.000999466226281369,0.00193704120906448,0.00147651541766026,0.318828098765786
