"image","ALB","BET","DOL","LAG","NoF","OTHER","SHARK","YFT"
"img_00007.jpg",0.0437655038298827,0.0166028340314199,0.00519272050688399,0.00494581207860178,0.00100090570917414,0.00290974890572053,0.00290907402727551,0.922673400911041
"img_00009.jpg",0.852134765472236,0.0487917451473666,0.00290227644140088,0.0031181615201259,0.00100089310586578,0.0839862929437445,0.00309750617336165,0.00496835919589909
"img_00018.jpg",0.878082224608894,0.0339265203577894,0.00339238642263743,0.0093041432054522,0.0010010493492346,0.0645803747701603,0.00293220221182346,0.0067810990740085
"img_00027.jpg",0.10741384052981,0.0240326329918033,0.00500259739755322,0.0033503773181953,0.00100717404525851,0.127506273670301,0.0122958764623412,0.719391227584738
"img_00040.jpg",0.14877138823047,0.00846141800883135,0.00303235175994866,0.00325923626245838,0.00100750693350293,0.00799463607235428,0.784109993848464,0.0433634688839698
"img_00053.jpg",0.931754208892599,0.0125807583433898,0.00729068067816721,0.00382243183784356,0.00100715774157679,0.0320617857017595,0.00307039335473122,0.00841258344993344
"img_00071.jpg",0.00348163700000633,0.000486360732660612,0.000291292261916267,0.994630683692259,9.95516503028654e-05,0.000406011454844265,0.000286133792978625,0.000318329415031582
"img_00075.jpg",0.850843567490474,0.0187491981749605,0.00321484184197317,0.00582410205446996,0.00101366157679698,0.112371952470612,0.00440868604952188,0.00357399034119183
"img_00102.jpg",0.340487808998658,0.0159678723486671,0.00384055941347532,0.00317093271957408,0.00100148095705899,0.0207500133508419,0.00660027536051551,0.608181056851209
"img_00103.jpg",0.836350958010195,0.02393739519745,0.0820168739903156,0.00328470790055796,0.00100089170478429,0.0242399725550084,0.00289476661053253,0.026274434031156
"img_00109.jpg",0.977223395852843,0.00292570688539652,0.0028768632641234,0.00287663399692693,0.00100094131086367,0.00432700148414371,0.00314075743751045,0.00562869976819193
"img_00120.jpg",0.596016557735877,0.014028612073362,0.00369877260698393,0.00379127583216407,0.00100291651411601,0.0149342538182308,0.0957495747050393,0.270778036714227
"img_00125.jpg",0.78568919235065,0.00766254486628015,0.00554427040302601,0.010613036750084,0.00100096098530915,0.0213873594899818,0.00557398286857445,0.162528652286094
"img_00128.jpg",0.00956864603581488,0.0661547356334635,0.364662701154338,0.00290507761903004,0.00100155362818377,0.00437322975120812,0.00355906496060502,0.547774991217357
"img_00129.jpg",0.156671135424032,0.00806991620781999,0.00383254043117777,0.00357657969295411,0.00100857124320505,0.00781827000728339,0.787876217051182,0.0311467699423458
"img_00138.jpg",0.691122889790329,0.282253488034893,0.00492184594010884,0.00568145592874348,0.00100240946117942,0.00681199650537304,0.00341934164472849,0.00478657269464501
"img_00141.jpg",0.0048240352588296,0.00505831288106365,0.00722996532454483,0.00287537539539162,0.00100087264292811,0.00329291421943618,0.0028753779895441,0.972843146288262
"img_00152.jpg",0.0276574841420208,0.0112003240654541,0.00343885897359755,0.00299771232191761,0.00100215813799411,0.00496543492547949,0.00455969115072422,0.944178336282812
"img_00161.jpg",0.00439579073633525,0.00285150212646533,0.0028515023383749,0.00285150211384544,0.00100084878216087,0.00289238506528702,0.0028515021154824,0.980304966722049
"img_00170.jpg",0.0173509094158906,0.000457465513754966,0.000328313297886327,0.971386307858073,9.7318995952531e-05,0.0015353804491832,0.000304864420075861,0.008539440049184
"img_00171.jpg",0.596526984627474,0.0177671223540014,0.0490743435187355,0.0492215401379626,0.00100918811017509,0.272070229151206,0.00356676012488659,0.0107638319755584
"img_00175.jpg",0.61312394084715,0.0117183258858275,0.00920917147635966,0.021417983955229,0.00100344113058457,0.331111227994609,0.00344258182790722,0.00897332688233376
"img_00180.jpg",0.0158541558088554,0.00388834831558772,0.00444127531596597,0.00407007655909677,0.00100153240441282,0.00432534620388557,0.00445243912787365,0.961966826264322
"img_00212.jpg",0.261835558447515,0.00367957978817525,0.0029156195667762,0.0365985937826084,0.00100086267985818,0.00345023354453722,0.00287471492680515,0.687644837263724
"img_00223.jpg",0.844534103094096,0.00741233813833367,0.0909779278105733,0.00792461518423108,0.00100100386478416,0.026626796472372,0.00423426330241334,0.0172889521331966
"img_00230.jpg",0.816681991919769,0.078343515000514,0.00293627482659014,0.00305687363818444,0.00100089983913401,0.0727057865111712,0.00290651658968978,0.0223681416749477
"img_00232.jpg",0.00523702609570469,0.00327395340148288,0.00288579532169752,0.00292881481956055,0.00100088300371489,0.00530312024989519,0.975061367463926,0.00430903964401861
"img_00244.jpg",0.7769036645316,0.0315911007485853,0.00344885160482244,0.00351016465390285,0.00100094871233498,0.0659543376495383,0.00351482252355687,0.114076109575659
"img_00280.jpg",0.963814490861659,0.00305665143323436,0.00535868980818581,0.002932466488921,0.0010170747112718,0.00401468757143681,0.00338966814099329,0.016416270984298
"img_00282.jpg",0.698726477255466,0.0203573882857347,0.016730636116335,0.0609796225722875,0.00100759328973594,0.186554283284774,0.00438656727672517,0.0112574319189425
"img_00285.jpg",0.641600410719724,0.0122263533423652,0.00458220525308445,0.00318027316397508,0.00100905027203508,0.00802127965243499,0.0146347393687362,0.314745688227645
"img_00292.jpg",0.612736764156551,0.0673275279483607,0.00362551736316579,0.00474398214450759,0.00100750309484334,0.0841196719768608,0.0146551493257139,0.211783883989997
"img_00302.jpg",0.178316642329424,0.0079838555123152,0.00303960812975023,0.00324828611327699,0.0010168099003094,0.00824922515419178,0.765979950651779,0.032165622208953
"img_00311.jpg",0.981480001259369,0.00287864264669792,0.00284975302225497,0.0028510800619977,0.00100161747142894,0.00284985753245234,0.00284974595105316,0.0032393020547458
"img_00320.jpg",0.979126478532486,0.0041145590549897,0.00286612770669768,0.00286612743697556,0.00100130466728426,0.00382986088637032,0.00286612744971167,0.00332941426548433
"img_00331.jpg",0.896988887121831,0.00488576803891724,0.00302803693336493,0.00293339915157616,0.00100507857350693,0.0169178058002378,0.00689818869218948,0.0673428356883768
"img_00358.jpg",0.426104623911201,0.0110949259330146,0.00296046047444689,0.00294884588985839,0.00100134519866378,0.0245741459468953,0.0153527083566264,0.515962944289293
"img_00374.jpg",0.709785490931489,0.039334238352072,0.00313032480204061,0.00337262060268639,0.00100092347332656,0.00448171942114209,0.00293610573516004,0.235958576682084
"img_00375.jpg",0.0560008371327566,0.0358930327515882,0.836661148536699,0.0104433406180705,0.00100154744695092,0.0245696471053153,0.00707852546951216,0.0283519209391073
"img_00376.jpg",0.945854551623331,0.00682138349136941,0.00706321835037243,0.00295763006528112,0.00100216854613176,0.0134403440044781,0.0130985580317869,0.00976214588724906
"img_00380.jpg",0.965996227609068,0.00540733134877973,0.00345739795297609,0.00374755606818197,0.00100127651145535,0.0131760869493111,0.00291774436670828,0.00429637919351931
"img_00383.jpg",0.978176077745921,0.00529298523273581,0.00285523770940469,0.00286758299115381,0.00100095948860969,0.00339735637510314,0.00285523738512451,0.00355456307194715
"img_00398.jpg",0.961435288096698,0.0045107516443113,0.00287182044886299,0.00287203228222272,0.00100281870983698,0.00296517556961575,0.00287194443081387,0.0214701688176382
"img_00407.jpg",0.966940285398226,0.00457352503657994,0.00356625995629831,0.00494003901822629,0.00100092486525817,0.00750049070973059,0.00288744929171917,0.00859102572396175
"img_00417.jpg",0.0872373593201364,0.00403458755087482,0.00284623390661126,0.00835747740323317,0.00100084271982934,0.00284674335493628,0.00284629855224316,0.890830457192136
"img_00442.jpg",0.00347804345561383,0.00296783973973616,0.00284407767189927,0.00284407761239927,0.00100084134480019,0.00291671186563593,0.00284408465752491,0.981104323652391
"img_00446.jpg",0.947853570237632,0.00706383630804468,0.0031284892188598,0.00554208638974823,0.00100160520022736,0.0157424197101068,0.00309431872470495,0.0165736742106762
"img_00469.jpg",0.934329725438208,0.0056918196869669,0.00349602476248755,0.00292851334671815,0.00100145940884043,0.0088884194152405,0.00336406842331795,0.0402999695182204
"img_00473.jpg",0.969726325925051,0.00618596924707664,0.00288689425329131,0.00288950270019441,0.00100275579816354,0.00294741750897901,0.00289273407140183,0.0114684004958422
"img_00483.jpg",0.945453094476322,0.0337906849683748,0.00287913467705049,0.00288050910509122,0.00100093344997474,0.00368641416434312,0.00293235243031129,0.00737687672853267
"img_00484.jpg",0.175733267567934,0.0546764562740282,0.0060418191057368,0.015899135856094,0.00100096717300179,0.00844818822061685,0.00317350646698148,0.735026659335607
"img_00486.jpg",0.944818391144563,0.0181709639692415,0.0143160252240875,0.00643754568137999,0.00100746752715178,0.00396479881060603,0.004267553739933,0.00701725390303742
"img_00518.jpg",0.875933677877752,0.00442090780214629,0.00295407000647095,0.00305669133485719,0.00102195574355646,0.00294218223599427,0.00301394467517156,0.106656570324052
"img_00533.jpg",0.400514733616365,0.0103839182239154,0.0036458427113122,0.00310807857476436,0.00100215073114543,0.0351740957272907,0.0113978997690404,0.534773280646166
"img_00538.jpg",0.829456714365511,0.0838321355209141,0.00307912099064994,0.00309894019801445,0.00100092999740965,0.00509142543534593,0.0029401049994246,0.0715006284927307
"img_00543.jpg",0.981335923394455,0.00285562870711321,0.00284916453627186,0.00284924758715791,0.00100111197677795,0.00288855384327452,0.00284916006652083,0.00337120988842853
"img_00550.jpg",0.266978618409201,0.0234215467833587,0.051936149140741,0.0209436552917707,0.00106613875904621,0.611203652381208,0.00528797744480617,0.0191622617898682
"img_00551.jpg",0.843972269220573,0.00460981460367947,0.00377421418667152,0.0055806883904959,0.00100202576084508,0.0551982193436207,0.0194350337123192,0.0664277347817952
"img_00575.jpg",0.922621249396311,0.00504873393128404,0.00314997414119587,0.00317302590112748,0.00100813205507231,0.0107324409377826,0.00728477743434532,0.0469816662028816
"img_00582.jpg",0.940209651050116,0.0140385886093701,0.00435035641296595,0.00361434363770538,0.00103731627904061,0.0194766294101712,0.00361293742457546,0.0136601771760553
"img_00584.jpg",0.936007167397335,0.00318059155873597,0.00440861135293073,0.00489036239161062,0.00102850791376048,0.0431477018730616,0.00306788469751686,0.00426917281504878
"img_00587.jpg",0.048891609326615,0.0125321031569801,0.00414862579007082,0.00302891862033511,0.00100262181132918,0.0272025048775681,0.0137029860021883,0.889490630414913
"img_00590.jpg",0.116531644959367,0.0706787779816966,0.00917238788779496,0.00320799790851221,0.00100317849214676,0.0114245833443243,0.0190821804922351,0.768899248933923
"img_00591.jpg",0.0461322076650618,0.0045719244033037,0.00294385714726065,0.00289148274992873,0.00100088864175543,0.01676559449351,0.00348268254037616,0.922211362358804
"img_00598.jpg",0.946075718984799,0.0135802340080754,0.00397269543584952,0.00989789384571075,0.00100535973230169,0.013188678884327,0.0039279293324944,0.00835148977644202
"img_00599.jpg",0.675922876887422,0.0171705253510904,0.00615264919829048,0.00380781505422984,0.00100507623439776,0.00683630194731463,0.023904524732394,0.265200230594861
"img_00612.jpg",0.87065268518182,0.0032304059623927,0.00347750235862025,0.0031575757293256,0.00100741372504762,0.0843141878100968,0.012087531999293,0.022072697233404
"img_00620.jpg",0.862865108905741,0.00781280550335569,0.0840808637302523,0.00385006067877261,0.00100308358112604,0.0238439088957863,0.00365614117830482,0.0128880275266617
"img_00642.jpg",0.0034326408360517,0.00100258804845577,0.000319576499847661,0.993988329634778,9.94859354860006e-05,0.000501268500328431,0.000286156607767077,0.000369953937285489
"img_00646.jpg",0.0204307188472694,0.00406093257283402,0.00608878693557123,0.00285699339868853,0.00100085401669786,0.00390525784571711,0.00290403869801789,0.958752417685204
"img_00648.jpg",0.981337009994335,0.00290311555299159,0.0028515980691668,0.00285184641614477,0.00100146738666929,0.00289940628841471,0.00285159814006587,0.0033039581522124
"img_00650.jpg",0.100278130138596,0.0136310452371101,0.00556261102550419,0.00491419172398608,0.00100561310641729,0.595631685945005,0.269243500654303,0.00973322216907827
"img_00664.jpg",0.896781078616356,0.0255931279414162,0.0030207631803424,0.00292783372026917,0.00100103212440375,0.00441687747268911,0.00415819983010125,0.0621010871144217
"img_00697.jpg",0.00344766928666568,0.00284187381376285,0.0031084146991565,0.00284186309537822,0.0010008391528996,0.00284186309888567,0.00284187204935947,0.981075604803892
"img_00708.jpg",0.73888682078706,0.0152670553993284,0.00490440813390098,0.00629575836847613,0.00100507905848084,0.142695619694876,0.0509501483310958,0.0399951102267816
"img_00716.jpg",0.098224141399842,0.158114730182133,0.00598822226522905,0.0054299757872458,0.00100390397928527,0.61735295533077,0.020541955914178,0.0933441151413171
"img_00717.jpg",0.679670137591421,0.106521620233541,0.00452778747777434,0.00642267254879055,0.00100095619151284,0.185617271562897,0.00968074214768224,0.0065588122463803
"img_00718.jpg",0.964422178886589,0.00289727345669883,0.00316533210217158,0.00351618771962386,0.00100087435943182,0.00948778681051106,0.00287759045318119,0.012632776211793
"img_00724.jpg",0.0703008401976788,0.00362238276458614,0.00444039384249504,0.00364002486861397,0.00100913184526938,0.0164480425319254,0.188311770729137,0.712227413220295
"img_00726.jpg",0.981151673142521,0.00292990006741105,0.00285097522575689,0.00285097385696492,0.0010008482369756,0.00299165109063504,0.00309898277430504,0.00312499560543005
"img_00730.jpg",0.0165216385437177,0.00497006036669348,0.00335446018354846,0.00291425451324336,0.0010011535305712,0.00487428729833894,0.00757755952863743,0.958786586035249
"img_00757.jpg",0.946430053516276,0.00410418522812112,0.00399913466009486,0.010728623762545,0.00100152172887625,0.0236807305182768,0.00311037618971481,0.00694537439609498
"img_00760.jpg",0.00644774136076217,0.000728371854386212,0.000301622648346518,0.991002846191091,9.92774194097212e-05,0.000582189126259455,0.000323684963200225,0.000514266436544788
"img_00764.jpg",0.00358831134650094,0.00561565478043638,0.00539150281969263,0.00286188532809306,0.00100085901717736,0.00286225362146956,0.00286177424765232,0.975817758838978
"img_00765.jpg",0.0585364939791973,0.459336809149418,0.00339460578721734,0.0185102498101148,0.00100138891612771,0.240757065125492,0.00761459484281529,0.210848792389618
"img_00772.jpg",0.0652282728685692,0.00485666734587915,0.308823953098149,0.00288955015468718,0.0010008871991465,0.103454793501246,0.00366030595525916,0.510085569877064
"img_00777.jpg",0.597402625388341,0.0218655856177603,0.00491952463417832,0.00303183138836973,0.00100538481874198,0.355534859450793,0.013247408246226,0.00299278045558907
"img_00780.jpg",0.00480918013208737,0.00331256604309795,0.00608621384575232,0.00288250581168031,0.00100087958660385,0.0192838678179487,0.0160381702455221,0.946586616517307
"img_00798.jpg",0.909929113765106,0.0286312111948175,0.00375143389732162,0.0292491814332145,0.00100733861536225,0.00574902796288548,0.00373184391226014,0.0179508492190322
"img_00808.jpg",0.843229017909448,0.123451633475409,0.00329111066481963,0.00326185623887654,0.00100089226823482,0.00486423013912917,0.00289515479066486,0.0180061045134187
"img_00816.jpg",0.974088089417146,0.00305167344388665,0.0029099245196248,0.00288909657399968,0.00100354477438621,0.00326401473104354,0.00392510799155732,0.00886854854835534
"img_00833.jpg",0.753249777503723,0.0170415063385366,0.00519990988474839,0.00411173429958953,0.0010034019366946,0.121783870018222,0.0461427656813185,0.0514670343371671
"img_00837.jpg",0.932078586009559,0.00916887149726226,0.00359169988695194,0.00373440496944742,0.00100499785893762,0.0413468789447681,0.00306765539606677,0.00600690543700709
"img_00855.jpg",0.84000939326347,0.0183266102989153,0.00638019183443647,0.00349896989069534,0.0010060688773291,0.0529396006967294,0.0102539701686769,0.067585194969747
"img_00857.jpg",0.980231547305706,0.00414091694856073,0.00287795747678679,0.00287795683858322,0.00100279879159178,0.00294094613090094,0.00287795684985086,0.00304991965801966
"img_00858.jpg",0.959622174837173,0.00490238849687471,0.00289427973314391,0.00303254797460207,0.00100143299300792,0.0150436218525858,0.00391274415519459,0.00959080995741774
"img_00865.jpg",0.859160274191783,0.108295781369248,0.00289192997775949,0.00288430542602115,0.00100088019316496,0.0052774729657547,0.00587811193457338,0.014611243941696
"img_00902.jpg",0.00460873434510053,0.00306383359084556,0.00289139768111429,0.00307446598751766,0.00100099422580012,0.00513347869272541,0.976872064995052,0.00335503048184453
"img_00914.jpg",0.00344048240272263,0.0030619798459912,0.0028385383761878,0.00283853837617627,0.00100083584180122,0.00283853837618811,0.00283853837626022,0.981142548404673
"img_00921.jpg",0.805492341504855,0.00366854157428702,0.0058268163349461,0.00401317403674938,0.00101530257536947,0.0658839330214081,0.0646416806151731,0.0494582103372116
"img_00927.jpg",0.115504465359534,0.0312457820012413,0.00654537988984631,0.00328844273715335,0.0010028400107841,0.0159553494708747,0.0199362312002157,0.80652150933035
"img_00943.jpg",0.926398652237601,0.0529414550896689,0.00286684923493817,0.00286708704032483,0.00100086409416406,0.00303455324421842,0.00286725894307377,0.00802328011601073
"img_00959.jpg",0.952611608329982,0.00312214499475207,0.00285960392593775,0.00285940343553271,0.00100358742328972,0.00576223006522127,0.00313627181889402,0.0286451500063904
"img_00962.jpg",0.0048359386868493,0.00303000442756433,0.00589439034754682,0.00286063389657624,0.00100085790392556,0.00311047360981527,0.00286063629751119,0.976407064830211
"img_00964.jpg",0.00350961855577483,0.00711097998037925,0.959705336773222,0.00335034003953648,0.00100088321825452,0.0035082724050489,0.00298748193080606,0.0188270870969776
"img_00979.jpg",0.00698121016614889,0.00298882785839121,0.0148109964501809,0.00287545780797111,0.00100087270899972,0.00415126847751624,0.00289730159642316,0.964294064934369
"img_00985.jpg",0.567515018444887,0.0555791861744246,0.00346700789534784,0.00399031801869445,0.00100575558101348,0.0428690671672016,0.0173977452522595,0.308175901466172
"img_00999.jpg",0.704092393682573,0.00857345853499742,0.00308760201833334,0.00295139001057229,0.00100123800314324,0.0369247155082159,0.113233512529845,0.13013568971232
"img_01022.jpg",0.952471583500929,0.0039070774360206,0.00388711905400076,0.00495704100732882,0.00101157579896566,0.0218690262854575,0.00338913929957994,0.00850743761771811
"img_01031.jpg",0.766002937292399,0.00354670283518188,0.0107014177048267,0.00377853806332415,0.00100584129990002,0.204395785174956,0.00665596164878447,0.00391281598062852
"img_01035.jpg",0.536845786959969,0.00938743567331142,0.00504711009426052,0.00360742007143219,0.00100268567821065,0.432931283168758,0.00820190044128047,0.00297637791277706
"img_01059.jpg",0.0329260580757757,0.0135840023317395,0.00344520521047664,0.00366544583929783,0.00100124985009112,0.0345342957865761,0.00860044991749469,0.902243292988548
"img_01103.jpg",0.0147091295932815,0.0311385882381275,0.00365825610831908,0.00488048803687972,0.00100089600869057,0.0034678715475043,0.00678608934750787,0.934358681119689
"img_01116.jpg",0.89282716781474,0.0461052207505983,0.00907930860114166,0.00443610033766019,0.00100094799211562,0.0292667856484201,0.00527212531278664,0.0120123435425377
"img_01134.jpg",0.86422375703577,0.00445377692629562,0.00703738463609297,0.00580148967921404,0.00100091117227684,0.0150531429378379,0.00305829604821883,0.0993712415642936
"img_01179.jpg",0.971791002531823,0.00314991706420654,0.00375217748215607,0.00426178714704329,0.00100318898795432,0.010080462886274,0.00290875542278248,0.0030527084777604
"img_01188.jpg",0.0962317144074954,0.30465821908663,0.00391801405671037,0.00950292357244879,0.00100207762536627,0.378222463758593,0.0314708816120527,0.174993705880703
"img_01211.jpg",0.974151545487656,0.00987420584775663,0.00286421344102637,0.00286586836544151,0.00100262546606171,0.00286425390368863,0.00286421018022594,0.00351307730814275
"img_01213.jpg",0.786507254032804,0.171111048479176,0.00330180882142592,0.00621844751717888,0.00100343628989511,0.0145384752831033,0.00293605970097421,0.0143834698754422
"img_01222.jpg",0.722125157474923,0.0821085756901452,0.0038592478662593,0.0157503262021551,0.00100096318842569,0.0234660356119633,0.0121106144426152,0.139579079523513
"img_01224.jpg",0.0169295171521258,0.0261100084482299,0.0792698759547362,0.00292149423182487,0.00100091859808509,0.00406431612475194,0.00322095752062883,0.866482911969617
"img_01253.jpg",0.00444593201687135,0.00283728185130355,0.00283728207109483,0.00283728173995049,0.00100083459009619,0.0028372817416207,0.0028372817432711,0.980366824245792
"img_01286.jpg",0.171441788459108,0.00654442144389747,0.00344838107435351,0.0048582155584083,0.00103492126986152,0.00681055635396608,0.00307751184984286,0.802784203990563
"img_01289.jpg",0.0410514360046626,0.0272108744149679,0.00302894821211733,0.00391492640530233,0.00100104431471063,0.0253464186467663,0.0093743161042582,0.889072035897215
"img_01328.jpg",0.853307268565053,0.120059007825146,0.00302989571323095,0.00502867176236179,0.00100144110315139,0.00679670940923558,0.00289198795257742,0.00788501766924477
"img_01366.jpg",0.510343102707356,0.0108956127474209,0.0130604559614803,0.0169306393938193,0.00100253941606187,0.433012412520637,0.00365897204965896,0.0110962652035662
"img_01371.jpg",0.964226677148325,0.0030968511249906,0.00311885837343637,0.00294523003719862,0.00102016297371534,0.00323924630485391,0.00346562619209791,0.018887347845382
"img_01379.jpg",0.945866072774599,0.00768201264495712,0.00973035956324831,0.00359145271352243,0.00100164953069112,0.0106471785759659,0.00313716107633335,0.0183441131206826
"img_01384.jpg",0.483834594325837,0.0225493522565934,0.058501490599181,0.0111318273386115,0.00105529893112317,0.398503892197883,0.00381174632483004,0.0206117980259403
"img_01388.jpg",0.918920017953908,0.0411065138984897,0.00312470432410262,0.00292072100884273,0.0010021016499511,0.0225855303663303,0.00292228170629954,0.0074181290920759
"img_01392.jpg",0.0036808895576239,0.011233973558125,0.917973083176757,0.00327318845924846,0.00100109953308261,0.00318263546809158,0.0032324110298355,0.0564227192172358
"img_01399.jpg",0.00474042447900742,0.928592781119628,0.00792324015021616,0.00293087191932008,0.00100088165885225,0.00451381655137839,0.00288439956065913,0.047413584560939
"img_01404.jpg",0.971316359809222,0.0072289739561992,0.0029906559255005,0.00529705864606547,0.00100159798602643,0.00498173296576735,0.00288837818578826,0.00429524252543059
"img_01405.jpg",0.866538220289841,0.0092405271422116,0.00330874991969311,0.00560215386696613,0.00100647980692331,0.107935645534274,0.00325733737244496,0.00311088606764589
"img_01413.jpg",0.978122321597734,0.00294621418587104,0.00297930966483999,0.0035160263930124,0.00101067815801256,0.00497466214132324,0.00306495729935239,0.00338583055985431
"img_01426.jpg",0.0705198760042128,0.209045294692471,0.00364738446854209,0.00291097729604146,0.00100090802966363,0.00500507216820369,0.657196437521475,0.0506740498193905
"img_01441.jpg",0.0044377162363612,0.00285109628165291,0.00298424772273878,0.00285106001468936,0.0010008483420623,0.00310620437451667,0.00285106848446651,0.979917758543512
"img_01444.jpg",0.106078477836961,0.00471214322810238,0.00322637167789138,0.00623147523987094,0.00100094766311221,0.0099876459426108,0.0295973623542696,0.839165576057181
"img_01490.jpg",0.00498532080738122,0.00367406433083016,0.0197621815101528,0.00287386331633419,0.00100087107018758,0.00304511380452589,0.00293250988642093,0.961726075274167
"img_01495.jpg",0.699423661750092,0.0118176990082228,0.00316798502343677,0.00329218624844373,0.00100089855332102,0.00909266931227765,0.002906053653142,0.269298846451064
"img_01511.jpg",0.965538853450526,0.00935292185105902,0.00460739009006469,0.00423485517251924,0.00100141482780635,0.00836038064057498,0.00350342019195217,0.00340076377549791
"img_01519.jpg",0.248716690985931,0.0219935665393327,0.00450115264237388,0.00601712167243261,0.00100360649538413,0.169847644111545,0.210562326684061,0.337357890868941
"img_01530.jpg",0.97244585220457,0.00435744767374572,0.00298293537055807,0.0034141101979768,0.00101642735784596,0.00355331941203219,0.00295000326217988,0.00927990452109147
"img_01537.jpg",0.808652107782234,0.00392713186748042,0.0258412183391827,0.00293980721849145,0.00100820853473833,0.0890577853378876,0.00340214637264905,0.0651715945473361
"img_01538.jpg",0.960100298984527,0.00769051154314579,0.00292133435887729,0.0028749371136542,0.0010009178705178,0.0140767191703493,0.00295413535653226,0.00838114560239603
"img_01543.jpg",0.980002377627711,0.00296094547862767,0.00288930477609129,0.00322303672645209,0.00100800851909883,0.00288924326756969,0.00288859792710007,0.00413848567734938
"img_01548.jpg",0.960788249388507,0.00300374074857243,0.00397798565173473,0.00291638006726991,0.00100602572442652,0.0185915518401252,0.00301072794124865,0.00670533863811564
"img_01552.jpg",0.974625250783089,0.00305463180123814,0.00285259426495431,0.00285225039477829,0.00100128558676324,0.00988319985210531,0.00285228530702365,0.00287850201004782
"img_01562.jpg",0.553716125096682,0.00919805501958182,0.00630398795117471,0.00399904445445423,0.00100556764894707,0.0196415770225045,0.103535417933187,0.302600224873469
"img_01571.jpg",0.952468904244119,0.0262293973914675,0.00286611598041632,0.00286611682037931,0.00100086341647,0.00286658548968974,0.00318574139051857,0.00851627526693958
"img_01593.jpg",0.447559625665725,0.279085455615649,0.00569140057674378,0.00357723180031482,0.00100151041891223,0.0357806306519905,0.0220055800645582,0.205298565206106
"img_01616.jpg",0.905029487906774,0.0671614964942205,0.0029372985716718,0.00294412100463548,0.00100637529253453,0.00367356145394642,0.00310762556528627,0.0141400337109314
"img_01618.jpg",0.958857464365514,0.00473000156734206,0.00289080323254761,0.00349347373612716,0.00100174312881625,0.0230585376488697,0.00291792573084901,0.00305005058993428
"img_01627.jpg",0.888166175500319,0.0783028008913444,0.00290890754122756,0.00306250979681753,0.00100090081280126,0.015439751195442,0.00290763550226393,0.00821131875978418
"img_01633.jpg",0.926283725618806,0.0039961059694606,0.00332362915219162,0.00355063711453315,0.00100539571676326,0.0306042591843821,0.00873957706623232,0.0224966701776309
"img_01640.jpg",0.981588668034723,0.00285786693355309,0.00284564497316686,0.00284567783376564,0.00100152556633566,0.00286279522332646,0.00284564306705139,0.00315217836807764
"img_01646.jpg",0.965925094860576,0.0127274954841767,0.00288599888401462,0.00291731776812873,0.00100095225831122,0.00655415344471362,0.00288614083336852,0.00510284646671022
"img_01649.jpg",0.950412998444841,0.00815506118784917,0.00403248136634528,0.00563231642451585,0.00104950891515625,0.0126512376560182,0.0133604814999963,0.00470591450527753
"img_01669.jpg",0.00524830780154602,0.00104072479566294,0.000322699540822659,0.991727644044986,9.94100193022312e-05,0.000591761151386959,0.000370698691604973,0.000598753954688047
"img_01681.jpg",0.104525777403683,0.00433180709308223,0.0029477247973173,0.00291904695041229,0.00100339681626235,0.00635172855935786,0.00430931686316757,0.873611201516718
"img_01684.jpg",0.93250410239049,0.0135767018515178,0.00307266531626569,0.00783371495641958,0.00100093382512828,0.0137294073888118,0.00293715514769791,0.0253453191236688
"img_01687.jpg",0.693918416655285,0.00401692576315405,0.00366555078472769,0.00292001012290217,0.00100094390811154,0.00353089346319238,0.00544118474086533,0.285506074561762
"img_01688.jpg",0.0390931875356335,0.0306472469897761,0.00307610060695747,0.00410892062509088,0.00100103957749425,0.0234657551207367,0.00805333113595237,0.890554418408359
"img_01689.jpg",0.00641944380464901,0.00360050659938608,0.012112769335369,0.00289234001200959,0.00100088952475151,0.0128177757687959,0.00384991908925973,0.957306355865779
"img_01724.jpg",0.956833482630148,0.00299536586569039,0.00652648327098155,0.00294014301885971,0.00100944863728469,0.0093285789907931,0.00360236789586192,0.0167641296903809
"img_01745.jpg",0.878778527234899,0.0601303037085528,0.023541123485895,0.0111587479298783,0.00101837232522687,0.014110929950713,0.00424847254840995,0.00701352281642519
"img_01771.jpg",0.94533629124906,0.0161824313223955,0.00341726338499992,0.00485331808402847,0.00100116745927391,0.00693388119185913,0.00292379434128894,0.0193518529670945
"img_01773.jpg",0.593769902670549,0.00901190990495593,0.00409868581275286,0.00312927972869301,0.00100170546612425,0.00567148058276367,0.037341965225988,0.345975070608174
"img_01824.jpg",0.825116671123514,0.00364536058683677,0.00458404643915711,0.00391796964746203,0.00101192327895001,0.128269442884589,0.0143715359562441,0.0190830500832464
"img_01831.jpg",0.0154728201829513,0.00535144072284123,0.000362387041752208,0.97331806390625,9.74642998355499e-05,0.00174665280714299,0.00032370547802015,0.00332746556120716
"img_01834.jpg",0.0146223675752792,0.003956273432078,0.204554119268493,0.00303584809265503,0.00100089499502607,0.00372794574789481,0.00289780140440012,0.766204749484174
"img_01847.jpg",0.317978005161172,0.0177080401041108,0.00337572816114853,0.00315055245503496,0.00100117109123622,0.0103498444420581,0.00836429454882024,0.638072364036419
"img_01853.jpg",0.0975216513845977,0.0316336914487161,0.00638882882068679,0.0035814490992807,0.00100258465525432,0.0168051513073513,0.0215709911755609,0.821495652108552
"img_01856.jpg",0.979405489993899,0.00293531228902349,0.00287723303540332,0.00284626105494411,0.00100084355301743,0.00431419745998214,0.00284679964843576,0.00377386296529454
"img_01862.jpg",0.847032347873168,0.00297093111476891,0.0167972833608553,0.00293878282583317,0.00100899228657662,0.0977641985259295,0.00355091892629332,0.0279365450865754
"img_01874.jpg",0.848639664920305,0.00360033679379985,0.00316361670487268,0.00291620070626171,0.00100288089844001,0.0155880456621818,0.00978150425136807,0.115307750062771
"img_01888.jpg",0.104642340170664,0.213983151403017,0.00404039025716946,0.0158882638269196,0.00100210335987099,0.351348172636229,0.0102309658084833,0.298864612537647
"img_01918.jpg",0.00812418240542077,0.000930039564233137,0.000347610114723908,0.987996296084893,9.88945873832905e-05,0.000666571167802058,0.00044929319488116,0.00138711288066312
"img_01930.jpg",0.953460445123184,0.0051253075502417,0.00450282676913972,0.00458484429067053,0.00100137595072255,0.0246908591464961,0.00292543551528139,0.00370890565426404
"img_01932.jpg",0.858310903516897,0.00899769632660692,0.00347423937835109,0.00315330528394905,0.00100119128670334,0.00932897773044049,0.00345093728824507,0.112282749188807
"img_01955.jpg",0.00385045254849492,0.0028388287195592,0.00283882506362265,0.00283882504408468,0.0010008361258754,0.00283882504079921,0.00283882509263702,0.980954582364927
"img_01963.jpg",0.972690101837279,0.0050193896912891,0.00299325595895311,0.00294844075969749,0.00100085605676796,0.00320573235645289,0.00286593284219466,0.0092762904973658
"img_01966.jpg",0.91902088685399,0.0523410584718229,0.00287002575318694,0.00287210377425055,0.00100086667109664,0.00691740311633898,0.00289297180226158,0.0120846835570524
"img_01983.jpg",0.943810973828625,0.00885763588311116,0.0108577223245091,0.00386925373619068,0.00103409949380271,0.0123170844605574,0.00369182235449539,0.0155614079187082
"img_01984.jpg",0.122659743845334,0.00668660783639074,0.00288270886792381,0.00287085960551025,0.00100085331947343,0.00682280371777974,0.00285760388706984,0.854218818920518
"img_01995.jpg",0.0266642565770563,0.288762207096875,0.00570491350335893,0.238632538409042,0.00100180037792403,0.163871322787186,0.0122157398488592,0.263147221399697
"img_01996.jpg",0.0508545242592431,0.00949209555214909,0.0031530134013288,0.00408052434875995,0.00100141325345556,0.888374521313179,0.0069114989725604,0.0361324088993238
"img_02001.jpg",0.472777422229904,0.00502124847724023,0.00767920746359152,0.00541845699057212,0.0010036710625686,0.0811902734288339,0.260441451853963,0.166468268493327
"img_02006.jpg",0.339071955720547,0.0199216444899784,0.17372769072749,0.280367519665698,0.00100121826550851,0.0193676991765832,0.00332724636952517,0.16321502558467
"img_02066.jpg",0.959503744832695,0.00341471847720748,0.00375879109744167,0.00339951219149275,0.00100501041986633,0.0146136387464443,0.00302148072138692,0.0112831035134651
"img_02074.jpg",0.970568156916202,0.00331610057941959,0.00441551359071769,0.0044299159763586,0.00100447084396134,0.00938649519148664,0.0029783679794448,0.00390097892240962
"img_02076.jpg",0.0275729228926917,0.924833123936685,0.00335496652281227,0.00322269569384934,0.00100149542791633,0.00370614977037986,0.00290542680199648,0.0334032189536692
"img_02077.jpg",0.00355393260352956,0.000763091797068105,0.000852208729855076,0.992292648682858,9.93204228107527e-05,0.0009899432893844,0.000393243324073455,0.00105561115042051
"img_02096.jpg",0.980786586949576,0.00286003685925518,0.00283984743734823,0.0028398488860659,0.0010008371450382,0.00367325358940036,0.00284028577992358,0.00315930335339247
"img_02119.jpg",0.810232662883096,0.00561147721584532,0.124057319997018,0.00666561914711107,0.00100105355147012,0.0191980610599349,0.00476956001487037,0.0284642461306541
"img_02124.jpg",0.0227962544754897,0.00433468744148365,0.00719852121501788,0.0031323809537377,0.00100643072022267,0.942273686054496,0.00461251981001846,0.0146455193295335
"img_02172.jpg",0.880027379632688,0.0059493495747973,0.0160336198308979,0.00294796190686467,0.00100886050925793,0.0357331203809855,0.00414029005937003,0.0541594181051389
"img_02180.jpg",0.927022892348243,0.0152690258115518,0.00362502909608278,0.00309061099776587,0.0010029798909715,0.0191976964464009,0.00418966162054192,0.0266021037884422
"img_02188.jpg",0.781031629025266,0.00918069827557109,0.00391491513998309,0.0033837293445872,0.00100590340050856,0.0560173447401401,0.0125269268696879,0.132938853204256
"img_02209.jpg",0.040409466383731,0.00533926081375665,0.00689642429622584,0.00495097181569218,0.00100857236916675,0.909192372724187,0.0133190084364348,0.0188839231608062
"img_02235.jpg",0.0724446008614143,0.162580917691277,0.00867454724452282,0.379163851628662,0.00100149126129307,0.160562084560323,0.0147781727530445,0.200794333999462
"img_02252.jpg",0.980713152649215,0.0031154547008455,0.00284983683086787,0.00284544175440446,0.00100084274349048,0.00292650252587788,0.00284619650265025,0.00370257229264889
"img_02268.jpg",0.931120911807031,0.00740503365266238,0.00443807774596211,0.0298000062743686,0.0010028156453638,0.00409221080889812,0.00290993353552828,0.0192310105301858
"img_02270.jpg",0.949781665249676,0.0125080051301718,0.00866133509481263,0.00467419078350312,0.00100909039523238,0.0108825346906994,0.00369950194398147,0.00878367671192289
"img_02281.jpg",0.00436007920212798,0.000695529009035758,0.000361620644345601,0.993277650557805,9.94158749021849e-05,0.000564426677119657,0.000290998451537882,0.000350279583125735
"img_02282.jpg",0.00346803626758788,0.00284204416042327,0.00284169572231511,0.0028416849585737,0.00100083897766222,0.00315296829043829,0.0028453857745868,0.981007345848413
"img_02291.jpg",0.981446444522097,0.00328971691792216,0.0028419695569459,0.00284196935373259,0.00100083924713771,0.00289412176882358,0.00284196938290646,0.00284296925043458
"img_02299.jpg",0.783603241860523,0.0489768001120049,0.00498382060429785,0.0118139279887229,0.00100097073162855,0.0282100080345854,0.00990036187515762,0.11151086879308
"img_02305.jpg",0.017798572385252,0.295675274039297,0.00782665741765226,0.222224951084757,0.00100409060986293,0.0595222035057682,0.0143170902339448,0.381631160723466
"img_02307.jpg",0.604379651769439,0.0192579941746433,0.00307625630462319,0.00356374712526128,0.00101156270525266,0.149157720143436,0.0152634159563164,0.204289651821028
"img_02309.jpg",0.980856157233102,0.00317342144240015,0.0028520820068191,0.00285216596705962,0.00100152686338938,0.00285223405971361,0.00285208305146941,0.00356032937604624
"img_02318.jpg",0.0151824400249044,0.00317281292589508,0.00299781973531951,0.00289322775337272,0.00100087877503518,0.00325306654825428,0.00297983679160081,0.968519917445618
"img_02356.jpg",0.0165109177035619,0.00342705059217401,0.00457471324366968,0.00479381660065857,0.00100140861155496,0.00580222617654987,0.00517165183338391,0.958718215238447
"img_02367.jpg",0.961113726748199,0.00822303668381501,0.00308723187180013,0.00328987865415449,0.00101602469035452,0.0133041043753694,0.00384286587540522,0.00612313110090256
"img_02379.jpg",0.125133480262281,0.00334744290167029,0.00288683924921885,0.00288696229424186,0.00100088391230143,0.00451564030909139,0.00550935851239615,0.854719392558799
"img_02384.jpg",0.879721768504232,0.00668445369832341,0.00360087403143404,0.0033846601252948,0.00100657046539104,0.0725350508839328,0.00696846397804607,0.0260981583133456
"img_02398.jpg",0.94153742531293,0.0123748126756886,0.00313797847831422,0.00523181422260709,0.0010009173567974,0.018945846297529,0.00292020564498308,0.0148510000111509
"img_02400.jpg",0.93679185110085,0.00482159618268917,0.0106000157378249,0.0030348873185528,0.00100091513842207,0.0345234159434323,0.00356129411635238,0.00566602446187604
"img_02406.jpg",0.0029401718841935,0.000466981097388355,0.000916514929323301,0.993784318741873,9.94726368873295e-05,0.000547571054905137,0.00040433113592666,0.000840638519502848
"img_02412.jpg",0.915151306718392,0.00300451269312232,0.0029312362483191,0.00293136111035233,0.00100852222155757,0.00353575412224286,0.00365927719502518,0.0677780296909887
"img_02422.jpg",0.7737458928623,0.0446497433254201,0.00486334650069671,0.00648724958494828,0.00100239273953983,0.0192725345974251,0.0290277390779146,0.120951101311755
"img_02486.jpg",0.96480161869067,0.00978243243071155,0.00326095879311046,0.00287949575377276,0.00100087658144058,0.00449228619347106,0.00288846913179168,0.0108938624250323
"img_02487.jpg",0.949377505750013,0.0270290477722985,0.00287837247780227,0.00287850498614394,0.00100114401048738,0.00330466005449169,0.00287847170124134,0.0106522932475215
"img_02522.jpg",0.916442719077721,0.00632822398007223,0.00291034963418572,0.00340349673474909,0.0010057156056712,0.00819875346445759,0.00331705468125991,0.0583936868218835
"img_02556.jpg",0.0763779190833458,0.0116198816969158,0.00299259457753268,0.00291908240874964,0.00100092815563806,0.00338988985639155,0.00444877841871438,0.897250925802712
"img_02565.jpg",0.795750445491932,0.00422841163850413,0.007383123123625,0.00350808005857183,0.00101382960144009,0.0521282444868596,0.0522624307078709,0.0837254348911966
"img_02574.jpg",0.212270441274768,0.00341369300182224,0.00380383084732377,0.00506766115273625,0.00107970545240353,0.00659746102005205,0.00343231693455579,0.764334890316338
"img_02602.jpg",0.911706069300656,0.0469625637652807,0.00306851816189933,0.00337035514864422,0.00100227014412396,0.0152818550604736,0.00431795300797197,0.0142904154109497
"img_02622.jpg",0.725556379939166,0.0082447762628764,0.00324707826777982,0.00294583535496167,0.00100182122676973,0.0059142873475948,0.00615950681256488,0.246930314788286
"img_02625.jpg",0.048946940607161,0.00827050860337374,0.00408494855574728,0.00309256233532527,0.00100248609725416,0.901484768516527,0.0043803686981644,0.028737416586447
"img_02636.jpg",0.775295922937435,0.033279494365564,0.00287528724634314,0.00287245532523162,0.00100094603689585,0.00290625022033262,0.00288300650785971,0.178886637360338
"img_02638.jpg",0.914813140294981,0.0510485119557876,0.00367561022593355,0.0109276605730005,0.00100294924021403,0.00861233356638654,0.0036576562960671,0.00626213784762951
"img_02646.jpg",0.0256840693928241,0.00455607181497277,0.0030689419412153,0.00344147975055726,0.00100087019796848,0.00381777551115606,0.0100628026974197,0.948367988693886
