"image","ALB","BET","DOL","LAG","NoF","OTHER","SHARK","YFT"
"img_00007.jpg",0.0506687722084166,0.0301962814888769,0.00625324986881139,0.0096443501445178,1.00324698350442e-05,0.00225641654764661,0.00215395702053355,0.898816940251362
"img_00009.jpg",0.865458635553876,0.0668620413486853,0.00287239072065587,0.00245898320448155,1.01504730924106e-05,0.0567388617794506,0.00220470027003943,0.00339423664971879
"img_00018.jpg",0.772800071752487,0.0515638574260261,0.00264439745001607,0.0151322479331634,1.00275372163847e-05,0.146543866831814,0.00330628345217842,0.00799924761709933
"img_00027.jpg",0.296720245477062,0.0251975108081426,0.00651468134301421,0.00251344301192684,1.00853897212277e-05,0.0943673855968325,0.0102745812696574,0.564402067103643
"img_00040.jpg",0.0881303305197511,0.0191732799672378,0.00374144807227631,0.00268348878344392,1.00583894965419e-05,0.00840036196583081,0.833838203632413,0.044022828669551
"img_00053.jpg",0.91188783823114,0.0194634351182866,0.0112156685715821,0.00525531672015208,1.01440642213935e-05,0.0328771952166658,0.00559491179359694,0.0136954902843547
"img_00071.jpg",0.00162960077908553,0.000838625174233696,0.000204942931897073,0.996640587259411,9.98788042670725e-07,0.000253044876171478,0.00020113856449659,0.000231061626661976
"img_00075.jpg",0.807721338064143,0.0368713991559313,0.00854528749436827,0.00557405091680677,1.01847551298084e-05,0.125217736143318,0.00824932790925913,0.00781067556104306
"img_00102.jpg",0.447204936179059,0.0199495649520743,0.00289494079918689,0.00412477700224739,1.00843235335973e-05,0.0195847015180857,0.00515850210458117,0.501072493121232
"img_00103.jpg",0.815915726671741,0.032295714574446,0.0588959173345915,0.00381191476444425,1.00242722575281e-05,0.0177841444293638,0.00224709908108274,0.0690394588720732
"img_00109.jpg",0.967278513327391,0.00975477180363668,0.00220658447944933,0.00216946327616368,1.00218143459695e-05,0.00988495898712967,0.00253610019320061,0.00615958611868351
"img_00120.jpg",0.709253735256653,0.0159685309809128,0.00318512911034987,0.00250478479460172,1.00296418300338e-05,0.00803557559932289,0.0440659616647594,0.21697625295157
"img_00125.jpg",0.831268822129115,0.00996501816217707,0.0109968253813669,0.00765165851405449,1.00326095815203e-05,0.017832086503643,0.00817125247541824,0.114104304224644
"img_00128.jpg",0.0107257594897714,0.105868430752207,0.296273555286357,0.00221529681494679,1.0040116364656e-05,0.0058796496045746,0.00245345316875493,0.576573814767024
"img_00129.jpg",0.176439377602234,0.0168790978037698,0.00367131922475953,0.00284760206954429,1.00673120796249e-05,0.00825271736794848,0.714815060190705,0.0770847584289592
"img_00138.jpg",0.76150455962774,0.20411584882738,0.00520684774064767,0.0034678868085617,1.00531608242354e-05,0.00618772366229699,0.00477996976679934,0.0147271104057507
"img_00141.jpg",0.0032751069592771,0.00410430940788101,0.00584552266499174,0.00205621284855425,1.00238097879168e-05,0.00225374190366986,0.00215686182424236,0.980298220581596
"img_00152.jpg",0.0231310596023614,0.0218736388982768,0.00506587412801862,0.00238455832752793,1.00712614211299e-05,0.0133761529062875,0.00503724243755152,0.929121402438555
"img_00161.jpg",0.00267564728238767,0.00206096510532115,0.00200494148932815,0.00199875517259669,1.00199975648494e-05,0.00201440228332158,0.00200112034903481,0.987234148320445
"img_00170.jpg",0.17719553428033,0.0158466547362642,0.00294288398236094,0.496983052312584,1.00281014351815e-05,0.00928662929089021,0.00218640755912812,0.295548809737007
"img_00171.jpg",0.508727029371619,0.0353654437477665,0.0556099753985857,0.0336925386755525,1.01859694992276e-05,0.346242826375733,0.00733736260707286,0.0130146378541717
"img_00175.jpg",0.536724527935079,0.0166301969909486,0.0187449614946918,0.0151473998531734,1.02306403340764e-05,0.382470947525935,0.00360779690142567,0.0266639386584132
"img_00180.jpg",0.00819589181893716,0.00250622845863676,0.00269333105812041,0.00253729483772282,1.00232366900359e-05,0.00263207469125843,0.00269076197609062,0.978734393922544
"img_00212.jpg",0.182293703457889,0.0058955611062102,0.0022175944825132,0.0172374079326372,1.00227451656187e-05,0.00237194961739388,0.00219737464236762,0.787776386015823
"img_00223.jpg",0.855961499196852,0.0141471231581652,0.0654440096399091,0.00618274794567748,1.00360827678991e-05,0.0308575054562961,0.00430663484490528,0.0230904436754265
"img_00230.jpg",0.775681212415482,0.116875357074955,0.00478169879068949,0.00592483389787208,1.00396624610611e-05,0.0581872811154903,0.00387355629410271,0.0346660207489478
"img_00232.jpg",0.00388936081881429,0.00257593122517907,0.0020765699336815,0.00216832099184826,1.00459500262613e-05,0.00375824408128677,0.97960217997256,0.00591934702660397
"img_00244.jpg",0.771287938488718,0.097092787956026,0.00380435143639894,0.00672922821313923,1.00383379976615e-05,0.0600310346937068,0.00243007097914966,0.0586145498948635
"img_00272.jpg",0.845345595757128,0.0252013017419518,0.0692787224608651,0.0186783391587595,1.0051275278267e-05,0.0104082148849485,0.00277200970592571,0.0283057650151429
"img_00280.jpg",0.938319417558468,0.00735654904632641,0.00572914202267605,0.00225630698489056,1.04073337853744e-05,0.00478575279121346,0.00277103171716034,0.0387713925454796
"img_00282.jpg",0.535120873216496,0.075408960054179,0.0217179974508666,0.0400809946392899,1.01099345918593e-05,0.293050613300525,0.00577549111830626,0.0288349602857458
"img_00285.jpg",0.691014186323432,0.020038260464074,0.0028510773119288,0.00227181203274862,1.00770564701412e-05,0.00594098326775485,0.0155902817038434,0.262283321839749
"img_00289.jpg",0.963555693561752,0.00753732109821866,0.00496977095801571,0.00251728568655428,1.05341224397897e-05,0.00423979828331185,0.00432944543693214,0.0128401508527751
"img_00292.jpg",0.794407643765447,0.0343794662417352,0.003267168293551,0.00412256550260387,1.00917622894579e-05,0.041129679963188,0.0144333641543974,0.108250020316788
"img_00302.jpg",0.10605634016145,0.0172163414683866,0.00374960606247922,0.0028589827200394,1.00986239115725e-05,0.00825656838178512,0.823564593733597,0.0382874688483508
"img_00311.jpg",0.985114128254383,0.00283472961762079,0.00201655577206651,0.00245463530080613,1.00370231159963e-05,0.00212650547971222,0.00201049765165006,0.00343291090064543
"img_00320.jpg",0.967773356948418,0.00640760460055371,0.00337847325097565,0.00205785462723389,1.00405685372194e-05,0.00668651096062376,0.00483105391869608,0.00885510512496201
"img_00331.jpg",0.877008181151103,0.0180230110418297,0.00277911429884865,0.00301147612273207,1.00730747308779e-05,0.0431715929076457,0.00967525827788066,0.0463212931252289
"img_00358.jpg",0.291089335402872,0.0284901280267475,0.00324519994471657,0.00376434740558233,1.00710755813116e-05,0.0224380390094798,0.0206278840915845,0.630334995043436
"img_00374.jpg",0.652470921825414,0.0290043548676883,0.00579445624824304,0.0112474044871486,1.00251698373686e-05,0.00430809885579085,0.003089207946597,0.294075530599281
"img_00375.jpg",0.0355636452494755,0.0324063122670435,0.867225508277068,0.0162355501120985,1.0092217786991e-05,0.0140795802906325,0.00702616765135505,0.02745314393454
"img_00376.jpg",0.856401904088775,0.0616319093879603,0.00762380096240428,0.00210847210116254,1.00671893147365e-05,0.0313412899413188,0.010117568282229,0.0307649880468358
"img_00380.jpg",0.887189432493019,0.0311471283913298,0.00306231891862919,0.00390207516681365,1.00340634575715e-05,0.0664380698346533,0.00317210336616285,0.0050788377659347
"img_00383.jpg",0.828166960576141,0.0122657909937151,0.00231085072533335,0.00324097810892491,1.00478938727758e-05,0.00301132956349305,0.00226467052960146,0.148729371608918
"img_00398.jpg",0.946833026230384,0.0164250217815658,0.00225277945828558,0.00385105349142491,1.00545759451274e-05,0.00413261557831562,0.00241952241598553,0.0240759264680936
"img_00407.jpg",0.957946266532531,0.0115742548796723,0.00271999523635393,0.00771085503721724,1.0030428176919e-05,0.0107630196094252,0.00294961015107894,0.00632596812554444
"img_00417.jpg",0.0877931404192965,0.00712092160105492,0.00220128180383264,0.00627827614562754,1.00226375809961e-05,0.00213004388748866,0.00209149781120786,0.892374815693911
"img_00442.jpg",0.0023007726341795,0.00210295903092845,0.00199867466961074,0.00199113291081867,1.00199381315394e-05,0.002022027754171,0.00200491351998356,0.987569499542177
"img_00446.jpg",0.915076494686896,0.0142269611322887,0.00218037442636742,0.00843728719339055,1.00310369823981e-05,0.0116940777020714,0.00242793818732038,0.0459468356346834
"img_00469.jpg",0.92131769974806,0.0200387638059118,0.00493982936318211,0.00551160267976112,1.00406547301632e-05,0.00853305099447588,0.00300001319572498,0.0366489995581536
"img_00473.jpg",0.954377448978425,0.00686302540285203,0.0024359422105367,0.00281833955391182,1.0045750048332e-05,0.00286880685241947,0.00219303880841844,0.0284333524433879
"img_00483.jpg",0.934935505928459,0.0382832276456375,0.00204630802562897,0.00222893241059364,1.00282423088662e-05,0.00274938036000501,0.00215982076460694,0.0175867966227598
"img_00484.jpg",0.113093420764728,0.0608487672634784,0.00346199977802753,0.00996516850278884,1.00229879739357e-05,0.00515726127048673,0.00478890659007911,0.802674452842437
"img_00486.jpg",0.905040643455466,0.0376658234709576,0.0193674131346279,0.0158415542584673,1.00839912079554e-05,0.00406810299146138,0.00517235843485671,0.0128340202629557
"img_00518.jpg",0.821608193159048,0.0342587266847985,0.00282617650678116,0.00654505130115909,1.01614598244571e-05,0.00541004621266035,0.00253777443146969,0.126803870244259
"img_00533.jpg",0.495451605637317,0.0169229362639708,0.00283624426191588,0.00382432094217405,1.01268986427428e-05,0.0177373680504588,0.00836948980569326,0.454847908139827
"img_00538.jpg",0.75826800882019,0.0767451265153963,0.00314288364257961,0.00522030276387871,1.00352775608983e-05,0.00659792624364904,0.00260112523657135,0.147414591500174
"img_00543.jpg",0.979842429443538,0.00615739361541892,0.00218268240354504,0.00287097983831623,1.0067591339275e-05,0.00233868062567633,0.00205999178160207,0.00453777470056438
"img_00550.jpg",0.337480302064505,0.028837470918975,0.0292069271017942,0.00963440486365617,1.03704366049544e-05,0.557160123862603,0.00399914459975898,0.0336712561521031
"img_00551.jpg",0.806233471741684,0.0113057218137947,0.00411218870592638,0.00534822781078219,1.0032495487518e-05,0.0801066029210216,0.0117901124401074,0.0810936420711966
"img_00575.jpg",0.767589721344271,0.0102376950812421,0.00311811531802072,0.00232294049793567,1.00675719336176e-05,0.0146932999295807,0.00826462344019748,0.193763536816819
"img_00582.jpg",0.870000225684488,0.0341401232254117,0.0067499564118438,0.00373854016751666,1.02832353558707e-05,0.0528171453214825,0.00277682582224261,0.0297669001316588
"img_00584.jpg",0.944974231370093,0.00284110479417331,0.00462399388515078,0.00308913481977398,1.04410331191412e-05,0.0309427337829792,0.0040911872167246,0.00942717309798633
"img_00587.jpg",0.0772806281282557,0.0182888990200665,0.00431923221852575,0.00233116230147931,1.00775178084724e-05,0.022695758073498,0.0102311518455286,0.864843090894838
"img_00590.jpg",0.0584716659418443,0.0763582640878399,0.00825933287069524,0.00248895616642026,1.00386399429855e-05,0.00822907340052647,0.0114529098808104,0.83472975901192
"img_00591.jpg",0.0748352505809144,0.00638145556966226,0.00276815923643282,0.00407576760375425,1.00927970052806e-05,0.0189034606470956,0.00388689990725151,0.889138913657884
"img_00598.jpg",0.932848425215551,0.0210689022777368,0.0027796819148662,0.0087420663012125,1.00450613814114e-05,0.00740177152734429,0.00250583139170958,0.0246432763101984
"img_00599.jpg",0.764749643163779,0.0151731039054013,0.00418375489331539,0.00356746632136059,1.0084035550111e-05,0.00460981056927583,0.0292612447148911,0.178444892396427
"img_00612.jpg",0.915794694347776,0.00323274074964808,0.00266403905558409,0.00280551818161369,1.00630050583778e-05,0.0500155019411715,0.0107153077381827,0.0147621349809651
"img_00620.jpg",0.81322750777645,0.0277216280707286,0.0703415077644764,0.00528976446559493,1.0232989730241e-05,0.0177331205204328,0.00413488797857698,0.0615413504340098
"img_00642.jpg",0.0016661634252873,0.00109590015874182,0.000294859139717752,0.996117851742534,9.98371735566562e-07,0.000311778028597902,0.000202595453742112,0.000309853679643547
"img_00646.jpg",0.0128008962482955,0.00829003838640549,0.0046940940115145,0.00233399523425626,1.00331022269411e-05,0.00342873573867181,0.00388662035103168,0.964555586927598
"img_00648.jpg",0.980821692409455,0.00390985547062249,0.00227114863249067,0.00376476411318831,1.00734999208244e-05,0.00234593916583004,0.00208762095796435,0.00478890575052851
"img_00650.jpg",0.199474482764559,0.014382743608124,0.0083121263737265,0.00497059722150052,1.02378071728646e-05,0.583461195063847,0.151302431997513,0.038086185163557
"img_00664.jpg",0.923244732325104,0.0234906337420783,0.00245976709992181,0.00209520958031546,1.00335119010844e-05,0.0054120754483298,0.00504815758527942,0.0382393907070705
"img_00697.jpg",0.00279894108943101,0.00368611576740966,0.0030485751666953,0.00212064652601087,1.00366995618317e-05,0.00208693949257771,0.00289695775073147,0.983351787507582
"img_00708.jpg",0.749267333790285,0.0365742352836948,0.0045333330908102,0.0047286567551751,1.00478879323337e-05,0.0741578978125111,0.0249703619894054,0.105758133390186
"img_00716.jpg",0.0905577726457739,0.111485125118729,0.00858594352045154,0.00549915609375694,1.02210216292478e-05,0.568896427684172,0.0150919364924913,0.199873417422996
"img_00717.jpg",0.604864480446176,0.248046816085881,0.00680504675804843,0.0143289202995567,1.0026664742922e-05,0.109663768685173,0.00735400833320301,0.00892693272721886
"img_00718.jpg",0.947868347071614,0.00262350977572645,0.00469445897614736,0.00468488468476008,1.00326101569342e-05,0.0160031631448182,0.00407879094869562,0.020036812788081
"img_00724.jpg",0.0350505405459851,0.00281944514870315,0.00501712844353198,0.00241014494766405,1.01293162155478e-05,0.0111948303537144,0.307249504772372,0.636248276471814
"img_00726.jpg",0.981267260269971,0.00620436695122787,0.00199672619557876,0.00200773133703866,1.00204040869389e-05,0.00310872492472928,0.00214660561134525,0.00325856430602207
"img_00729.jpg",0.938888218114297,0.012668814335588,0.00426332480720572,0.00252130577375432,1.07198640641578e-05,0.00775566548381841,0.00766791534667306,0.0262240362745989
"img_00730.jpg",0.0105623786684444,0.00480241704591687,0.00225534255251517,0.00206737549984921,1.00327121929269e-05,0.00538062419346403,0.00710037799601235,0.967821451331605
"img_00757.jpg",0.888365178260092,0.0189550569762303,0.024536684688113,0.0152809445495728,1.01132917086853e-05,0.0255208419622266,0.00591199620863689,0.0214191840634196
"img_00760.jpg",0.003011398329527,0.000790431264412106,0.000235000312147092,0.995097736040848,9.97540537524563e-07,0.000330625040019502,0.000218463506160228,0.000315347966348209
"img_00764.jpg",0.00657125523404737,0.0073500625874217,0.00855691332029649,0.0023649366229725,1.00514628015152e-05,0.00225109387147896,0.0020991335745283,0.970796553326453
"img_00765.jpg",0.0472842079398607,0.487952516966453,0.00446245049875308,0.0206201945151159,1.00513531987267e-05,0.12983590314613,0.00778450339116683,0.302050172189322
"img_00772.jpg",0.0570696733536198,0.00967011394203978,0.332500057246006,0.00214635398365438,1.00861958428351e-05,0.246170837709685,0.0060937875054938,0.346339090063658
"img_00777.jpg",0.640484058097017,0.041263767963117,0.00361142847775176,0.00220462936746643,1.01221151647532e-05,0.300152806393905,0.00954021814809035,0.002732969437488
"img_00780.jpg",0.0098946372626865,0.00339146321844029,0.00412887587087567,0.00217580729179087,1.00765943176716e-05,0.0135384096857467,0.013741184288945,0.953119545787197
"img_00798.jpg",0.896189141965562,0.0415021857727106,0.00310372130457194,0.0292072590138174,1.00566783631291e-05,0.00670466386914993,0.00299626917634068,0.0202867022194841
"img_00808.jpg",0.815594038284591,0.133769281218764,0.00246283776422233,0.00452359338497365,1.00568923201924e-05,0.00624369304041981,0.00227693362879776,0.0351195657859106
"img_00816.jpg",0.950982866295705,0.00939178902926751,0.00211770046716169,0.002138010062237,1.00592713293911e-05,0.00333697173321393,0.00495993585965823,0.027062667281427
"img_00833.jpg",0.749932072174181,0.0240978609104452,0.00412257291063242,0.00391835904099292,1.00431884554159e-05,0.0597599558159057,0.0265603486713721,0.131598787288015
"img_00837.jpg",0.784723466864011,0.123934480299936,0.00527237252195623,0.00463050570982401,1.01078163836702e-05,0.0537375368957869,0.00242957329158661,0.0252619566005163
"img_00855.jpg",0.827516890150851,0.0353070322100514,0.013142735252869,0.00436324806318277,1.02846989024729e-05,0.0382267102148611,0.010137923125039,0.0712951762842438
"img_00857.jpg",0.966243415024588,0.0136857624350622,0.00234379018065577,0.00204377277362214,1.00301185682078e-05,0.00690426042913716,0.00255474508710116,0.00621422395126491
"img_00858.jpg",0.946538602340808,0.00540580707855165,0.00227413608293049,0.00216417038847358,1.01480673647379e-05,0.0086010937265207,0.00376607032482526,0.0312399719905258
"img_00865.jpg",0.890937844582027,0.0674261290551091,0.00222918120042465,0.00291092271751828,1.00289635249341e-05,0.0167601489293681,0.00332095519002724,0.0164047893620004
"img_00902.jpg",0.00380999085369576,0.0031970502904245,0.00240438305572127,0.00223503977171955,1.00376839298195e-05,0.00349610945798095,0.978270979326674,0.0065764095598544
"img_00914.jpg",0.00230193903997011,0.00241242754619327,0.00202094028630008,0.0019870320267958,1.0020312950797e-05,0.0019909200010519,0.0019932104652676,0.98728351032147
"img_00921.jpg",0.821970842895764,0.00434806065928313,0.00388883243186149,0.00256046295649017,1.01141251411961e-05,0.0556398007127466,0.0522942590748333,0.0592876271438799
"img_00927.jpg",0.0652252829170474,0.0513811771185992,0.00689704364815858,0.00254061716108132,1.00431186962109e-05,0.0133581441136558,0.0150243972600365,0.845563294662725
"img_00943.jpg",0.911277698796222,0.0619813577701809,0.00210645620292199,0.00247551316046424,1.00281575364524e-05,0.00267526526326669,0.00233365096720812,0.0171400296822
"img_00959.jpg",0.963788436306987,0.00343294178167665,0.00207129802579503,0.00200587239482593,1.00330063696417e-05,0.00550422279624289,0.0026495518914978,0.020537643796605
"img_00962.jpg",0.0957412486654322,0.00673322698625633,0.00510991456831741,0.00213679298220348,1.02054345782951e-05,0.00897363617725096,0.0139269183658516,0.86736805682011
"img_00964.jpg",0.00232513520218787,0.0226919525205931,0.936074197483729,0.00558182310685233,1.00212658761534e-05,0.00231158807671758,0.00352070423386715,0.0274845781101766
"img_00974.jpg",0.923805977865209,0.0179937374394179,0.00463722194423731,0.0132507258423326,1.00213292663779e-05,0.0118591360519382,0.00225918990398535,0.0261839896236132
"img_00979.jpg",0.00695717816310164,0.00661245820655131,0.0220069249399092,0.00218896703569069,1.00579791818927e-05,0.00457086592472922,0.00357314168562072,0.954080406065215
"img_00982.jpg",0.749140773768862,0.190770075409535,0.00662714832164997,0.00341880406343933,1.02350398337583e-05,0.0150586845872583,0.00604173383798181,0.0289325449714397
"img_00985.jpg",0.778900267013448,0.0327108026250572,0.00468779589197793,0.00389421050197195,1.00880392017727e-05,0.0215187831181879,0.0126165514127923,0.145661501397363
"img_00999.jpg",0.676547150241951,0.0680624786268773,0.00240122571105029,0.00295691882387917,1.00268712432339e-05,0.0168062657286377,0.0523998991393752,0.180816034856987
"img_01022.jpg",0.944016735720679,0.00456914531554513,0.00378204399732843,0.0080378893338656,1.01766604262086e-05,0.0180877481236762,0.0036905643621493,0.0178056964863297
"img_01031.jpg",0.757397681058686,0.0105375726876685,0.00748685668049431,0.00277486379496143,1.00636648916581e-05,0.21156311586511,0.00653053711416056,0.00369930913402757
"img_01035.jpg",0.730615973329697,0.0168462512036766,0.00330837492379579,0.00266896733068609,1.01198256101974e-05,0.237214111799593,0.00678089864893947,0.00255530293800123
"img_01058.jpg",0.918105011295814,0.0125409165925752,0.00393510188566412,0.00242985927232978,1.04748824976393e-05,0.00562920635249134,0.0028036603414284,0.0545457693771999
"img_01059.jpg",0.0222464776227769,0.0163428859834895,0.00731822008108446,0.00424837620042342,1.00452372050912e-05,0.0249805321087148,0.0108179189996914,0.914035543766614
"img_01102.jpg",0.202846797968773,0.473190895151621,0.00285126084761577,0.0595552311098819,1.00334339247326e-05,0.00402832451376029,0.00244265892807492,0.255074798046349
"img_01103.jpg",0.0143379892067674,0.0560890620779202,0.00740826705272507,0.00574719390627925,1.00720306597543e-05,0.00291494351787769,0.00955984164700205,0.903932630560769
"img_01116.jpg",0.819094457121741,0.084323710646,0.00838836664720921,0.0170129895851167,1.00281217366852e-05,0.0456615779626509,0.00309777653010813,0.0224110933854377
"img_01134.jpg",0.852601726907989,0.0109380304439583,0.00603153188533492,0.00627206480047253,1.00350998020573e-05,0.0609058798635629,0.00395456757870928,0.0592861634201711
"img_01179.jpg",0.964928783624025,0.00669165390899612,0.00355629642722629,0.00766598565063713,1.00536512309631e-05,0.011357930152625,0.00286358572868325,0.00292571085657635
"img_01188.jpg",0.0591679665336597,0.391258272171603,0.00487117393322624,0.0212291677161008,1.01101653110473e-05,0.165359135854572,0.0139886021279329,0.344115571497594
"img_01211.jpg",0.935538205254853,0.0460825023485242,0.00220654296899611,0.00511449597333372,1.00566107272801e-05,0.0024709541149825,0.00211302436176875,0.00646421836681438
"img_01213.jpg",0.784676188263299,0.143181030270225,0.0116652943986676,0.00990595142513292,1.00995166288229e-05,0.0135617751173614,0.00560366344891754,0.0313959975597672
"img_01222.jpg",0.712880519840115,0.14530602068,0.00467671253267224,0.0304260673651213,1.00601525706358e-05,0.0116293422403127,0.00690937142765953,0.0881619057615487
"img_01224.jpg",0.0133147126863115,0.0194850578492968,0.186695943219231,0.00391948695974142,1.00244388211237e-05,0.00704231946493816,0.00363118707535995,0.7659012683063
"img_01253.jpg",0.00267065761240034,0.00202174500716737,0.00199760911449973,0.00198769685242159,1.00198206477479e-05,0.0019873175096342,0.00198803011164224,0.987336923971587
"img_01286.jpg",0.0899215106450636,0.0111131688517173,0.00235692637775408,0.00672198158027794,1.01620280102646e-05,0.00588041631484236,0.00242393565023782,0.881571898552097
"img_01289.jpg",0.0284391561598793,0.0319980184389327,0.00588669385388872,0.00416587488737329,1.00395113772421e-05,0.0163374944485344,0.00770223285471125,0.905460489845303
"img_01328.jpg",0.918880826096886,0.055884714216939,0.00223229474734509,0.00559188177143604,1.00433170473244e-05,0.00853104553785869,0.00272349577676793,0.00614569853571963
"img_01366.jpg",0.56391019523029,0.0167562858877307,0.0165971880909521,0.0113129062693558,1.01642143444264e-05,0.374275119847808,0.00303831103223795,0.0140998294272812
"img_01371.jpg",0.961515368150004,0.00683528244979328,0.00345369552577121,0.00217004735889315,1.01752761608928e-05,0.004000975116899,0.00293513715239619,0.0190793189700818
"img_01379.jpg",0.885513146399911,0.0189514148557742,0.0226749823879513,0.00606616556286881,1.0064346071836e-05,0.0412228065855373,0.00372349637172708,0.0218379234901582
"img_01384.jpg",0.330676358804915,0.0523281217210968,0.0311439295225044,0.00652621391478021,1.04182233803638e-05,0.550004329300235,0.00250448286005509,0.0268061456530322
"img_01388.jpg",0.880425441123857,0.0413980669793753,0.00406403063785665,0.00212810929115283,1.00315193748276e-05,0.04025762087782,0.00335729231296327,0.0283594072576001
"img_01392.jpg",0.00343692183407688,0.0189841788141461,0.905574248813903,0.00663551666236385,1.00513401314963e-05,0.00253910835004163,0.00305335495746123,0.0597666192278758
"img_01399.jpg",0.0086560808922926,0.871967571707665,0.00743104572878368,0.00230486361440053,1.00475256406788e-05,0.0161682318925587,0.0028583387450429,0.0906038198936158
"img_01404.jpg",0.93081084079011,0.0103440130160392,0.00220271612404681,0.0107505568271048,1.00240996226358e-05,0.014902272483419,0.00208818410207596,0.0288913925575815
"img_01405.jpg",0.845628766229232,0.0125550625729278,0.00341124288434595,0.00322495168366716,1.00882004742687e-05,0.129625008670884,0.00280895224055039,0.0027359275179186
"img_01413.jpg",0.953242326224037,0.0061268629519663,0.00412617461516235,0.00713325696599713,1.00817149892622e-05,0.008632551474685,0.00463884871264648,0.0160898973405162
"img_01426.jpg",0.0469442640641623,0.154121262497455,0.00298680890878282,0.00218081788359177,1.00398311614912e-05,0.00486296722110149,0.700008639845304,0.0888851997484419
"img_01431.jpg",0.00227699992970643,0.000720081190577938,0.000236716961685299,0.995805737813543,9.98123291445726e-07,0.000426890164464231,0.000214191897940613,0.000318383918791181
"img_01441.jpg",0.00312385235046194,0.00238583144760036,0.00207004617174472,0.00201004729366331,1.002218340422e-05,0.0021112901382582,0.00229718268574677,0.98599172772912
"img_01444.jpg",0.269702329417647,0.011508752655111,0.00239501096052813,0.0040235192473106,1.00566047867825e-05,0.0156130896231815,0.0316396962942177,0.665107545197218
"img_01490.jpg",0.0079151494687152,0.00696089988898501,0.0394661737290274,0.00390514166487828,1.00414477976287e-05,0.00281842817468009,0.00226820897314278,0.936655956652774
"img_01495.jpg",0.617129948669634,0.0352144216520296,0.0114775592131099,0.00924794386711514,1.00287818428828e-05,0.0126530280044269,0.00338603354889494,0.310881036262946
"img_01511.jpg",0.896668242565838,0.023345520843333,0.0480447366677992,0.00532679670298667,1.00405810538113e-05,0.0123225042736503,0.00361762314650662,0.0106645352188326
"img_01519.jpg",0.319905009912571,0.0580636888337085,0.00529295882613257,0.0112110630399126,1.00760184982321e-05,0.169673475094811,0.110313938596772,0.325529789677594
"img_01530.jpg",0.933927556677065,0.0152713090359552,0.00312114835826594,0.00280044783368075,1.03423941631387e-05,0.00302238331324525,0.00257030225213575,0.0392765101354889
"img_01537.jpg",0.815470134847663,0.0251511664128912,0.0256777544988937,0.00215584278590298,1.02187513988843e-05,0.0730394402349216,0.00585295147123828,0.0526424909970903
"img_01538.jpg",0.884072085247045,0.0331734523140427,0.0057236828239056,0.00274794481408069,1.00505547766043e-05,0.0571666576273654,0.00459969542928774,0.0125064311894959
"img_01543.jpg",0.956780651362612,0.00381477487304818,0.00204680248890243,0.00218496354743747,1.00808479498196e-05,0.00245092061905751,0.00215357867901434,0.0305582275819779
"img_01548.jpg",0.954533125756338,0.00338859399658646,0.00270383698033255,0.00208032946630645,1.01350725017289e-05,0.022505458829433,0.00577564435084128,0.00900287554766108
"img_01552.jpg",0.954806163009766,0.0067626409165136,0.0040056380577348,0.00204028574189134,1.00463004688261e-05,0.0235669616989671,0.00348789266343966,0.00532037161121838
"img_01562.jpg",0.717594994402357,0.0130358833136161,0.00410926081485701,0.00258720627930079,1.00418148981885e-05,0.00919152295679729,0.0475473715771892,0.205923718840985
"img_01571.jpg",0.952768782261221,0.0277787871363344,0.00205732491142738,0.00212211028687986,1.00239648327326e-05,0.00216773418231435,0.00334322015990305,0.0097520170970875
"img_01593.jpg",0.624641725997622,0.199015099802268,0.00406494049577478,0.00400382408605496,1.00489679499587e-05,0.0193122533514711,0.0119071453860848,0.137044961912775
"img_01616.jpg",0.873479625607183,0.0894000510383399,0.00286228321589118,0.00408358742734157,1.00825419066889e-05,0.00692547570076895,0.00500761586856867,0.0182312785999999
"img_01618.jpg",0.864576386105622,0.0100579252904679,0.00246835623831406,0.00257961104026158,1.0376715217329e-05,0.0964872758339256,0.0160833418485336,0.00773672692765806
"img_01627.jpg",0.905767808223211,0.0464633339370851,0.0020877916198551,0.00214636730066299,1.00210017366053e-05,0.0315343060999336,0.00257866661071316,0.00941170520680248
"img_01633.jpg",0.851715779123954,0.011998431875165,0.0107195695779078,0.00522294705728825,1.0053316245358e-05,0.0746677677608127,0.00853007786864071,0.0371353734199866
"img_01640.jpg",0.980368419011277,0.00557735861704356,0.00208202783388479,0.00291542222139905,1.00565391981132e-05,0.00226890863530736,0.00204489629511339,0.00473291084677676
"img_01646.jpg",0.955159003672179,0.0165735072858381,0.00248667944545252,0.00424555813491806,1.00210405481209e-05,0.0131699587583206,0.00274511742706858,0.00561015423567511
"img_01649.jpg",0.908541837773827,0.034385027636215,0.00415327064491959,0.00899071926368208,1.05108337658835e-05,0.0151959684860133,0.0102316696857238,0.0184909956758536
"img_01657.jpg",0.0296778815804706,0.00431034097190806,0.221771176242443,0.00207614309480816,1.00536666970309e-05,0.00804987436844457,0.00237857706042023,0.731725953014809
"img_01669.jpg",0.00245481337844321,0.000770293391524129,0.000236405310324972,0.995603195533727,9.98379818828769e-07,0.000338050958282176,0.000238768731691365,0.000357474316187867
"img_01681.jpg",0.0815652853255228,0.00775196292294148,0.00473306040999091,0.0023151676313574,1.00405373610231e-05,0.00453846650117311,0.00530245832362033,0.893783558348033
"img_01684.jpg",0.913792313287822,0.0247198077538492,0.0029899324866951,0.00682900422891836,1.00238030862997e-05,0.00919721668041483,0.00403202590010594,0.0384296758591083
"img_01687.jpg",0.74785200077166,0.00971690593135243,0.00254578317359525,0.00234755093161786,1.00308083076545e-05,0.00456126021170395,0.0104587167895963,0.222507751382167
"img_01688.jpg",0.0336561360023418,0.027234986887516,0.00516144918778152,0.00414956141653985,1.0044035641905e-05,0.0124553221282996,0.00699916147740256,0.910333338864477
"img_01689.jpg",0.00515413656239539,0.00400677261276137,0.0114209193841618,0.00206915986214168,1.00334751461547e-05,0.0107853901674647,0.00416257484449991,0.962391013091429
"img_01724.jpg",0.878644715664574,0.00756608240299322,0.00832257111824314,0.00227603814518978,1.03816079282529e-05,0.0360005922774921,0.00568668810784002,0.0614929306757399
"img_01745.jpg",0.876167561557272,0.0589129795331414,0.0206640573186142,0.00999079444981949,1.01218314482592e-05,0.0208248295059163,0.00476247162628656,0.00866718417750129
"img_01771.jpg",0.917622556784427,0.030986683304418,0.00420392609547828,0.00840459162397734,1.01455202686589e-05,0.00588003558433448,0.00733435343931916,0.0255577076477772
"img_01773.jpg",0.752503642989932,0.0132534136651579,0.00255043174937575,0.0021671165716518,1.00243785987842e-05,0.00354953993238216,0.0181345486224918,0.207831282090409
"img_01824.jpg",0.827216508194273,0.00785156883254631,0.00299114902267686,0.00438019628059442,1.01039215334735e-05,0.114272742379009,0.0129616025747042,0.0303161287946629
"img_01831.jpg",0.0171965879483661,0.00503997427363288,0.000263074485731515,0.965455683801284,9.67839957233937e-07,0.000970244084236705,0.000217740560508943,0.0108557270062827
"img_01834.jpg",0.00801631440403388,0.00651137801176729,0.299601537436479,0.00234286843223024,1.00604668940685e-05,0.00967298904366541,0.00269620461859546,0.671148647586334
"img_01847.jpg",0.220360631089156,0.0201713757671036,0.00258340941931912,0.00358190966669924,1.00480632090239e-05,0.00741690755685359,0.00526662478302725,0.740609093654633
"img_01853.jpg",0.0602550789065832,0.06819688679034,0.00656576712542682,0.00304099240230802,1.00573474548842e-05,0.0109040042757716,0.0166771360302795,0.834350077121836
"img_01856.jpg",0.921821486136908,0.00549621406949643,0.0036724246098658,0.00228044256357393,1.01216992322243e-05,0.00345075496226681,0.00243632579838766,0.0608322301602689
"img_01860.jpg",0.944688286563577,0.00297982865817732,0.00309505419770495,0.00213235143438109,1.01639894088667e-05,0.0143860261995377,0.00959294445571986,0.0231153445014937
"img_01862.jpg",0.799030033441482,0.0050887550107642,0.0416015659115836,0.00213913452675243,1.02730699250761e-05,0.0998172996702034,0.0250787866293857,0.0272341517399035
"img_01874.jpg",0.848630428965753,0.0043346000481481,0.0026424064630278,0.00218517543538392,1.00928387477867e-05,0.0136847976000653,0.0312451395155189,0.0972673591333553
"img_01888.jpg",0.062275904920442,0.330485996788309,0.00516771763383027,0.0175122427324774,1.00422542278616e-05,0.314028400743567,0.00862565629935027,0.261894038627796
"img_01918.jpg",0.00370748295180768,0.00157016015511726,0.000241825875075612,0.99296399166893,9.96023963056007e-07,0.000435695228457604,0.000284195145704146,0.000795652950944451
"img_01930.jpg",0.900279734818139,0.0433690413765875,0.00581705327997014,0.00408424724792999,1.00282653425144e-05,0.0383241568706466,0.00354747451383108,0.00456826362755324
"img_01932.jpg",0.873349213024401,0.0148721336762869,0.00642892542438829,0.00767517157393994,1.00663048504301e-05,0.00864707894516406,0.0034487344339269,0.0855686766170428
"img_01955.jpg",0.00244752425659334,0.00221023508454117,0.00200445777877341,0.00199422042947071,1.00201295037102e-05,0.00198804879432713,0.00199358315056075,0.98735191037623
"img_01963.jpg",0.970355731346536,0.00790841044337221,0.00385489294110574,0.0036834182741553,1.00520041059585e-05,0.00482326767410385,0.0024770540320464,0.00688717328457455
"img_01966.jpg",0.939253864448593,0.0334353802869749,0.00202897095278514,0.00204666835395663,1.00212888775362e-05,0.0112117171433972,0.00208002607617117,0.00993335144924397
"img_01983.jpg",0.913440748772403,0.0125518707804728,0.0166433047863061,0.00441472123822734,1.04524333844935e-05,0.0134267056121785,0.00374959328122378,0.0357626030958036
"img_01984.jpg",0.154145940933421,0.0113920454018306,0.00224016056190644,0.00306025084755943,1.0032727814762e-05,0.00659998658280659,0.0021740003855174,0.820377582559144
"img_01995.jpg",0.0367149845024536,0.2039887423409,0.0112710313334101,0.415418432878759,1.01177554555777e-05,0.100345793796467,0.0119920797854791,0.220258817607076
"img_01996.jpg",0.0845572861476528,0.0127626002651791,0.00267654513824984,0.00561163230788467,1.01614860820423e-05,0.794813670764675,0.0732771252267672,0.0262909786635089
"img_02001.jpg",0.416243000863627,0.00659680444821244,0.00647186042093112,0.00323274234456098,1.00965606697828e-05,0.239161002566762,0.145679329717582,0.182605163077655
"img_02006.jpg",0.440283303655552,0.0358167359466725,0.149246048134583,0.205483702682453,1.00483000273211e-05,0.0148336915548091,0.00614849947651309,0.14817797024939
"img_02066.jpg",0.946950510053652,0.00680771195861286,0.00279015245997067,0.00231365302049063,1.00456361196006e-05,0.0110162956234789,0.00308937815430452,0.0270222530933708
"img_02074.jpg",0.922183438055252,0.0166835268514757,0.00268383588622095,0.00479462209512946,1.00421085499612e-05,0.0485373687812724,0.00223001687100652,0.00287714935109271
"img_02076.jpg",0.194218172903213,0.755263056703782,0.00225084347421144,0.00249727035641261,1.00555387243671e-05,0.00241945294231003,0.00214680503340023,0.0411943430479457
"img_02077.jpg",0.00352254866704188,0.00126266611919402,0.000786699914026228,0.991317976499585,9.93792852791925e-07,0.00191684548838612,0.000314199331621337,0.000878070187292456
"img_02096.jpg",0.985082991092613,0.00261212103142223,0.00199644678491773,0.00202681324199557,1.0020573204953e-05,0.00308111470374855,0.0022674974906708,0.00292299508142735
"img_02119.jpg",0.836296329389776,0.0157276525011801,0.0741711313460017,0.0060011252967296,1.00499851480194e-05,0.023421853761525,0.00375072642822583,0.0406211312914134
"img_02124.jpg",0.0447106925117895,0.00513580288172638,0.00427841040791558,0.00283817934426507,1.00449254437579e-05,0.919971260505866,0.00926358489889414,0.0137920245240994
"img_02172.jpg",0.86248423731992,0.0193474957718554,0.0186540751203677,0.00217502707151381,1.02701866271068e-05,0.0599350554456738,0.00544664186214256,0.0319471972219
"img_02180.jpg",0.88949539550872,0.0196474788260931,0.00482173041644167,0.00597041912815957,1.0120806058379e-05,0.0362908005106924,0.007451857023084,0.0363121977807511
"img_02188.jpg",0.672032706799352,0.00932398828870807,0.00383030791947439,0.00292393355506897,1.00765331275797e-05,0.0534122101086836,0.0122373638014016,0.246229412994184
"img_02209.jpg",0.0357031726391924,0.00620357172093259,0.00415153960607983,0.00291093767539429,1.00578736069171e-05,0.926566740708755,0.0093163629835048,0.0151376167925338
"img_02231.jpg",0.0243852314520086,0.000796753307220635,0.000661615497686764,0.969021890409146,1.02625247049761e-06,0.00303174729295952,0.000291489036606205,0.00181024675190172
"img_02235.jpg",0.00414692811295998,0.0122231054689572,0.000789458301861196,0.961836991770901,9.74230293751141e-07,0.0070972406361818,0.00130021296542723,0.0126050885134176
"img_02252.jpg",0.971486645610195,0.00704009927118312,0.00330575031975683,0.00251392381045722,1.01308862527702e-05,0.00461256108196856,0.00308779969309365,0.0079430893270931
"img_02268.jpg",0.817645319846449,0.0239521774088868,0.034883051468706,0.051914193722036,1.00998629866747e-05,0.00740849752827975,0.00453465036039257,0.0596520098022636
"img_02270.jpg",0.940949516799518,0.0174917927908317,0.00994919940150261,0.00443838032223923,1.01610019150914e-05,0.0157047512050132,0.00400308916301823,0.00745310931596153
"img_02281.jpg",0.00239282115500649,0.000689416266755026,0.000261346345339693,0.995892498281062,9.97991798025421e-07,0.000320192317284448,0.000203138775890997,0.000239588866862925
"img_02282.jpg",0.00264878060112215,0.00234251134781532,0.0020172641993701,0.00199767681411639,1.0021428461846e-05,0.00214484336524541,0.00248862466695129,0.986350277576918
"img_02291.jpg",0.976085891906912,0.0104834802554768,0.00203756047797313,0.00228115432061367,1.00279035369765e-05,0.0027026194142551,0.00205840728867675,0.00434085843255548
"img_02299.jpg",0.831536252036529,0.0650898365469538,0.00530713951953742,0.0205615376998873,1.00578133094024e-05,0.0144276398148383,0.00555787569490419,0.0575096608740403
"img_02305.jpg",0.0289842910880685,0.176411559319536,0.00730334452011352,0.497112152897264,1.0117988394977e-05,0.0437781896293619,0.0124465899034171,0.233953754653844
"img_02307.jpg",0.745974545475913,0.0175484060182394,0.00217286148667895,0.00279909852414072,1.00827433173869e-05,0.0692879460742448,0.0176384466039049,0.144568613073561
"img_02309.jpg",0.979960933944524,0.00477009655075512,0.00208643866232408,0.00265013302390681,1.00477703933794e-05,0.00250417744768064,0.00213887086798863,0.00587930173242757
"img_02318.jpg",0.0144422553987693,0.00351848078275718,0.00232646117579987,0.00214486471698905,1.00279269015136e-05,0.00224581440632598,0.00224779178197376,0.973064303810483
"img_02356.jpg",0.0190194961346157,0.00281442746077564,0.00275734260721979,0.00477085377585894,1.00225375568441e-05,0.00326071891419109,0.00299768322661661,0.964369455343165
"img_02367.jpg",0.913249775746658,0.0326750176492865,0.00454387863185915,0.00662945448349283,1.01885015851438e-05,0.0156561005536272,0.00909870117762994,0.0181368832558618
"img_02379.jpg",0.11021606700609,0.00716667298686139,0.00249835935048639,0.00221169968735024,1.00442867114482e-05,0.00326016641762478,0.0033274704531835,0.871309519811692
"img_02384.jpg",0.719027878984297,0.0171191222245373,0.00356799039628665,0.00301522577208039,1.00778600012671e-05,0.0494223514087892,0.00605051014158428,0.201786843212424
"img_02398.jpg",0.893610162346975,0.0279522373719801,0.00720652236394792,0.0130967825677178,1.00372414167934e-05,0.029268914574844,0.00285136196385575,0.0260039815692625
"img_02400.jpg",0.94143559751255,0.00882736385935428,0.0134332855355896,0.00359330355394028,1.00235152581605e-05,0.0214192551117333,0.00239752019662176,0.00888365071495283
"img_02406.jpg",0.00251175363197069,0.000642828032175,0.000792433799539185,0.993649462247061,9.95754823027698e-07,0.00135197375052485,0.000366276590995377,0.000684276192910977
"img_02412.jpg",0.70517569806152,0.00326085051345213,0.00266871954503689,0.00234946251068613,1.0059279583405e-05,0.00244380518102832,0.00354835285681704,0.280543052051876
"img_02422.jpg",0.833952252884122,0.0304668741610259,0.0036209391409473,0.00515805713848893,1.00433553633323e-05,0.0118484617041086,0.0184650415661015,0.0964783300498426
