"image","ALB","BET","DOL","LAG","NoF","OTHER","SHARK","YFT"
"img_00007.jpg",0.0622062383906585,0.0252422594208032,0.0062595225036403,0.00585277547365504,0.00100045571361642,0.00245864384973818,0.00245795419241397,0.894522150455474
"img_00009.jpg",0.73054012446915,0.0849630915713965,0.00243524604581514,0.00278807711100377,0.00100042176491254,0.169658163603841,0.00275921073184855,0.00585566470203261
"img_00018.jpg",0.829210487809686,0.0462081777243946,0.00335008294427762,0.0128042971195341,0.00100065306276025,0.0960952757266917,0.00245517862546041,0.00887584698719496
"img_00027.jpg",0.17001942105832,0.029929161787066,0.00586434222847902,0.00307393141386928,0.0010083998857363,0.173407768608624,0.0170111602767941,0.599685814741112
"img_00040.jpg",0.116582161109233,0.0114733082268504,0.00254450724627256,0.00294900277291463,0.00100904470103643,0.00922612615382166,0.814037926931724,0.0421779228581476
"img_00053.jpg",0.888293549359721,0.0167345988189492,0.0114590592390922,0.00395327678035278,0.0010108811050116,0.0636157825665695,0.00269615947269726,0.0122366926576068
"img_00071.jpg",0.0055536523645201,0.000574155566442509,0.000249828910240243,0.992546414823717,9.92999442707246e-05,0.000440543233749999,0.000241251508176237,0.000294853648882849
"img_00075.jpg",0.867538464613713,0.0222562092993788,0.00295386834898758,0.0073378573806447,0.00102186927617299,0.0904595377215039,0.00495964353724576,0.00347254982235332
"img_00102.jpg",0.511678169293743,0.0204776727883557,0.00393188822939849,0.00287665965654778,0.00100133727787549,0.0177857935609815,0.00956050089686753,0.432687978296231
"img_00103.jpg",0.817812561153965,0.0416521828696383,0.0759454019300725,0.00246014048638793,0.00100041910945419,0.0453846225552376,0.00242128638595071,0.0133233855092937
"img_00109.jpg",0.977699347995138,0.00244287674524356,0.00241453111166892,0.00241419330346252,0.00100052473918078,0.00511855781537707,0.00285525859039166,0.00605470969953747
"img_00120.jpg",0.797009601450573,0.0169572817667404,0.00368961701453656,0.00384566938825674,0.00100372561855273,0.0166018210856351,0.0616616432725347,0.099230640403171
"img_00125.jpg",0.798898332598016,0.0110380486142176,0.00676721562241524,0.00284548227202665,0.00100046673323204,0.0194878614606372,0.00544478443621279,0.154517808263242
"img_00128.jpg",0.010478087164885,0.0883504744642872,0.49066788379954,0.00245467821243823,0.00100153838618168,0.00407766172748599,0.00354467372470725,0.399425002520475
"img_00129.jpg",0.113487533677286,0.0109892557696197,0.00373473310385418,0.00348871242089262,0.00101046802238569,0.00937909988359927,0.817600614583812,0.0403095825385499
"img_00138.jpg",0.410227410566658,0.561156018235746,0.00573677288293805,0.00701095628708404,0.00100289233691873,0.00727240118654622,0.00325521206054154,0.00433833644356778
"img_00141.jpg",0.00567460942062502,0.00606502436296639,0.00967934869495486,0.00242829772690425,0.00100042647254394,0.00312387832188843,0.00242830323687785,0.969600111763239
"img_00152.jpg",0.0377913344545956,0.019761603644009,0.00335489899068438,0.00261372645371177,0.00100255113924433,0.0063009210798573,0.00368947300287257,0.925485491235025
"img_00161.jpg",0.00496117128818508,0.0023885451012219,0.00238854508086741,0.00238854508023274,0.00100038675685843,0.00245665187758834,0.00238854508367674,0.982027609731369
"img_00170.jpg",0.0145852873427499,0.000357880796590782,0.00030686235500286,0.979714613020939,9.81632501038392e-05,0.001994794127447,0.000270400455828875,0.00267199865133771
"img_00171.jpg",0.722188416778942,0.0154409324077137,0.0848405888901035,0.041107623141558,0.00101011383228967,0.12715100695129,0.00333132845845877,0.0049299895396443
"img_00175.jpg",0.779053938224577,0.00881102277378254,0.00889311109618035,0.0180854462445976,0.00100445663173806,0.175287023132183,0.00275343814158828,0.00611156375535373
"img_00180.jpg",0.0240589826795383,0.00411608328697213,0.00503762204722646,0.00441896165993069,0.00100152559564942,0.00484440817393187,0.00505622827403984,0.951466188282711
"img_00212.jpg",0.518628141353483,0.00386035829156228,0.00250709577114202,0.0745532036007215,0.00100040829008763,0.00332482864816426,0.00240900404247544,0.393716960002364
"img_00223.jpg",0.872803136532737,0.00664568109365435,0.0677825218327513,0.00769558740656508,0.00100053262453386,0.0306665391236852,0.00457947343140123,0.00882652795467175
"img_00230.jpg",0.767802780753629,0.110020928925063,0.00246871003486874,0.00268430890337238,0.00100042530753106,0.103441693886881,0.00243523397910718,0.0101459182095473
"img_00232.jpg",0.00648164498602864,0.0031037810540529,0.00244535650610604,0.0025173215228426,0.0010004436622612,0.00647555147214711,0.97290905370831,0.00506684708825169
"img_00244.jpg",0.838178425207459,0.0343944653142617,0.00331445317996593,0.00341631298204876,0.0010004838277449,0.0489268040339368,0.00342353419096294,0.0673455212636198
"img_00280.jpg",0.964501969121848,0.00248743014540138,0.00652912572979543,0.00248262430667005,0.00102745977205792,0.0028542471289511,0.00320895357861206,0.0169081902166642
"img_00282.jpg",0.80903379862428,0.0176843920242921,0.00998582125755219,0.0438915909459588,0.00100920036560348,0.109619585893694,0.00328925253604322,0.0054863583525755
"img_00285.jpg",0.497990057524176,0.0176451639434334,0.00519941528101381,0.00285137101441579,0.00101403585628873,0.0109428796908952,0.018377367143208,0.44597970954657
"img_00292.jpg",0.704355632137107,0.06976678719318,0.00307824447170775,0.00376759358495908,0.00100906323983079,0.0552295463036953,0.00936779791251065,0.15342533515701
"img_00302.jpg",0.143495249740306,0.0102020639272052,0.00253449588700045,0.00289208715960314,0.00101413189404463,0.00813226100966842,0.799980179787354,0.0317495305948182
"img_00311.jpg",0.983943357726115,0.00244682458465123,0.00238504238295962,0.00238786214056135,0.00100166736958475,0.00238525055893283,0.00238502723048397,0.00306496800671131
"img_00320.jpg",0.979985221333958,0.00449307422831407,0.0024125654218956,0.00241256531159652,0.00100114607666191,0.00399987560598675,0.00241256532913206,0.00328298669245469
"img_00331.jpg",0.932391395138798,0.00429530813863588,0.00263652408614617,0.00248261553498856,0.00100741055138266,0.0237402345230222,0.00888736438443559,0.0245591476425911
"img_00358.jpg",0.633662312589159,0.0162448789747438,0.00251260054973122,0.00248993361764747,0.00100115009855773,0.0388130493469165,0.0184770596871922,0.286799015136052
"img_00374.jpg",0.613978759692996,0.0689312328224169,0.0027885402048127,0.00319221401207927,0.00100044548123323,0.0047263106223278,0.00246833859433227,0.302914158569802
"img_00375.jpg",0.0560654966195922,0.0297348939076952,0.851142075879756,0.00666472095132364,0.00100137364601283,0.0254615698116509,0.00535900564438302,0.0245708635395862
"img_00376.jpg",0.930922968135761,0.00851404419383699,0.00933731647981577,0.00249230627197356,0.00100251401271936,0.0181190022098788,0.016705472021961,0.0129063766740534
"img_00380.jpg",0.963784165783669,0.00580186464123096,0.00335014217860621,0.00383391765802164,0.00100105188784416,0.0166371621485363,0.0024508542546021,0.00314084144748982
"img_00383.jpg",0.98055667432608,0.00437071015803563,0.00239468391727988,0.00242099907569565,0.0010005711514237,0.00329786428069469,0.00239468147875231,0.00356381561203803
"img_00398.jpg",0.951738920511162,0.00521136967491267,0.00241959970730358,0.00242004690084033,0.0010036699418366,0.00251017125312033,0.00241960577613021,0.0322766162346941
"img_00407.jpg",0.961603974445239,0.00554894112910132,0.00358017617646824,0.00586668921819441,0.00100051346193184,0.0103400463528073,0.00244852561899238,0.00961113359726556
"img_00417.jpg",0.168064189268617,0.0046228452421687,0.00237973526710824,0.0141704454083239,0.00100037668118928,0.00237857840904036,0.00237911469677083,0.805004715026781
"img_00442.jpg",0.00343222087555182,0.00258232864649605,0.00237618245802484,0.00237618243736051,0.00100037438216131,0.0024971824481069,0.00237618670871675,0.983359342043582
"img_00446.jpg",0.930134741387717,0.00981537973324638,0.0028024363550854,0.00682507748742379,0.00100159978195845,0.0207274793827659,0.00274760199240164,0.0259456838794014
"img_00469.jpg",0.900932496993794,0.00726479080778106,0.00342094011632701,0.00246943461643291,0.00100136282084679,0.0122590091434297,0.00320140757114716,0.0694505579302417
"img_00473.jpg",0.96494642073286,0.00923596896343299,0.00243601376471859,0.00244020902038322,0.00100355539738028,0.00255103980215088,0.0024481451833337,0.0149386471357405
"img_00483.jpg",0.912103509339961,0.06576860478719,0.00242935424498351,0.00243229160809284,0.00100052252769406,0.00377572960872167,0.002518028800887,0.00997195908246955
"img_00484.jpg",0.142779428018169,0.0541887548164919,0.00404604769433523,0.00744722226758838,0.00100045962028963,0.00774748597357115,0.00280132621277384,0.779989275396781
"img_00486.jpg",0.935618507549622,0.0302502046834333,0.0147866319167283,0.00703214855303501,0.00101135025137828,0.0041502027578342,0.00414510230080516,0.00300585198716407
"img_00518.jpg",0.961974629155242,0.00252046725257114,0.00249975455909267,0.00252805300184088,0.001036032599575,0.00250110595486139,0.0024989739039427,0.0244409835728741
"img_00533.jpg",0.610431186585409,0.0130569647698812,0.00359433046949909,0.00274797413172526,0.00100248774272025,0.00902094267879793,0.0107751912304053,0.349370922391562
"img_00538.jpg",0.78727629639478,0.136635103058544,0.00265970055171527,0.00263379869017147,0.00100046364887024,0.00439846170722737,0.002483095381734,0.0629130805669578
"img_00543.jpg",0.983731191364918,0.00239810836374607,0.00238444958291186,0.00238461946723809,0.00100082507267975,0.00245008637832814,0.00238444000983793,0.00326627976033982
"img_00550.jpg",0.109391024437127,0.0193425999361344,0.0334164552948229,0.0108547840816403,0.00103981522999071,0.799340554156827,0.00591863343378251,0.0206961334296756
"img_00551.jpg",0.871071341644612,0.00577254755965799,0.00390910175483804,0.00692283456907061,0.00100233415557666,0.0654738989381963,0.0196845512163893,0.0261633901616587
"img_00575.jpg",0.938303871256331,0.00595388118117476,0.00287987636964075,0.0029136929983534,0.00101256580214572,0.0156791648447545,0.00980805490116401,0.0234488926464364
"img_00582.jpg",0.931916543089,0.0173672787152487,0.0048071790276267,0.00355293072614807,0.00106034077538835,0.0265893893371872,0.0035533198893134,0.0111530184400875
"img_00584.jpg",0.891255271964031,0.0028930881718992,0.00365321024026618,0.00578119876953886,0.00104381943373404,0.088148911402373,0.00266267897723829,0.00456182104091961
"img_00587.jpg",0.0738399765254116,0.0194350490234451,0.0045278117738961,0.00266057272122178,0.00100331976716054,0.0429789200153334,0.0204628261885671,0.835091523984964
"img_00590.jpg",0.119110340649786,0.0296269678062402,0.0116252392834713,0.00286803143050748,0.0010041583245561,0.0140961669445575,0.0237586928331583,0.797910402727723
"img_00591.jpg",0.0704929922045591,0.00524986266890038,0.00253594815025804,0.00244869779984183,0.00100044673508395,0.0255621022721708,0.00343403078650236,0.889275919382683
"img_00598.jpg",0.921991902639185,0.0236058324421512,0.00419198254980798,0.0141002754981622,0.00100785385010509,0.019546755728409,0.00411713588041834,0.0114382614117616
"img_00599.jpg",0.835675028761943,0.0255498774637664,0.00777561342167485,0.00386738752371243,0.00100732998562448,0.0075805880415314,0.0220315946894176,0.0965125801123298
"img_00612.jpg",0.805356440684932,0.00289788803354342,0.00331270863045388,0.00277968459026015,0.00100706258330482,0.142566960342541,0.0107472580778822,0.0313319970570831
"img_00620.jpg",0.785390731749557,0.00970296554884075,0.167060677260919,0.00397463396176663,0.00100403513317578,0.0209807046871401,0.00365018651493051,0.00823606514366992
"img_00642.jpg",0.00546959103670972,0.00143149504372509,0.000296856384366254,0.991483334422223,9.91912189074257e-05,0.000598938551312586,0.00024133903995077,0.000379254302805135
"img_00646.jpg",0.00744518411437462,0.00457609640860098,0.00523246563499542,0.00239719335827569,0.00100039537179127,0.00408507110055274,0.0024493728900696,0.97281422112134
"img_00648.jpg",0.983718407087374,0.0024986032689451,0.0023882290318212,0.00238876023014242,0.0010014172183348,0.00246799478464491,0.00238822918404775,0.0031483591946899
"img_00650.jpg",0.0908699099575744,0.0110041266971074,0.00541561259095378,0.00570452520646539,0.00100821745123078,0.321282999197385,0.557827756136066,0.00688685276321686
"img_00664.jpg",0.845598260793658,0.0204309325153651,0.0026060756900871,0.00245126378109968,0.00100062784936973,0.00466580140116549,0.00450103600044799,0.118746001968807
"img_00697.jpg",0.00338170135822722,0.00237251734117491,0.00281654725025785,0.0023724949804573,0.00100037071930668,0.00237249498321114,0.00237251414635355,0.983311359221011
"img_00708.jpg",0.70969629455234,0.0214773393807028,0.00566074787093122,0.00602781083636175,0.00100680817865444,0.202854564812105,0.0260082994139536,0.0272681349549516
"img_00716.jpg",0.139487445659533,0.271607189344041,0.00454620369061257,0.00457659709021792,0.00100500342486001,0.490486587334623,0.0243260937059177,0.0639648797501949
"img_00717.jpg",0.524201537703159,0.168417076260653,0.00273653025664114,0.00823230585235428,0.00100046061677432,0.28387061620349,0.00615603917394431,0.0053854339329835
"img_00718.jpg",0.955841611089118,0.00247382276369639,0.002911367137361,0.00349584065949154,0.00100042934381316,0.0134637608671183,0.00243217918625471,0.0183809889531464
"img_00724.jpg",0.043805760308411,0.0034694600050198,0.00488331389630467,0.00262021088988663,0.0010086224109403,0.0178623579107858,0.102107348078376,0.824242926500275
"img_00726.jpg",0.983595179277091,0.00240274137009347,0.0023876678243597,0.00238766575410592,0.00100038585247227,0.00256976379880023,0.0028011760936186,0.00285542002945868
"img_00730.jpg",0.0251440141680791,0.00589758139972013,0.0032053606813145,0.00247188980198907,0.00100087334684779,0.00573769715034706,0.0102418903600276,0.946300693091675
"img_00757.jpg",0.919989418759127,0.00468457488521467,0.004167742220609,0.0155001634297353,0.00100149186377173,0.0428165975207709,0.0028053783279645,0.00903463299280695
"img_00760.jpg",0.010466102429114,0.00097531596935045,0.000267157560289402,0.986536690540896,9.88461130495458e-05,0.000732740067610145,0.000303770224036645,0.000619377095653851
"img_00764.jpg",0.00365041156773631,0.00811656411741747,0.00663823638266169,0.00240592276130037,0.00100040373484121,0.00240667047294952,0.00240568795374756,0.973376103009346
"img_00765.jpg",0.0432488428852575,0.476663742088821,0.00313013785174549,0.0222888708226653,0.0010011660469353,0.125235516733026,0.00900511131830135,0.319426612253249
"img_00772.jpg",0.0654824483282512,0.00517910486823674,0.234046936320473,0.0024020984847238,0.00100040041659025,0.170260848910395,0.00308622824901325,0.518541934422317
"img_00777.jpg",0.265260343679131,0.0171696970784119,0.00421290282348342,0.00259124452524108,0.00100518946286265,0.700497780307546,0.00678493354918664,0.00247790857413722
"img_00780.jpg",0.00588772580502587,0.00316190181247576,0.00778141422076218,0.00244025767609661,0.00100043809346496,0.0343109920242521,0.0305647723281506,0.914852498039772
"img_00798.jpg",0.898906301084925,0.0414264490233267,0.00381491398940283,0.0346485873145458,0.00101117199524187,0.0064561114011668,0.00378688862581052,0.00994957656558071
"img_00808.jpg",0.81928379545194,0.139048701739025,0.00309762660583481,0.00302794989637968,0.00100043569395578,0.00571027555614858,0.00243777836581802,0.0263934366908991
"img_00816.jpg",0.978017651117518,0.00266073916517604,0.00248331906917677,0.00244920495861923,0.0010048840459804,0.0030351680009064,0.00417820371249681,0.00617082993012679
"img_00833.jpg",0.732658196484283,0.0286675438301305,0.0061625580038791,0.00436644918173801,0.00100339115848296,0.120400226326027,0.0380418394793065,0.0686997955361534
"img_00837.jpg",0.904293339230229,0.0119805383259669,0.00356348051544805,0.00380245063937693,0.00100725650802511,0.065107334906549,0.00268865663482611,0.00755694323957886
"img_00855.jpg",0.808477786334302,0.0182013420881276,0.00811938405057156,0.00333827901662918,0.00100812835060843,0.10273233159481,0.00797596440017294,0.0501467841647779
"img_00857.jpg",0.981905687130725,0.00454060408042258,0.00243116982750823,0.00243116855426264,0.00100363797747558,0.00253838964610293,0.00243116857490721,0.00271817420859613
"img_00858.jpg",0.9505289509638,0.00600620274457966,0.00245688292717366,0.00268843990384814,0.00100135961426092,0.0229398042174525,0.0042740594220152,0.0101043002068699
"img_00865.jpg",0.738896297232291,0.221603067143413,0.00243587972571186,0.00242072424938399,0.00100041612065063,0.00692052565734255,0.00454901587019262,0.0221740740010142
"img_00902.jpg",0.00539247466230503,0.00274485791175128,0.00245487122266663,0.00276000979914174,0.00100062920294075,0.00619314195737128,0.976214925235877,0.00323909000794665
"img_00914.jpg",0.00336972734415045,0.00273920734985658,0.00236695899049674,0.0023669589904752,0.00100036521308386,0.00236695899049925,0.00236695899065501,0.983422864130783
"img_00921.jpg",0.79215073788113,0.00311853071336878,0.0064373837624329,0.00262608334332021,0.00100875781751664,0.0464604744434228,0.0962619933385756,0.0519360387002334
"img_00927.jpg",0.0889585827642541,0.0282455143462213,0.00749906853161449,0.00299113113997184,0.00100358198440864,0.0109220919716614,0.0230403016812062,0.837339727580662
"img_00943.jpg",0.871580479576226,0.106341287809173,0.00240529112242697,0.00240579588631373,0.00100040347731782,0.00268526901049615,0.00240614666152942,0.0111753264565173
"img_00959.jpg",0.977451252203664,0.00244524022745539,0.00239963700932461,0.00239958632711962,0.00100495527216888,0.00593561512776878,0.00264138701057678,0.0057223268219222
"img_00962.jpg",0.00546164351710333,0.00268786189406727,0.00745080595733634,0.00240374145041877,0.00100040192056313,0.00281489279819102,0.00240375791808797,0.975776894544232
"img_00964.jpg",0.0034848947582741,0.00948453380610641,0.947710206216081,0.00321955049808478,0.00100044414830158,0.00348265577764078,0.00261505215260763,0.0290026626429038
"img_00979.jpg",0.00924422906526363,0.00242844705536993,0.0223118944998849,0.00242843446579851,0.00100042657485905,0.00455362775841031,0.00246396599946126,0.955568974580952
"img_00985.jpg",0.634036822273636,0.0916284608037912,0.00258400166419983,0.0040883713430272,0.00100846805882268,0.0415979899667446,0.00936563974471771,0.215690246145061
"img_00999.jpg",0.681383430855055,0.00666105543944801,0.00264768415036735,0.00246979190569909,0.00100095054182371,0.00744493174098487,0.234246102520373,0.0641460528462492
"img_01022.jpg",0.938334921633927,0.00410670551747052,0.00407478217826082,0.00587021485749743,0.00101833412869448,0.0328567882487329,0.0032400322084821,0.0104982212269349
"img_01031.jpg",0.698480413501845,0.00354202630536733,0.0139612592523244,0.00391732252070268,0.00100871073216386,0.266118918553998,0.00877902786984319,0.00419232126375589
"img_01035.jpg",0.25922871203373,0.00925342247300427,0.00577788272723896,0.0035621438348006,0.00100259201527187,0.709425210325959,0.00922758824470333,0.00252244834529188
"img_01059.jpg",0.0512966423936093,0.019582355758938,0.00333171997241879,0.00369919027706371,0.00100100949540235,0.0333351891900609,0.0119216502272208,0.875832242685286
"img_01103.jpg",0.0215423390005641,0.0483868824894983,0.00366659647197595,0.00576210848539787,0.00100046534868014,0.00341522815652023,0.00895826242540196,0.907268117621961
"img_01116.jpg",0.84079434274453,0.0850427625478054,0.0025498699804397,0.00493420141124433,0.00100045901559995,0.051676578495067,0.0024860786074613,0.0115157071978521
"img_01134.jpg",0.943030318069401,0.00259565159416009,0.0093362782637742,0.00536560807570383,0.00100047215787347,0.0215606974791975,0.00270334416125814,0.0144076301986314
"img_01179.jpg",0.97094639097211,0.00286898777602417,0.00387294931213865,0.00472317150832279,0.00100427298539545,0.0114310101942714,0.00246568256359843,0.00268753468813937
"img_01188.jpg",0.0985932539433154,0.577930778130824,0.00399792259223659,0.0126525363073646,0.0010023042518081,0.123928029591372,0.00528289241377773,0.176612282769302
"img_01211.jpg",0.970898802231001,0.0149966064444737,0.00240275560715044,0.00240594437073701,0.00100175036208536,0.002402761028156,0.00240275001896344,0.00348862993743288
"img_01213.jpg",0.591544904016402,0.359250204795947,0.00308819224627059,0.00795516361994913,0.00100465280758463,0.020319595384871,0.002476910251477,0.0143603768774981
"img_01222.jpg",0.732753134269623,0.0830858383857348,0.00395681389481931,0.0217423442114579,0.00100046546665673,0.0278742096094508,0.00374522178002046,0.125841972382237
"img_01224.jpg",0.0226342281053436,0.0517965222798103,0.108625023370613,0.0024584750833236,0.00100045642635659,0.00436242442945189,0.00295805758634863,0.806164812718752
"img_01253.jpg",0.00504468724883652,0.00236486657579227,0.00236486655868328,0.00236486655844494,0.0010003631259441,0.00236486655843628,0.00236486656612053,0.982130616807742
"img_01286.jpg",0.140393575716538,0.00843233254085547,0.00323624974750116,0.00280987578351795,0.00104193597909547,0.00887785665583064,0.00261394493002647,0.832594228646634
"img_01289.jpg",0.0620453999171193,0.0308129927527643,0.00262966007626652,0.00410572278256738,0.0010006581033845,0.0348308017339875,0.0132011388965761,0.851373625737334
"img_01328.jpg",0.716877586674046,0.25022677723621,0.00268547458652666,0.00601633428898369,0.00100137342918075,0.00896095405677098,0.00245560238188195,0.0117758973464003
"img_01366.jpg",0.388502750004113,0.00819836737000647,0.0109166751349206,0.0153309072361352,0.00100306793985748,0.564911117426431,0.00330043068068836,0.00783668420784779
"img_01371.jpg",0.954970185293511,0.00283839775344196,0.00282461815864944,0.00253161757749395,0.00103296603558919,0.00295876327975835,0.00340983482533693,0.0294336170762193
"img_01379.jpg",0.932550795153389,0.0111160676366994,0.00951016785579517,0.0036327734994794,0.00100172066725177,0.0155362472741076,0.00286282953935919,0.0237893983739182
"img_01384.jpg",0.319383639368599,0.00848802187161543,0.0210591324136009,0.00561633560432371,0.00103264036874047,0.614673865642976,0.00363568000467938,0.0261106847254654
"img_01388.jpg",0.86659646811784,0.0780094885421061,0.00279895618664997,0.00245884021723721,0.00100243048622133,0.0374072625793326,0.00246053648871132,0.00926601738190187
"img_01392.jpg",0.0037388089827081,0.0163495212091221,0.878254425595364,0.00308463312896268,0.00100079803451503,0.00293386963650199,0.00301669216621869,0.0916212512466075
"img_01399.jpg",0.00539742732375433,0.904154331443811,0.0108332888032041,0.00251519515186109,0.00100043586617303,0.00515193068314406,0.00243777664378527,0.0685096140842667
"img_01404.jpg",0.9670252902995,0.00967926107141581,0.00261989036784084,0.00646435741155548,0.00100163486720472,0.00594557715043088,0.00244943110816813,0.00481455772388406
"img_01405.jpg",0.855123785429015,0.0154119688907083,0.00316082555948818,0.00695268635903428,0.0010097672484679,0.112524498204,0.00303203845298461,0.00278442985630144
"img_01413.jpg",0.978471411728771,0.00252669683026445,0.00258309484137187,0.00348308542885734,0.00101684937340764,0.00592756387687832,0.00272671210386602,0.00326458581658326
"img_01426.jpg",0.042688348557832,0.141810426314347,0.00366088715290794,0.00243476126466331,0.00100043308916874,0.00447787303969757,0.748020906406392,0.0559063641749918
"img_01441.jpg",0.00503100945068776,0.00238781996323142,0.00260968475125322,0.00238780889346301,0.00100038601037528,0.00281285305652566,0.00238782700875866,0.981382610865705
"img_01444.jpg",0.138293067313241,0.00543758390675849,0.00292037784818358,0.00272288726375732,0.00100045888780737,0.014189418998681,0.0591539860449222,0.776282219736648
"img_01490.jpg",0.00509494767387926,0.00374907916647466,0.0295457080725308,0.00241722061535305,0.00100041533152209,0.00273225617025174,0.00251505080325261,0.952945322166736
"img_01495.jpg",0.694649578642237,0.0175967424452166,0.00286289570974315,0.00309680099029835,0.0010004451639335,0.0122789534984734,0.00244885076999809,0.2660657327801
"img_01511.jpg",0.9559215965601,0.014334974414034,0.00558127857086196,0.00469358991066133,0.00100132963930604,0.0115938337231685,0.00347467043991473,0.0033987267419533
"img_01519.jpg",0.286603916240835,0.025050474480755,0.00484505268261582,0.00753099576606884,0.00100362871054138,0.105865775238955,0.441108607749191,0.127991549131038
"img_01530.jpg",0.969206175485719,0.00485978784838136,0.00254965098230829,0.00327228737391572,0.00102212011568076,0.0035055751360227,0.00249445982875461,0.0130899432292175
"img_01537.jpg",0.791233156699433,0.00336347221142107,0.0498428319780584,0.00250361828402952,0.00101267464607484,0.131583835796744,0.00323440924954641,0.0172260011346934
"img_01538.jpg",0.946844763268329,0.011900191021644,0.00251431274005432,0.0024151087637527,0.0010004893665787,0.0187618566202168,0.00254866638099951,0.0140146118384246
"img_01543.jpg",0.9817420717634,0.002582242687968,0.00243134758914898,0.0029881614171994,0.00100908364552258,0.00243060721211151,0.00243022323129704,0.00438626245335244
"img_01548.jpg",0.943903273287557,0.00259161031485438,0.00421901781920317,0.00244452966425343,0.0010089150152733,0.03555748417751,0.002602518594981,0.00767265112636819
"img_01552.jpg",0.983780752869765,0.00272646468343303,0.00238945538621643,0.00238945538422378,0.00100111434131044,0.00289286952470165,0.0023894556579171,0.00243043215243292
"img_01562.jpg",0.733482649025652,0.0113753514244838,0.00542514213059479,0.00416991421175453,0.00100712693867472,0.0185748342573011,0.0688925662668592,0.15707241574468
"img_01571.jpg",0.927141048602429,0.0523367094905843,0.00240046606075531,0.00240046663753223,0.00100039871042809,0.00240143906798666,0.00292943317006199,0.00939003826022215
"img_01593.jpg",0.306818480172606,0.396435017698505,0.00700865228441141,0.00342217636678075,0.00100137597138176,0.0339866244253232,0.0179023308361117,0.233425342244881
"img_01616.jpg",0.831985471753745,0.135215960428172,0.00246989396500497,0.0024812971674066,0.00100875716217086,0.00370084172026605,0.00275705455513854,0.0203807232480959
"img_01618.jpg",0.941615126728438,0.00539906341842213,0.00244461473528428,0.00345029326566374,0.00100186809319929,0.0409631820180329,0.00249105412194011,0.00263479761901965
"img_01627.jpg",0.827714915147913,0.133828502148384,0.00244381337639161,0.00268263688332498,0.00100043689043619,0.0188580314430166,0.00244590856516187,0.0110257555453721
"img_01633.jpg",0.897705612986204,0.00417538916019706,0.00305992918254518,0.00343774884562569,0.00100333327353765,0.0476377452396992,0.00913066259710007,0.0338495787150911
"img_01640.jpg",0.984157135492911,0.00239531657994981,0.00237826062784859,0.00237833036024188,0.00100151421481253,0.00240684689320988,0.00237825847066736,0.00290433736035912
"img_01646.jpg",0.955544567322269,0.0224081819059721,0.00241538032796087,0.00246754928302134,0.00100052852454471,0.00767998870756819,0.00241568417853995,0.00606811975012344
"img_01649.jpg",0.937728933415496,0.00646217821859024,0.00432770585138454,0.00710077736407512,0.00108406225008414,0.0199316828177075,0.0174695446159082,0.00589511546675414
"img_01669.jpg",0.00848296130610555,0.00149469457338267,0.000302089038996488,0.987729818133523,9.90653164273286e-05,0.000748976248933646,0.000381810336591193,0.000760585046039747
"img_01681.jpg",0.154706143477185,0.0054902828836808,0.00251881023933354,0.00246748517496345,0.00100460452066152,0.00819573891865963,0.00465973018998603,0.82095720459553
"img_01684.jpg",0.91031394554476,0.019876136970202,0.00268091136558611,0.00979769237760022,0.00100045238530881,0.0155682998368616,0.00245524461629701,0.0383073169033844
"img_01687.jpg",0.78818312969547,0.00421052837840368,0.00369457403744118,0.00245482606191466,0.00100049871144702,0.00346043324880126,0.00656310642556325,0.190432903440959
"img_01688.jpg",0.0587601607077938,0.042657248309193,0.00271079222018053,0.00443149411652646,0.00100065278708388,0.0340079548267278,0.0110029170217098,0.845428780010785
"img_01689.jpg",0.00822467799952759,0.0036025439610785,0.0178168786533648,0.00245654642698084,0.00100045462175148,0.0189718090720006,0.00404947329076591,0.94387761597453
"img_01724.jpg",0.941909976080344,0.00263148745603567,0.00914691994497397,0.00251370601434111,0.00101477208989932,0.0143772501493978,0.00364963255678708,0.0247562557082207
"img_01745.jpg",0.791809433391863,0.124704546369885,0.0318381084087654,0.0137891219128205,0.00102303671989454,0.0229157699671438,0.00467585638892021,0.00924412684070751
"img_01771.jpg",0.933094900933996,0.0200577858215779,0.00328266082319342,0.00567536920775972,0.00100086933646821,0.00906694908732058,0.00246051148338407,0.0253609533062996
"img_01773.jpg",0.830476677730341,0.0101236291477314,0.00438305995662713,0.00276749636260084,0.00100173065934996,0.00584986463082781,0.0299056298011196,0.115491911711402
"img_01824.jpg",0.693623460465242,0.00359237670058747,0.00515552395168121,0.0040458051411619,0.00101158364507772,0.251889828539933,0.0115958653365135,0.0290855562198031
"img_01831.jpg",0.0102563327504821,0.000271242309697731,0.000366793823210458,0.983787325951463,9.84929803631527e-05,0.00216300181680777,0.000305205697846683,0.00275160467012919
"img_01834.jpg",0.0171280489949286,0.0038851350582603,0.162763452258515,0.00267315574036008,0.00100044127285289,0.00382524556070728,0.00244318797704911,0.806281333137327
"img_01847.jpg",0.414052364649252,0.0216071589496195,0.00317362171902266,0.00280807266655572,0.00100083795727985,0.00942092901215476,0.00661577254611359,0.541321242500002
"img_01853.jpg",0.0926943311035728,0.0324251621438119,0.00817564577616907,0.00349392629899794,0.00100316979800734,0.0130484065505175,0.0227357669697767,0.826423591359147
"img_01856.jpg",0.980121173439031,0.00254933664957197,0.00244505125190518,0.00237981543672149,0.00100037807394227,0.005519999289031,0.00238094458641033,0.00360330127338659
"img_01862.jpg",0.731111611256725,0.00252717143680824,0.0225132818985269,0.00250545720259072,0.00101399732680655,0.201681142212908,0.00357416946681609,0.0350731691988185
"img_01874.jpg",0.934820594352675,0.00246874822785827,0.00287792322002592,0.00246540009129898,0.00100374553736895,0.0215976761357895,0.0100202494296466,0.0247456630053363
"img_01888.jpg",0.0945200634755059,0.396866358089475,0.00415934088020992,0.0216806569575248,0.0010023767260639,0.158986739708015,0.0131114193526374,0.309673044810568
"img_01918.jpg",0.00905829724747947,0.00092521291055951,0.000288368389897609,0.986958912886413,9.87419641970958e-05,0.00086557360217522,0.00027910512342881,0.0015257878758491
"img_01930.jpg",0.941918052657162,0.00586185889000041,0.00509226601838814,0.00523228557231787,0.001001220758882,0.0347028472482613,0.00246724546450469,0.00372422339048321
"img_01932.jpg",0.7905725508973,0.0118966221146025,0.00334200874764078,0.00286135982036867,0.00100086914903016,0.0130671136901047,0.00330272912485887,0.173956746456094
"img_01955.jpg",0.00405268961458134,0.00236743912687333,0.00236743632126839,0.00236743632242246,0.00100036568568431,0.00236743631570992,0.00236743641777488,0.983109760195685
"img_01963.jpg",0.975617514270597,0.00252563386838453,0.00246990054547752,0.00248279247617855,0.0010003988340946,0.00298011289530688,0.00240083017509415,0.0105228169348668
"img_01966.jpg",0.863254624083313,0.105810395421135,0.00239886461228119,0.00239934983950152,0.00100039636148699,0.00895703346455162,0.00244833599859382,0.0137310002191371
"img_01983.jpg",0.928446124290464,0.0130000565082563,0.011476205575796,0.00399627681125977,0.00105645259096152,0.0162516159702824,0.00369424972907469,0.0220790185239056
"img_01984.jpg",0.223063418510078,0.00961844247216246,0.00239879491026404,0.00242627084127651,0.00100039395812217,0.0101956509799746,0.00239890708384319,0.748898121244279
"img_01995.jpg",0.0147999993126584,0.437329670817239,0.006044467030826,0.214777129096477,0.00100188664917237,0.166252153589834,0.014659242829793,0.145135450674
"img_01996.jpg",0.0705434327260827,0.0119888266349885,0.00280779208888868,0.0041480764693288,0.00100124440271817,0.858710201007526,0.00909247281311942,0.0417079538573477
"img_02001.jpg",0.288792042957844,0.00503649674126092,0.0102339683700592,0.00248884818703314,0.001002210367924,0.0592798180030117,0.504939238862185,0.128227376510682
"img_02006.jpg",0.515569778367571,0.031466122439303,0.241081252182921,0.097628697983757,0.00100088354284536,0.0163878939245728,0.00306707750890149,0.0937982940501283
"img_02066.jpg",0.952223677259201,0.00353537337782072,0.00388840864930153,0.00328774706240667,0.00100732291041977,0.0209905083902417,0.00265820514145092,0.0124087572091574
"img_02074.jpg",0.965942716120184,0.00315709680954227,0.00499334569322241,0.00501739699748454,0.00100642837142328,0.0132112299117198,0.0025926389529009,0.00407914714352274
"img_02076.jpg",0.043943847894823,0.888225908875939,0.00322713295070082,0.00300668663801323,0.00100146397547642,0.00381245179066719,0.00247847481994464,0.0543040330544353
"img_02077.jpg",0.00580462433706327,0.00103254114548501,0.00121555718701311,0.988498280486957,9.88981050718664e-05,0.00141078179758236,0.000417652817427867,0.00152166412339933
"img_02096.jpg",0.982985110571703,0.00237452098133225,0.00236913734081669,0.00236914164790464,0.00100036736101646,0.0036435703536931,0.00236918495221725,0.00288896679131685
"img_02119.jpg",0.859547426579183,0.0060921457460196,0.091228516837805,0.00725265877475095,0.00100061416838004,0.0198702472809266,0.00546993951171951,0.00953845110121503
"img_02124.jpg",0.0350000074711802,0.00484969897911148,0.00963818594835248,0.00283958763901226,0.00100970161987732,0.919259562412891,0.00531281080375486,0.0220904451258209
"img_02172.jpg",0.867227178492772,0.0088378232265245,0.0288688649824778,0.00250060821357258,0.00101375508255597,0.0633072253376763,0.00502678935818243,0.0232177553062386
"img_02180.jpg",0.886408630841565,0.021971264829183,0.00360546899438444,0.00273120064219828,0.00100387800664101,0.0301724809569518,0.0045795004597128,0.0495275752693638
"img_02188.jpg",0.798859273401521,0.0110116384304623,0.00412951063486399,0.00325046722910452,0.00100880706871964,0.095872182585199,0.0204824009452118,0.0653857197049174
"img_02209.jpg",0.0634098800744863,0.00650779682815732,0.00911516855719013,0.00585763633188925,0.00101327311177704,0.86781683313179,0.0198694406436594,0.0264099713210505
"img_02235.jpg",0.032870903933474,0.280397828998469,0.00842163067302431,0.164371193425699,0.0010013620248382,0.290063681913201,0.019884014858229,0.202989384173066
"img_02252.jpg",0.98297568830901,0.00259582316882185,0.0023878549565839,0.00237844762238978,0.00100037672675329,0.00254698377930495,0.00238000346238362,0.00373482197475302
"img_02268.jpg",0.947447647084236,0.0107132945913956,0.00482692141678213,0.0146149331230507,0.001003644731643,0.00443691085301066,0.00246344100098627,0.0144932071988952
"img_02270.jpg",0.928733760371424,0.0219182490812323,0.0120871469452939,0.00539850328972361,0.00101414867075963,0.0147700231808942,0.00376595442819656,0.0123122140324761
"img_02281.jpg",0.00717042000522617,0.000921189692988317,0.00036667342789548,0.990141963555966,9.905880192521e-05,0.00070346913306509,0.000249392333748486,0.000347833049185137
"img_02282.jpg",0.00341517350673895,0.00237287114326733,0.0023722209613227,0.00237219846708472,0.00100037044892456,0.00289078974680056,0.00237525094571629,0.983201124780145
"img_02291.jpg",0.983930386122229,0.00311856429708922,0.0023726720782959,0.00237267200360175,0.00100037090773795,0.00245920203781591,0.00237267189385813,0.00237346065937183
"img_02299.jpg",0.79327056658621,0.0483919497990865,0.00582574820778923,0.0114390056140598,0.00100047801550181,0.0331475928647746,0.0061386038099818,0.100786055102597
"img_02305.jpg",0.00986327640985219,0.570882946177855,0.00464973813734912,0.125950358862365,0.00100566739490109,0.0822046011687503,0.014645642858076,0.190797768990851
"img_02307.jpg",0.561687502783224,0.0108591186991267,0.00258579278855085,0.00282175976790194,0.00100811683160379,0.237724350837848,0.00805879531833353,0.175254562973412
"img_02309.jpg",0.98288425413391,0.00306545846780799,0.00238898949744648,0.00238916388438948,0.00100151637455068,0.00238916371874879,0.00238899191003937,0.00349246201310706
"img_02318.jpg",0.023780267909941,0.00299564405784334,0.00268298072824871,0.00246359098500894,0.00100043671367841,0.00305800753683441,0.00260232864130519,0.96141674342714
"img_02356.jpg",0.0251296456016037,0.00333255147720406,0.00524512724842839,0.00561025833516133,0.00100130462212012,0.00729076968727057,0.00623992158234136,0.94615042144587
"img_02367.jpg",0.952371114171946,0.00825133781117547,0.00276550602965212,0.00306891694115507,0.00102590725363737,0.0200014564374235,0.00401824908660286,0.00849751226840751
"img_02379.jpg",0.153311396438116,0.00328170269295425,0.00241293943631822,0.00241320237781227,0.00100041071116672,0.00512654937517145,0.00247252746718158,0.82998127150128
"img_02384.jpg",0.785019608341909,0.00925446244098667,0.00361514746960846,0.00323465926303926,0.0010099090683682,0.144001624206941,0.00958272573629178,0.0442818634728553
"img_02398.jpg",0.922670683362513,0.0165049029394225,0.00281546234600227,0.00630356220557255,0.0010004507635337,0.0259124359092634,0.00245267680707791,0.0223398256666151
"img_02400.jpg",0.958050170695777,0.0057014632604593,0.00746695720498862,0.00264368516584427,0.00100044704719367,0.0147378918568903,0.00382646051186585,0.00657292425698056
"img_02406.jpg",0.00480906204456272,0.000540314308875268,0.00128947270000416,0.99097848091842,9.91509755339908e-05,0.000686359743520095,0.000436040827249445,0.00116111848183448
"img_02412.jpg",0.850533913981103,0.00253955711605699,0.00245715358954256,0.00245735002444913,0.00101067427588502,0.00346642981625172,0.00367315278085675,0.133861768415855
"img_02422.jpg",0.798297552090725,0.0419292194816161,0.004635696614258,0.00812301535998365,0.00100282988829331,0.0138896017306752,0.0170167784825983,0.11510530635185
"img_02486.jpg",0.956748609814629,0.0139319019273697,0.00306851696083053,0.00243514961495624,0.00100043305230765,0.00512293758157724,0.00245016784057674,0.0152422832077525
"img_02487.jpg",0.934737915102072,0.0382402760550345,0.00242269305325788,0.00242288643260022,0.0010008680609079,0.00313312229031809,0.00242289649455989,0.0156193425112493
"img_02522.jpg",0.851881170446918,0.00827332673176157,0.00248280889366897,0.00330730757359907,0.00100851696969048,0.0084447726110331,0.00316287921336546,0.121439217559963
"img_02556.jpg",0.0990719171682754,0.0141343689387438,0.00259242509001293,0.00247001446969031,0.00100048786856838,0.00325465877386161,0.00501833890288981,0.872457788787958
"img_02565.jpg",0.842754505741602,0.00453242406417449,0.00798418535476072,0.00332224123839443,0.00101186044990269,0.0385108214576897,0.0243533285314939,0.0775306331619818
"img_02574.jpg",0.170836093429097,0.00301182847267911,0.00365466078435951,0.00323429918393082,0.00106742330773649,0.00699694604616097,0.00304251449988971,0.808156234276146
"img_02602.jpg",0.849421977767268,0.0924126460103164,0.00269605201737804,0.00319966163029112,0.00100270241000221,0.0215316282705906,0.00417366846343244,0.0255616634307214
"img_02622.jpg",0.86774123490204,0.0113820703661755,0.00301215809679201,0.00251025922296681,0.00100197261600102,0.00753258851387188,0.00841319969109035,0.0984065165910621
"img_02625.jpg",0.0672285256754727,0.0113719225987365,0.00439071633195675,0.00273706740773134,0.00100306386986399,0.873153729307186,0.00469258593230525,0.0354223888767473
"img_02636.jpg",0.63798892348081,0.0593079542300973,0.00239905790287915,0.00239421410007749,0.00100051958131037,0.00245365387141929,0.00239966019013548,0.29205601664327
"img_02638.jpg",0.865861863856496,0.101198374084215,0.00312617847196867,0.00548283516960106,0.00100380511621348,0.0118151139453792,0.00364776492806492,0.00786406442806185
"img_02646.jpg",0.0407352416973014,0.00464065048764079,0.00250328215990007,0.00336057763796478,0.00100042022360005,0.00290648853151128,0.0169406701210659,0.927912669141016
"img_02656.jpg",0.706019962740085,0.0104859900261283,0.00270014450452817,0.00298202865864078,0.00100042494103909,0.00262177603452724,0.00242689842183092,0.27176277467322
