"image","ALB","BET","DOL","LAG","NoF","OTHER","SHARK","YFT"
"img_00005.jpg",0.012321212303143,0.00949210957392079,0.0101325870775468,0.00949210957392079,0.928730892479181,0.00949210957392079,0.00949210957392079,0.0108468698444462
"img_00007.jpg",0.22613687343284,0.100801282604681,0.024994089682206,0.023354120445974,0.00981613640221529,0.00981613640221529,0.00981613640221529,0.595265224627653
"img_00009.jpg",0.814614181336634,0.0899276197869231,0.00968062743883235,0.0109481666368303,0.00968062743883235,0.0308258282869074,0.0110202075197074,0.0233027415553328
"img_00018.jpg",0.676895275575505,0.18314914536719,0.0110693828862682,0.0510248436201652,0.0106037522643859,0.0227521151671236,0.00980128143040825,0.0347042036889545
"img_00027.jpg",0.246028515103508,0.0971541512028058,0.022620786296746,0.0121589673125252,0.0412796950402715,0.41901803159743,0.0622945574514659,0.0994452959952469
"img_00030.jpg",0.0331579365192158,0.00961427123783222,0.00961427123783222,0.00961427123783222,0.906755294892607,0.00961427123783222,0.0116401754803835,0.00998950815646491
"img_00040.jpg",0.457974425210072,0.0454344600659648,0.0100764669654474,0.0116785567104004,0.0438138853838305,0.0365144737209301,0.227495230474891,0.167012501468463
"img_00046.jpg",0.614250822703036,0.00960596455793,0.00960596455793,0.00960596455793,0.319479698178349,0.00960596455793,0.0174207115555616,0.0104249093313335
"img_00053.jpg",0.801956716255656,0.0407095997490725,0.0130891773615943,0.0156252256356139,0.0510088669211139,0.0293894106359511,0.01063996311112,0.0375810403298783
"img_00071.jpg",0.223466486700287,0.0230982794179739,0.010053216850973,0.694277031983551,0.00981803885891178,0.0177280646851488,0.00970836742013167,0.0118505140830229
"img_00075.jpg",0.63470826122145,0.0846860226513691,0.0115492191541241,0.0286933743382187,0.0935153112850977,0.114266279119262,0.0193945246265658,0.0131870076039121
"img_00102.jpg",0.122406636775357,0.0242353782060043,0.00830974098702902,0.00559246937680836,0.00716924948893331,0.0355196399167041,0.0104920410457228,0.786274844203441
"img_00103.jpg",0.875210842886299,0.0117822553534105,0.00966953309349563,0.00966953309349563,0.00966953309349563,0.0458635999720435,0.00966953309349563,0.0284651694142644
"img_00109.jpg",0.911423915457196,0.00964191602741788,0.00964191602741788,0.00964191602741788,0.0100917085322017,0.0150837283546793,0.011363251833522,0.0231116477401469
"img_00119.jpg",0.0125551403231817,0.0127051842980799,0.0127853202473596,0.00972769985470351,0.850197716286474,0.0108426999725205,0.0116703517944884,0.0795158872231927
"img_00120.jpg",0.21631401280816,0.0673627107157026,0.0146889721696915,0.0153102388126176,0.0228284062971891,0.0660925739123818,0.245480202138368,0.35192288314589
"img_00125.jpg",0.311932848591685,0.0306946015323361,0.0270272660094511,0.0113651787222543,0.00986014204658526,0.0778290831440289,0.0217470733574051,0.509543806596254
"img_00128.jpg",0.0396964058186259,0.0341322507891919,0.173794821801938,0.00979374654801636,0.0141340750445464,0.0159215483007446,0.0141423412308579,0.698384810466079
"img_00129.jpg",0.448772624815689,0.0434578195394531,0.0147692282730905,0.0137964704498908,0.0493928730270309,0.0370860850744633,0.233330741200131,0.159394157620251
"img_00133.jpg",0.10600003936873,0.00969075070872982,0.00969075070872982,0.0135427281725175,0.827604355238318,0.0131818748711572,0.00969075070872982,0.0105987502230877
"img_00138.jpg",0.833022185855012,0.0396128543669346,0.0227714297947231,0.0279235368411682,0.0195201978539431,0.0288528418872042,0.0126527315395751,0.0156442218614393
"img_00141.jpg",0.0226660205188678,0.0242226655916095,0.0386621152402417,0.00969934074302291,0.00969934074302291,0.0124776957856136,0.00969934074302291,0.872873480634599
"img_00152.jpg",0.0394279680225071,0.0111153383825145,0.0132575200615313,0.0104152212042978,0.0181634698941524,0.0177356335699136,0.0103194480292642,0.879565400835819
"img_00161.jpg",0.0198171749440242,0.0095409356117344,0.0095409356117344,0.0095409356117344,0.0095409356117344,0.00981298514261686,0.0095409356117344,0.922665161854687
"img_00164.jpg",0.00954817471187625,0.0108378718217693,0.0102355883166549,0.00954817471187625,0.920993973033847,0.00954817471187625,0.0150767757400275,0.0142112669520722
"img_00170.jpg",0.469475350548723,0.0112617154764528,0.012320046902713,0.296490889310084,0.0157877518713516,0.0806657747517489,0.0110063759206999,0.102992095218227
"img_00171.jpg",0.195558038424365,0.059975774356635,0.0511438622680938,0.162609492280565,0.0480024220553828,0.45333597435953,0.0130718941401611,0.0163025421152672
"img_00172.jpg",0.00946220129689196,0.00946220129689196,0.00946220129689196,0.00946220129689196,0.932724720146617,0.00946220129689196,0.00946220129689196,0.010502072072031
"img_00175.jpg",0.166019974292684,0.0347113865966408,0.0353427410466446,0.0719455342560985,0.0257254884205485,0.636083396721491,0.0109265002958499,0.0192449783700432
"img_00180.jpg",0.0959928367311741,0.0164228138845393,0.0200996734357663,0.0176312723006579,0.0140829709558712,0.0193287669015381,0.0201739106588779,0.796267755131575
"img_00196.jpg",0.0337476134787018,0.0155043894699285,0.0141070948758416,0.00981392133710692,0.884396784859805,0.0175118605028472,0.0108732546448667,0.0140450808309027
"img_00212.jpg",0.139812465961396,0.0128291040935449,0.00961973097625757,0.00961973097625757,0.00961973097625757,0.0132715365641758,0.00961973097625757,0.795607969475853
"img_00223.jpg",0.486764293122044,0.0264924984800123,0.270714392512729,0.0307351963941165,0.010123049835428,0.122452006856765,0.018287156707218,0.0344314060916871
"img_00230.jpg",0.819006168206394,0.0833375663107552,0.00969462040729311,0.0107140307085319,0.00969462040729311,0.0302689103593178,0.00969462040729311,0.0275894631931217
"img_00232.jpg",0.0123451931936301,0.00612606839829402,0.00508301001576507,0.00523255759261383,0.00508301001576507,0.0134296702341779,0.944521813213907,0.00817867733584726
"img_00244.jpg",0.429323335065203,0.115972388821163,0.0132238825185306,0.0136387977700346,0.00992841411110082,0.135836597844754,0.0136616448594883,0.268414939009726
"img_00272.jpg",0.393822581589145,0.0157357291826566,0.309867333990785,0.0472025666279894,0.0550954129811889,0.0547759452171582,0.0182170602970829,0.105283370113994
"img_00280.jpg",0.770763557344772,0.00965543003830286,0.0253930862351638,0.00965543003830286,0.114792738086235,0.0110991070170613,0.0124802647096198,0.0461603865305423
"img_00282.jpg",0.214357344632905,0.0683752921402069,0.0390931651683995,0.173789566252665,0.0444252414722528,0.42997260874979,0.012664228781022,0.0173225528027589
"img_00285.jpg",0.449407711123441,0.0691883755565439,0.0204892661919173,0.0112363640908053,0.0633068993884617,0.0430858715417877,0.0667635508229015,0.276521961284142
"img_00289.jpg",0.923447037008954,0.00948563706795037,0.00948563706795037,0.00948563706795037,0.0196391405833441,0.00948563706795037,0.00948563706795037,0.00948563706795037
"img_00292.jpg",0.258142019276048,0.0825827629876327,0.012131318308462,0.0148389517526893,0.0438870425027189,0.0551019406945399,0.0369440748391067,0.496371889638802
"img_00302.jpg",0.521695800647961,0.0400467170803366,0.00993490303930101,0.0113947174160453,0.0636723521803296,0.0314751611173558,0.197428116400049,0.124352232118623
"img_00311.jpg",0.926125757436539,0.00951467030595199,0.00951467030595199,0.00951467030595199,0.0146476548770547,0.00951467030595199,0.00951467030595199,0.0116532361566462
"img_00320.jpg",0.913345702384021,0.0179315321853702,0.00962957433182462,0.00962957433182462,0.0125705903137312,0.0159628948232009,0.00962957433182462,0.0113005572982024
"img_00331.jpg",0.748893622000189,0.00984544629659555,0.0104558404653448,0.00984544629659555,0.0373908712872112,0.0659924052106233,0.0352509554242538,0.0823254130191863
"img_00358.jpg",0.440007938874658,0.0359258595480859,0.00987770417848811,0.00987770417848811,0.0125835505413725,0.121704954166513,0.0710554436250307,0.298966844887364
"img_00374.jpg",0.624019555960551,0.0976052677361372,0.0111133315221623,0.0127177094608403,0.00977523285307028,0.0184455336329693,0.00977523285307028,0.216548135981199
"img_00375.jpg",0.219789376487871,0.118174835006807,0.401362149005948,0.0265954975089042,0.0134775072561533,0.101535426561055,0.0213850326903175,0.0976801754829438
"img_00376.jpg",0.718979219737171,0.0339262099368431,0.0372181938400771,0.0099342791403092,0.0180166919033457,0.0639491553612538,0.0665823049160626,0.0513939451649378
"img_00380.jpg",0.848539843028705,0.0228038409035407,0.0133653930810835,0.0153042289333737,0.0121949166535092,0.0655406023194919,0.00978321165200753,0.0124679634282885
"img_00383.jpg",0.920420553853876,0.0132862427878731,0.00956368457618526,0.00956368457618526,0.0102770590091359,0.013170734414671,0.00956368457618526,0.0141543562058887
"img_00398.jpg",0.793728418800983,0.0196678821926664,0.00963332773014035,0.00963332773014035,0.0226073906184359,0.00992928292791101,0.00963332773014035,0.125167042269583
"img_00407.jpg",0.878258742976462,0.0146015870432759,0.0142701860188385,0.0234280450817154,0.0100467156055745,0.0374095027064038,0.00977619130828397,0.0122090292594463
"img_00417.jpg",0.0674074958931032,0.0114670989386046,0.00950065302807599,0.00950065302807599,0.00950065302807599,0.00950065302807599,0.00950065302807599,0.873622140027912
"img_00432.jpg",0.538025094598327,0.0261735139372251,0.0791476942087212,0.0192899135166776,0.134635790068975,0.0964316685651333,0.013856804745958,0.0924395203589828
"img_00442.jpg",0.0137099067689861,0.0103151127829563,0.00949167093827073,0.00949167093827073,0.00949167093827073,0.00997500581265902,0.00949167093827073,0.928033290882316
"img_00446.jpg",0.751438512465592,0.031006415138514,0.0111806434285404,0.0272294252020008,0.0143785176021382,0.0826732024154168,0.0109238833981865,0.0711694003496108
"img_00469.jpg",0.78400243718653,0.0242999597859986,0.0136504895677688,0.00977702344472716,0.0134342630109743,0.0485440130234911,0.0127368344949313,0.0935549794855784
"img_00473.jpg",0.877733393130005,0.010906962148834,0.00968476237225361,0.00968476237225361,0.0221528818824543,0.00968476237225361,0.00968476237225361,0.0504677133496927
"img_00483.jpg",0.858288641366971,0.0487641650749987,0.00970134676385961,0.00970134676385961,0.0100829303356924,0.0150391358283912,0.0100550484011254,0.0383673854651023
"img_00484.jpg",0.556118843360029,0.190397539922309,0.0161605770111575,0.0297433261935694,0.00983178021962233,0.0309446049693816,0.0111700465941331,0.155633281729798
"img_00486.jpg",0.774583332665511,0.0469836339927533,0.0549123924748693,0.0277136825781015,0.0528426583218214,0.016109917014835,0.0163674309342924,0.0104869520178156
"img_00487.jpg",0.144884729591312,0.0318753978336314,0.0217180404336716,0.0106466502749534,0.70458386014875,0.0486866523693811,0.0174461608523058,0.0201585084959949
"img_00493.jpg",0.071214870749945,0.0097000970825295,0.0108759576743193,0.0097000970825295,0.862197522106382,0.0150896206167833,0.0097000970825295,0.0115217376049821
"img_00518.jpg",0.790557706234124,0.00963833951420007,0.00963833951420007,0.00963833951420007,0.146974505308297,0.00963833951420007,0.00963833951420007,0.0142760908865785
"img_00533.jpg",0.140207409718348,0.0513567462416878,0.0139649189591699,0.0107232779281317,0.0179112799189292,0.0354187281535997,0.0415740027189852,0.688843636361148
"img_00538.jpg",0.854881387924837,0.0321610246048321,0.0106221894277669,0.0105153732692466,0.00984769714978139,0.0146520423680277,0.00980528822312808,0.0575149970323797
"img_00543.jpg",0.928039273244637,0.00952036524185957,0.00952036524185957,0.00952036524185957,0.0112904934889467,0.00978224564859172,0.00952036524185957,0.0128065266503859
"img_00550.jpg",0.408943891386218,0.0743283853197764,0.128412474093052,0.0417148281882191,0.161005682525098,0.0833191934202677,0.0227443982502974,0.0795311468170708
"img_00551.jpg",0.784503301465938,0.00982887021038636,0.0155798460080164,0.0275991917287006,0.0173013706127488,0.093415253933763,0.010161842086051,0.0416103239543959
"img_00564.jpg",0.0207110734202203,0.00970763954884153,0.0103318171122471,0.00970763954884153,0.903075851976107,0.0217784135768146,0.012975924269773,0.0117116405471546
"img_00575.jpg",0.715056146228512,0.0220034164114992,0.0112729650352655,0.0114980683716799,0.0575857925821972,0.0579592652157186,0.0385035592139506,0.0861207869411771
"img_00582.jpg",0.590991382546106,0.0135050773180465,0.0181065308854454,0.0133789612639993,0.235396397802734,0.0982166651228863,0.0133906401766494,0.0170143448841327
"img_00584.jpg",0.7451755616556,0.0110727393869699,0.0124385374351603,0.0221317725113768,0.17574768470575,0.0108928733274352,0.0101802325753687,0.0123605984023384
"img_00587.jpg",0.103055586524589,0.0324244166520459,0.00962931081253916,0.00565596067912579,0.0113298213456578,0.0913917010069393,0.0435183912392497,0.702994811739854
"img_00590.jpg",0.46411389664024,0.10733867851082,0.0462620822975572,0.011413187769258,0.0245439251434364,0.0560949812543178,0.0945465791133261,0.195686669271045
"img_00591.jpg",0.281525287208512,0.0209385522203386,0.0101290756917977,0.00978056664223721,0.00978056664223721,0.102098679374997,0.0137083692311533,0.552038902988727
"img_00598.jpg",0.728918103520817,0.0211704705637901,0.0166190266566669,0.0557300199583721,0.0391354082720724,0.0769792623670174,0.016323451975548,0.045124256685716
"img_00599.jpg",0.544714714548078,0.0792467929864435,0.0308450050223822,0.0153376434962425,0.0370735389122512,0.0300621003777582,0.0873973131674766,0.175322891489367
"img_00612.jpg",0.581266987657713,0.0114769256224333,0.0131447150818305,0.011029717230187,0.0360202101201392,0.180475752504905,0.0425653690143483,0.124020322768444
"img_00618.jpg",0.910763429347308,0.00950062940260881,0.00950062940260881,0.00950062940260881,0.0316004923998694,0.00998421677114573,0.00950062940260881,0.00964934387124155
"img_00620.jpg",0.808864747612594,0.0290315196460669,0.029968946309584,0.0158119681674077,0.0240549491562243,0.0637262593578537,0.0145094165384516,0.0140321932118174
"img_00642.jpg",0.220314438006659,0.057639168034642,0.0119580333367749,0.651334503471101,0.00972253997056241,0.0241011247395929,0.00972253997056241,0.015207652470106
"img_00646.jpg",0.0205783646036081,0.0133152069134282,0.0208018415537465,0.00957518638202811,0.00957518638202811,0.0163038241043066,0.00957518638202811,0.900275203678826
"img_00648.jpg",0.925993248489377,0.0095298398930339,0.0095298398930339,0.0095298398930339,0.0136511798565072,0.00984651155404478,0.0095298398930339,0.0123897005279353
"img_00650.jpg",0.352526068779359,0.0436059956693539,0.0214493684472599,0.0226094798300156,0.0405639800956415,0.439926268949713,0.0544451988988743,0.0248736393297828
"img_00654.jpg",0.574646524339665,0.0405811310745837,0.0595576412510275,0.0235929884016551,0.146052375994689,0.0564648382366704,0.039476526435535,0.059627974266175
"img_00664.jpg",0.797355596311146,0.0803245227157579,0.0104073050218069,0.00978910335434345,0.010503262211445,0.0186250507050452,0.017974831169297,0.0550203285111581
"img_00667.jpg",0.00959278776310093,0.00959278776310093,0.0104122125423316,0.00959278776310093,0.926237407362159,0.00959278776310093,0.00959278776310093,0.0153864412800042
"img_00676.jpg",0.00977077069202302,0.0150249339709616,0.013186107674169,0.00971372532306848,0.877112692115306,0.0115393650471534,0.0097730566232199,0.0538793485540987
"img_00697.jpg",0.0135082211432751,0.0094769761972341,0.0112506128573995,0.0094769761972341,0.0094769761972341,0.0094769761972341,0.0094769761972341,0.927856285013155
"img_00708.jpg",0.354719512428813,0.0696314310242802,0.0224453190974584,0.0220656227484878,0.0350167252850006,0.286249521588129,0.103193348536746,0.106678519291085
"img_00716.jpg",0.158703305693895,0.118770886679863,0.0178867867628169,0.0180688806265817,0.0278872274804963,0.466767767560777,0.0964401168943987,0.0954750283011717
"img_00717.jpg",0.542763079219622,0.07502030550375,0.00993577149148099,0.032880933504488,0.00983584734057541,0.284561184120991,0.024570335567363,0.0204325432517306
"img_00718.jpg",0.829160270724807,0.009711034530867,0.0116283704106714,0.0139633121042668,0.009711034530867,0.0533049996848066,0.009711034530867,0.0628099434828474
"img_00723.jpg",0.174170858299727,0.00954004283570599,0.00954004283570599,0.00954004283570599,0.766907813005288,0.00954004283570599,0.00954004283570599,0.0112211145164549
"img_00724.jpg",0.168996057611916,0.0103558592085815,0.0190216921450872,0.0103807293983559,0.042155814529955,0.0706937113158284,0.323786048265282,0.354610087524994
"img_00726.jpg",0.929413817452643,0.00953742528712842,0.00953742528712842,0.00953742528712842,0.00953742528712842,0.0100844017193302,0.01118130838952,0.0111707712899931
"img_00729.jpg",0.544782653437265,0.00968023795729091,0.00968023795729091,0.00968023795729091,0.387207908407359,0.00968023795729091,0.0183278935814046,0.0109605927448074
"img_00730.jpg",0.100346741451006,0.0235373581784392,0.0127974445109568,0.00986905228825468,0.0114829417801379,0.0229078283802743,0.0408908730072204,0.778167760403711
"img_00757.jpg",0.779492978296389,0.014632784652702,0.0165341290216025,0.0618463683207038,0.013948759868968,0.0666364381193029,0.0111530773471487,0.0357554643731835
"img_00760.jpg",0.423106450718014,0.0394266949817306,0.0108002049094851,0.443958347625769,0.0157758042808071,0.0296218082017986,0.0122803593578474,0.0250303299245487
"img_00763.jpg",0.00953490360684606,0.00953490360684606,0.00953490360684606,0.00953490360684606,0.927314311426001,0.00953490360684606,0.00953490360684606,0.0154762669329222
"img_00764.jpg",0.00711954054006539,0.00593570427346179,0.0136818836271994,0.0050651118667925,0.0050651118667925,0.0050651118667925,0.0050651118667925,0.953002424092104
"img_00765.jpg",0.153047365920014,0.114324098169545,0.0124916969870914,0.0864855219589177,0.01264887370886,0.496659740347762,0.0324007825928045,0.0919419203150058
"img_00772.jpg",0.0116221694882582,0.0095948586053784,0.342372711655281,0.0095948586053784,0.0095948586053784,0.0117394103103362,0.011875721242563,0.593605411487427
"img_00773.jpg",0.878436109996389,0.0182199610899046,0.0345023833625811,0.016238053704033,0.0100622143328081,0.0196453073425141,0.012179019976093,0.0107169501956773
"img_00777.jpg",0.793651360329506,0.0250683404297704,0.0122192917744457,0.0103009006538793,0.0286256927891901,0.0934534782913795,0.0268850684942279,0.0097958672376013
"img_00780.jpg",0.014609526821421,0.0125161706850959,0.0309146996315283,0.00974544919385372,0.00974544919385372,0.0203945652947678,0.0103982532437512,0.891675885935728
"img_00798.jpg",0.590298673066429,0.148755379377182,0.0150607639397045,0.135843084348742,0.0521461762616914,0.0255094395310035,0.0149646900066362,0.0174217934686112
"img_00808.jpg",0.799259487628905,0.0288288413253746,0.0123673211254406,0.0120620325592972,0.00973627662526384,0.02273132827263,0.00973627662526384,0.105278435837825
"img_00816.jpg",0.89584013691393,0.00973945337510072,0.00987501203122938,0.00973945337510072,0.0274178470600952,0.0120611416264446,0.0166147296348743,0.0187122259832255
"img_00828.jpg",0.00964966184348302,0.00957140211332453,0.00957140211332453,0.00957140211332453,0.923659035753713,0.010322956409585,0.00957140211332453,0.0180827375399206
"img_00833.jpg",0.267314703298201,0.055140637084529,0.024517553486595,0.017279106246637,0.0214995580315639,0.350961872160903,0.149552977326775,0.113733592364797
"img_00837.jpg",0.806790726755197,0.0395339302404197,0.0141115989475835,0.0150811616460632,0.0367840758760738,0.0473546320592369,0.0106586233471665,0.0296852511282592
"img_00855.jpg",0.557044247123163,0.0637960572403807,0.0321826994758629,0.0132225478690327,0.0402150864670101,0.0838330321358238,0.0316137531108728,0.178092576577854
"img_00857.jpg",0.909579091017874,0.0180291079193403,0.00967973451143773,0.00967973451143773,0.0224806186879596,0.0100649177439902,0.00967973451143773,0.0108070610965225
"img_00858.jpg",0.831829924896908,0.0118805701169906,0.00980242776817731,0.0107283891246874,0.0134216525320759,0.0837213362491265,0.0138969472846861,0.0247187520273477
"img_00865.jpg",0.849586530593227,0.0590472945010619,0.00965713901468939,0.00965713901468939,0.00965713901468939,0.0171658281290494,0.00965713901468939,0.0355717907179038
"img_00876.jpg",0.00987204290512612,0.00984990909305304,0.0103049291999178,0.00970405978856907,0.901832226186794,0.0105168852934068,0.00970405978856907,0.038215887744564
"img_00889.jpg",0.0135978426497927,0.00961043334650453,0.283196091717767,0.0100372554445191,0.00961043334650453,0.00961043334650453,0.00961043334650453,0.654727076801903
"img_00894.jpg",0.579524280387145,0.0128071983665169,0.0134139463951027,0.0118482922145224,0.321603317193952,0.0161844743319104,0.00980085538257295,0.0348176357282776
"img_00902.jpg",0.0104873907990568,0.00543620018043893,0.00512879553875505,0.00576665637178702,0.00549552889163343,0.012908093348208,0.948244149706306,0.00653318516381477
"img_00914.jpg",0.0134605123791912,0.0109414181048308,0.00945491465112149,0.00945491465112149,0.00945491465112149,0.00945491465112149,0.00945491465112149,0.928323496260371
"img_00921.jpg",0.438321955385416,0.0123245815981828,0.025500432082885,0.0104027025086636,0.0426883464602712,0.183868227422318,0.0824604506099047,0.204433303932359
"img_00927.jpg",0.353971920178609,0.0974143226216598,0.0298592676596748,0.0119098658374362,0.0222585030150204,0.0434888772646869,0.0917404229966532,0.34935682042626
"img_00943.jpg",0.880636967577681,0.0299784624061472,0.00960753314255496,0.00960753314255496,0.00960753314255496,0.0107136093270882,0.00960753314255496,0.0402408281188637
"img_00948.jpg",0.53348028725727,0.0109482299042885,0.0122818943865242,0.00980871994001097,0.342287376570094,0.0221316182944054,0.0100636718246821,0.0589982018227246
"img_00950.jpg",0.0191217066296434,0.00953464319870226,0.00953464319870226,0.00953464319870226,0.922014752661935,0.0100761428341264,0.00953464319870226,0.0106488250794858
"img_00959.jpg",0.913751922028306,0.00954146532878365,0.00954146532878365,0.00954146532878365,0.0276995918118372,0.00954146532878365,0.0101349110676132,0.0102477137771086
"img_00962.jpg",0.0210671074093547,0.0106806001287121,0.0297550620955243,0.00960149139522977,0.00960149139522977,0.0112425894910223,0.00960149139522977,0.898450166689697
"img_00964.jpg",0.00746928184853114,0.0203284914474556,0.884827207274399,0.00690056600145545,0.0052427282581118,0.00746448216588892,0.00560492417964933,0.0621623188245087
"img_00966.jpg",0.743579317647328,0.00971185086462061,0.0105749827893141,0.00971185086462061,0.133226259894408,0.00971185086462061,0.00971185086462061,0.0737720362104678
"img_00974.jpg",0.773609977725761,0.0798737201700251,0.0156443864360724,0.01746305019915,0.00982219803327607,0.022319584115431,0.0102957991877852,0.0709712841324989
"img_00979.jpg",0.0199101013666785,0.0052303461985697,0.0480551578487146,0.0052303461985697,0.0052303461985697,0.00980757327457555,0.00530687332400111,0.901229255590321
"img_00982.jpg",0.217680581342325,0.472511949638274,0.0275480707723786,0.0197157215586461,0.161905566453538,0.0307823011386976,0.0322971911426234,0.0375586179535172
"img_00985.jpg",0.331858931545794,0.0748333435146161,0.0102095442879912,0.016186513228475,0.0415501226503067,0.0628609189741024,0.0370141835095017,0.425486442289213
"img_00999.jpg",0.786840753424428,0.0184397686660869,0.00982586802174025,0.00982586802174025,0.0117565396281415,0.0224812635800524,0.021291574184128,0.119538364473683
"img_01022.jpg",0.700824712404375,0.0160883282137511,0.0159895643854169,0.023035006148632,0.0799401886559055,0.110227390988632,0.012712519869646,0.0411822893336411
"img_01031.jpg",0.757262656504567,0.0138070038128022,0.0547308691838116,0.015518437719129,0.0425034691761255,0.0667415555375731,0.0338330805107387,0.0156029275552524
"img_01035.jpg",0.722008569224525,0.0314223017431901,0.0217144120631649,0.0141970168707317,0.0183267335254931,0.14669134157621,0.0358066043291285,0.00983302066755596
"img_01043.jpg",0.0113312486869133,0.00946317771635141,0.00946317771635141,0.00946317771635141,0.931123929617873,0.00946317771635141,0.00946317771635141,0.0102289331134563
"img_01058.jpg",0.684739801459953,0.0150942019154513,0.0144882735177905,0.00986473391309352,0.175026426397224,0.0242722574314332,0.00986473391309352,0.0666495714519615
"img_01059.jpg",0.204773987029163,0.0781668551676458,0.0133001267433515,0.0147670574768794,0.012025942360642,0.133073073058008,0.0475908071521058,0.496302151012204
"img_01090.jpg",0.0205071809942838,0.0438038198423473,0.0156439720023246,0.00998561797320814,0.862445719831083,0.011006991550275,0.0195764521567921,0.0170302456496864
"img_01102.jpg",0.243128697781586,0.545997569430281,0.0171760444638527,0.0305643583910158,0.0179283065357883,0.0196571371883466,0.0133044510677604,0.112243435141369
"img_01103.jpg",0.0833618929502648,0.191756358848342,0.0146295268091797,0.0230142348949825,0.00985470189479311,0.0136405465452834,0.0354570104019115,0.628285727655243
"img_01116.jpg",0.861467102175785,0.029859898598187,0.0100645316468489,0.0197029845697628,0.00982929313405036,0.0248328505037467,0.00982929313405036,0.0344140462375688
"img_01134.jpg",0.77271941323789,0.00988193634632249,0.037286278799834,0.0214307007131373,0.00988193634632249,0.0831140635140763,0.0107792733098324,0.0549063977325851
"img_01142.jpg",0.890636528812251,0.0098073843583381,0.0209090490423675,0.0100757554341934,0.0301033470592564,0.0166082292852526,0.00988193109553458,0.0119777749128068
"img_01168.jpg",0.0316802227678555,0.113109607972387,0.0146729042777799,0.0488384977057103,0.0282920034548524,0.656412496070169,0.0596975095764517,0.0472967581747947
"img_01171.jpg",0.00955770064561392,0.00955770064561392,0.00955770064561392,0.00955770064561392,0.923366820679014,0.00955770064561392,0.00955770064561392,0.0192869754473027
"img_01177.jpg",0.848072270895154,0.015147059893708,0.0466259132779217,0.0134594968517735,0.0327991624501561,0.0110382503576654,0.0173905124827119,0.0154673337909089
"img_01179.jpg",0.863424021241413,0.0113982598135554,0.0154096352912067,0.0187934885667023,0.0249983020674576,0.0454728321951064,0.00981093051224188,0.0106925303123165
"img_01188.jpg",0.320586887795959,0.0780989883909354,0.0159359697922264,0.0500980950270433,0.0171819160054044,0.432960960745935,0.0167979602036002,0.0683392220388966
"img_01198.jpg",0.207407696818785,0.0167645216343172,0.0248484728116063,0.00983411288202488,0.338258876843223,0.0383449882762814,0.329545412771376,0.0349959179623861
"img_01204.jpg",0.00956337182691857,0.00998037055945828,0.0105352001606081,0.00956337182691857,0.923228816516417,0.00956337182691857,0.00956337182691857,0.0180021254558425
"img_01208.jpg",0.0189612430898892,0.00954747597533183,0.0100818784000196,0.00989051466642963,0.921162100160215,0.010350905679783,0.00954747597533183,0.0104584060529998
"img_01211.jpg",0.918268096119576,0.0146797192985668,0.00958461239625339,0.00958461239625339,0.0149782824034888,0.00958461239625339,0.00958461239625339,0.0137354525933543
"img_01213.jpg",0.77629200561246,0.043499142140334,0.0122770493624245,0.0316414555912632,0.0265024067191078,0.0630343662305976,0.00984449348322226,0.0369090808605902
"img_01222.jpg",0.260728900114361,0.283259332852774,0.015621546334815,0.0393006692014294,0.00985322669207046,0.111268818876009,0.014900993277805,0.265066512650736
"img_01224.jpg",0.0902261613037258,0.0135761995930513,0.148592194548057,0.00981868305148891,0.00981868305148891,0.0174187741394748,0.0118008731922215,0.698748431120492
"img_01237.jpg",0.0209035993225387,0.00483544128908589,0.00483544128908589,0.00483544128908589,0.905995432161725,0.0049200130973973,0.00818724188298895,0.0454873896680929
"img_01249.jpg",0.0525955108460358,0.0178539239797354,0.0241151493886522,0.00981720195711465,0.854883425293344,0.0146311149971156,0.0133688553291785,0.0127348182088243
"img_01253.jpg",0.0201512517559754,0.00944657598102172,0.00944657598102172,0.00944657598102172,0.00944657598102172,0.00944657598102172,0.00944657598102172,0.923169292357894
"img_01286.jpg",0.538412940915555,0.0323206436072628,0.012411562702409,0.0107763421394962,0.168827503516406,0.0340480746283343,0.0100249171819498,0.193178015308587
"img_01289.jpg",0.247770334645124,0.123047412235043,0.0105012104936627,0.016395677744607,0.0106240842664927,0.139092342545073,0.0527170365487859,0.399851901521212
"img_01325.jpg",0.0250068085878139,0.0444718314588606,0.0124098933156492,0.0125314702580369,0.85704067303702,0.00976651188014886,0.0176079682019402,0.02116484326053
"img_01328.jpg",0.825432712999533,0.0529312048609572,0.010713087891693,0.0240082238529206,0.0134766887026756,0.0357574337495863,0.00979835859020063,0.0278822893524338
"img_01366.jpg",0.166749223072739,0.0325616276916671,0.0431353705473079,0.0610731551724174,0.0202177537955241,0.63413625565205,0.0130659121609604,0.0290607019073343
"img_01371.jpg",0.696229863375114,0.0099871959838065,0.0109269342299446,0.00979348764115023,0.135524107441725,0.0114010794216417,0.0131908464418864,0.112946485464731
"img_01373.jpg",0.0336381990422788,0.0121330654153864,0.0341613735596436,0.011871108130626,0.871357223325183,0.0147648925819417,0.0101643121514741,0.0119098257934666
"img_01377.jpg",0.0654954473739932,0.00964089963544763,0.0127509188753343,0.0101054815068506,0.87109370618895,0.0107953649943413,0.00964089963544763,0.0104772817896355
"img_01379.jpg",0.844671114732324,0.0221667968339143,0.0203733394503811,0.0138338754333782,0.0148584231228686,0.0433191851589965,0.0113342592631757,0.0294430060049614
"img_01384.jpg",0.528482885671742,0.0327440300677132,0.0814913103985741,0.0217334881375732,0.134304224837784,0.0862700511844395,0.0140688685936711,0.100905141108504
"img_01388.jpg",0.759287705201741,0.097518131686694,0.0111558687862855,0.00980083577941984,0.0176847027132657,0.0580351959625794,0.00980083577941984,0.0367167240905944
"img_01392.jpg",0.0148856193567325,0.0652569444100816,0.506819312043404,0.0123162857058419,0.0111820929016499,0.0116951736770772,0.0120448467471849,0.365799725158028
"img_01399.jpg",0.0114105703210336,0.794560822069064,0.0229088268782628,0.00532160614098372,0.00515780157185647,0.0108973588334421,0.00515780157185647,0.144585212613501
"img_01404.jpg",0.865153844038285,0.0385823925682319,0.010451972301207,0.0257774334970321,0.014518361777994,0.0175099591230525,0.00977191914226648,0.018234117551931
"img_01405.jpg",0.832634563445889,0.0164895672935055,0.0117319529400615,0.0275140262285774,0.0466485035367408,0.0420767741354893,0.0119960737838845,0.0109085386358516
"img_01413.jpg",0.845192589922311,0.00992041162473531,0.0101509942432461,0.0136877789121628,0.0742104461891068,0.0232934432723459,0.0107153926534567,0.0128289431826356
"img_01426.jpg",0.0527195073945431,0.287227208211521,0.00784148186458482,0.00522147275321142,0.00522147275321142,0.00688083127924897,0.51811717936213,0.116770846381549
"img_01431.jpg",0.302737904348095,0.0453189238511038,0.0117891310089188,0.547187113243837,0.0137692670615711,0.0430206110492136,0.0114863032472232,0.0246907461900377
"img_01441.jpg",0.0200961041877124,0.00953800236532322,0.0104242761496535,0.00953800236532322,0.00953800236532322,0.0112358234294308,0.00953800236532322,0.92009178677191
"img_01444.jpg",0.07657007948831,0.0113179560126474,0.00629923166120086,0.00587422837426771,0.00530878667276802,0.0305553309595828,0.00710537260836432,0.856969014222859
"img_01490.jpg",0.0163316752343665,0.0149410788954904,0.115791710123621,0.00965498620487556,0.00965498620487556,0.0103606604599541,0.0100435876023579,0.813221315274459
"img_01495.jpg",0.78478378365524,0.0503461430733831,0.0114288988026847,0.0123585602741851,0.00977410289846607,0.0484792237746132,0.00977410289846607,0.0730551846229613
"img_01505.jpg",0.00956870349491484,0.00956870349491484,0.0118228433376867,0.00956870349491484,0.928134077405139,0.00956870349491484,0.00956870349491484,0.0121995617826004
"img_01511.jpg",0.84212155975364,0.0372274863380336,0.0171031948546231,0.0187290827874745,0.0133022214429438,0.0458110231289335,0.0138639671516808,0.0118414645426704
"img_01519.jpg",0.333809962116085,0.0961942159553214,0.0184270956480212,0.0299494343645171,0.02243514643669,0.369311253409487,0.0279724741518811,0.101900417917997
"img_01530.jpg",0.789291870669358,0.0188788622003402,0.00996791325469921,0.0127930674071327,0.0944751373204068,0.0137050790311074,0.00975214203364778,0.0511359280833076
"img_01537.jpg",0.792450056052357,0.0107041124529278,0.0300370867725225,0.00987918366650789,0.0580095483367731,0.0310355831465842,0.0122429814488739,0.0556414481234538
"img_01538.jpg",0.864567435186105,0.0210417010938727,0.00964596654473476,0.00964596654473476,0.00995053736787156,0.0626978664628581,0.0101501172306037,0.0123004095692196
"img_01541.jpg",0.0101211872751541,0.00957198216773118,0.00957198216773118,0.00957198216773118,0.929682529641178,0.0109919725228684,0.00957198216773118,0.0109163818898747
"img_01543.jpg",0.888608451740626,0.00962276465909753,0.00962819380375707,0.0118331830027493,0.0439674893357028,0.00962276465909753,0.00962276465909753,0.017094388139872
"img_01548.jpg",0.868329262794964,0.0102455614238926,0.0167090423212821,0.00968202445954403,0.043305602363844,0.0117662735845245,0.010302584205706,0.0296596488462434
"img_01552.jpg",0.926849764025137,0.0108825507148565,0.00953763506828708,0.00953763506828708,0.0124440000136011,0.0115226548358683,0.00953763506828708,0.00968812520567609
"img_01561.jpg",0.016353489196101,0.00957516060608367,0.00957516060608367,0.00957516060608367,0.918966369120112,0.00998849322404824,0.00957516060608367,0.0163910060354039
"img_01562.jpg",0.225842999631586,0.0441134801443164,0.021525454686046,0.0165450484723799,0.0362738679975327,0.0736992487234521,0.27334639414115,0.308653506203537
"img_01571.jpg",0.904179483845177,0.00987997219198409,0.00958841069985428,0.00958841069985428,0.00958841069985428,0.00958841069985428,0.0116986420900218,0.0358882590734001
"img_01593.jpg",0.26297398832252,0.0507014541924679,0.0279365143607248,0.0136145130241396,0.0134867786494878,0.135422215315008,0.0714283118265231,0.424436224309129
"img_01595.jpg",0.0368370588265486,0.00954672334424552,0.00954672334424552,0.00954672334424552,0.902510708768715,0.0120604715400809,0.00954672334424552,0.0104048674876732
"img_01616.jpg",0.81714122167706,0.0542223993594903,0.00978360496635427,0.00982900438106978,0.0426857655366832,0.0146304319088117,0.0108548918977087,0.0408526802728223
"img_01618.jpg",0.844551740438417,0.0213083985681025,0.00975026624694489,0.0136887594429708,0.0154467533332588,0.0750911441911528,0.00991342581218652,0.0102495119669663
"img_01627.jpg",0.69900375123546,0.147165508820007,0.00974101570646361,0.010606154472037,0.00974101570646361,0.0716669334892168,0.00974101570646361,0.0423346048638885
"img_01632.jpg",0.868529576317317,0.0153801162749018,0.0167139815505783,0.00968215464051926,0.0403251888760491,0.0177956046377907,0.0116905740319833,0.0198828036708608
"img_01633.jpg",0.590324025571526,0.0166191235719815,0.0121868038026527,0.013691604957904,0.0212715295754168,0.175008753875874,0.0363646969537578,0.134533461690888
"img_01640.jpg",0.92764884126972,0.00948915032924436,0.00948915032924436,0.00948915032924436,0.0140376428834514,0.00960293508864588,0.00948915032924436,0.0107539794412054
"img_01646.jpg",0.890022901857061,0.024787865793595,0.00964644653771062,0.00985480690928388,0.0101068189278278,0.0266221362189226,0.00964644653771062,0.0193125772178881
"img_01647.jpg",0.0314990929949957,0.0102161846916832,0.00956159743010374,0.00952459249332182,0.909954762642304,0.00952459249332182,0.00952459249332182,0.0101945847609485
"img_01649.jpg",0.489452513267555,0.0147696590537798,0.0157838245328283,0.025594622286612,0.317854965627717,0.0605889383894558,0.0637491059484472,0.0122063708936049
"img_01657.jpg",0.0137556812228547,0.010931984300444,0.782844194339343,0.00964819548652118,0.010412674411813,0.00964819548652118,0.0115719039542969,0.151187170798206
"img_01669.jpg",0.342174789519843,0.0602821349813396,0.0121853523892201,0.48929543406033,0.0197877350210921,0.0302103348989972,0.0154010924419448,0.0306631266872338
"img_01673.jpg",0.669989079108492,0.0127934498119092,0.00987200226042466,0.00987333335318184,0.219229279268475,0.0263016655842271,0.0294154308468552,0.0225257597664357
"img_01681.jpg",0.324868971213435,0.00980950616184419,0.00994998150473699,0.00980950616184419,0.0263111314000576,0.032590349355556,0.0180282498171443,0.568632304385381
"img_01684.jpg",0.662321151016491,0.079211020385942,0.0107046951008531,0.0391327567216855,0.00980283037865689,0.0363433830773108,0.00980283037865689,0.152681332940404
"img_01685.jpg",0.194989179006977,0.0423766582247199,0.125268388815489,0.019468970808958,0.301167612587856,0.149295498093525,0.0162224975513802,0.151211194911096
"img_01687.jpg",0.174331428410958,0.0163283961356711,0.0147559817810529,0.0098045168163743,0.00998807258038135,0.0138034874462997,0.0261387926010251,0.734849324228238
"img_01688.jpg",0.234652390557099,0.170346457248999,0.0108252591657651,0.0176966984982517,0.0106027826498487,0.135807135449418,0.0439389566377308,0.376130319792887
"img_01689.jpg",0.0328426401785382,0.0143559696789076,0.0711638732989181,0.00981189877376622,0.00981189877376622,0.0757768651011598,0.0161686302732045,0.770068223921739
"img_01716.jpg",0.0102392920770268,0.00952141888203729,0.00952141888203729,0.00952141888203729,0.92764696454712,0.0102023710055467,0.00952141888203729,0.0138256968421574
"img_01717.jpg",0.182218901039607,0.00952212504230154,0.00952212504230154,0.00952212504230154,0.758584243687017,0.00952212504230154,0.00952212504230154,0.0115862300618677
"img_01724.jpg",0.792355013629388,0.00989845878677835,0.0248200510962477,0.00989845878677835,0.0661656908965542,0.0321543627282082,0.0138277527924385,0.0508802112836066
"img_01745.jpg",0.646205646368935,0.0199614570630654,0.097889223007578,0.0538475933338068,0.0979722205205242,0.0348945661248537,0.0166530772863645,0.0325762162948727
"img_01771.jpg",0.728312276461772,0.080061047212641,0.0131060502309124,0.0226590757053107,0.011466725570783,0.0361984890824246,0.00982262253888696,0.0983737131972689
"img_01773.jpg",0.317195401468713,0.0399847079092985,0.0174844035569697,0.0110389046898841,0.0148999762095599,0.0233350641728486,0.119287855980804,0.456773686011922
"img_01781.jpg",0.101298345608481,0.0127070266959211,0.00973283139871518,0.00973283139871518,0.829634867222138,0.0121771184536679,0.0128447042500511,0.0118722749723101
"img_01782.jpg",0.0317066881717537,0.00952062365750055,0.00952062365750055,0.00952062365750055,0.908998307421717,0.0111166077321398,0.00952062365750055,0.0100959020443874
"img_01802.jpg",0.74814977890127,0.0096766366882311,0.0096766366882311,0.0096766366882311,0.186039427515196,0.0096766366882311,0.00993019856513592,0.0171740482654733
"img_01803.jpg",0.0178381360840549,0.0541665184840294,0.703323758065691,0.0152222781388281,0.0108968223054925,0.0120663213606117,0.015564835807466,0.170921329753827
"img_01824.jpg",0.573784212536983,0.0141749994328403,0.0203655091181682,0.0159819076259365,0.0537541998804239,0.161301243939697,0.0458049758258832,0.114832951640068
"img_01825.jpg",0.0208514912706386,0.385016489543352,0.0647856143453834,0.0376657234137111,0.385470960040565,0.0160406294493771,0.0551143064854365,0.0350547854515359
"img_01831.jpg",0.403692819919402,0.0106060495721719,0.014872522724175,0.363145997210321,0.0126293725793725,0.0876984515200502,0.0123825379378653,0.0949722485366418
"img_01834.jpg",0.0684124438717883,0.0151937578793333,0.136977797025618,0.010677208368943,0.00975859536861152,0.0152788672190979,0.00975859536861152,0.733942734897997
"img_01847.jpg",0.0593089409380776,0.0454146768408446,0.00675543319208357,0.00585560306915811,0.00608956789558308,0.0187454571678597,0.0137243458032703,0.844105975093123
"img_01853.jpg",0.36869393493216,0.11141606971991,0.032566212498803,0.0139175787709402,0.0206224891666787,0.0519766237498699,0.0905650442890402,0.310242046872598
"img_01856.jpg",0.929038974566769,0.00976300466121648,0.00950608350768379,0.00950608350768379,0.00950608350768379,0.00950608350768379,0.00950608350768379,0.0136676032335958
