"image","ALB","BET","DOL","LAG","NoF","OTHER","SHARK","YFT"
"img_00007.jpg",0.0524698662274981,0.00886288560400362,0.00272193252900926,0.00286099806768359,1.00344495773746e-05,0.00161485721156856,0.00161210536963162,0.929847320541028
"img_00009.jpg",0.850087312759003,0.0704788329839258,0.0027049217896766,0.00208800958952327,1.02330959903563e-05,0.0698099921344624,0.00168283310649531,0.00313786454092338
"img_00018.jpg",0.792255197626341,0.0330664478061807,0.00174408451500597,0.00471007300508248,1.00258615646559e-05,0.162799637819964,0.00154969530014779,0.00386483806571289
"img_00027.jpg",0.303891943474599,0.0225621523913898,0.00459744108699113,0.00209273824597699,1.00583069808716e-05,0.0926978566018433,0.00985448546058173,0.564293324431637
"img_00040.jpg",0.0816632308004163,0.0045659569225871,0.00233318921075488,0.00173665330559413,1.00643759514298e-05,0.00768608294526572,0.87848694786198,0.02351787457745
"img_00053.jpg",0.912889527475683,0.0176551169269306,0.0105608747696444,0.00211847983391897,1.02088987218844e-05,0.0442452003202917,0.00356028058198931,0.00896031119282039
"img_00071.jpg",0.00185665963618319,0.000275333827413758,0.000149445412604638,0.997179261256014,9.98850794232622e-07,0.000206622950857174,0.000144139037151587,0.000187539028981612
"img_00075.jpg",0.814586492510008,0.0459237771118513,0.00256982238654784,0.00318852891791442,1.00813147949296e-05,0.127652781593087,0.00223445370083708,0.00383406246495953
"img_00102.jpg",0.446255813110274,0.0120259214131827,0.00262263112394754,0.00358554094781838,1.01199994778071e-05,0.0235622761086413,0.00559376675455252,0.506343930542105
"img_00103.jpg",0.820871243772862,0.0337445948057812,0.0583138630132263,0.00306665500948618,1.00208216671229e-05,0.0174291522300736,0.00149024402283475,0.0650742263240689
"img_00109.jpg",0.959254829794282,0.0132422453805644,0.00177724567839875,0.00171302749725298,1.00172899706865e-05,0.0142026400329328,0.00227202879203206,0.00752796553456615
"img_00120.jpg",0.750392222423216,0.0139150703931884,0.00190229217407474,0.00202447569888582,1.00257053268929e-05,0.00785733160345348,0.0480115217535176,0.175887060248337
"img_00125.jpg",0.878480556052957,0.00735731117363433,0.00289431338554769,0.00539282254897279,1.00345372481471e-05,0.0190841006122957,0.00311829713043166,0.0836625645589127
"img_00128.jpg",0.012949937728292,0.106201996330482,0.308445251441022,0.00173513762248601,1.00460694912245e-05,0.00612545825897606,0.00200123762285286,0.562530934926399
"img_00129.jpg",0.169173771115417,0.00454457865102253,0.00284821292761756,0.00182773116266505,1.00771185076729e-05,0.0071508840377091,0.758093525398001,0.0563512195890598
"img_00138.jpg",0.747117879757736,0.226335111265002,0.00302325413089447,0.00315022794940008,1.00343550538421e-05,0.00473503043430141,0.00241455594562312,0.0132139061619887
"img_00141.jpg",0.00316487505335697,0.00449952668407393,0.00674377408955791,0.00152383445178847,1.00207160059744e-05,0.00176942223627154,0.00169153006857686,0.980597016700368
"img_00152.jpg",0.02929110970614,0.032249291331918,0.00481308708114862,0.00199858689141715,1.00920741706407e-05,0.0173267543949698,0.00585162697066912,0.908459451549567
"img_00161.jpg",0.00225031103901315,0.00153508943617401,0.00144202752216816,0.00143187241447526,1.00144022078996e-05,0.00144976042974704,0.00143580723662418,0.99044511751959
"img_00170.jpg",0.0142463104379796,0.00139837548734446,0.000270186609945921,0.954941320058822,9.57356390387035e-07,0.000824320461360362,0.000155328345671467,0.0281632012424855
"img_00171.jpg",0.538199995200791,0.0289757953174064,0.0495165832773654,0.0251098789986668,1.02330468545082e-05,0.337025286459374,0.00637336269925161,0.014788865000291
"img_00175.jpg",0.561096038782915,0.010365454351779,0.0114611784332767,0.0111950749600278,1.0336029486104e-05,0.377469841406259,0.00235572714916896,0.026046348887088
"img_00180.jpg",0.00813647893616419,0.00204708788228226,0.00225061155623324,0.00206486338426226,1.00182232469034e-05,0.00217173906634222,0.00224409233603631,0.981075108615433
"img_00212.jpg",0.197113216456667,0.00679645953149826,0.00178283189206658,0.017758397560183,1.00189962310724e-05,0.00189712175360808,0.00175710465409283,0.772884849155653
"img_00223.jpg",0.881360123574344,0.0178776986417054,0.0472467575001496,0.00417242061665063,1.00401609149025e-05,0.0234623608215095,0.00337241410255672,0.0224981845821692
"img_00230.jpg",0.792462412209875,0.10965455782019,0.00193970791151757,0.00188434978545322,1.00464525247176e-05,0.0661590570881794,0.00183541381981177,0.0260544549124483
"img_00232.jpg",0.00406967934143787,0.00228035367674637,0.00150945145901364,0.00167898230519168,1.00574328600479e-05,0.00385465096455632,0.982061260729346,0.00453556409084816
"img_00244.jpg",0.78234110269555,0.077403886833081,0.00202180990262166,0.00512263089917986,1.00441345738929e-05,0.070617355068424,0.00195254684449642,0.0605306236220728
"img_00272.jpg",0.889762839611247,0.0323555329218507,0.0381291389617629,0.0108189706362675,1.00517557491535e-05,0.0117271050037593,0.0021730636729079,0.0150232974364554
"img_00280.jpg",0.958260985028311,0.0068412483188153,0.00277187646195129,0.00159125403036472,1.01059759775839e-05,0.00329461656551215,0.00191604709940424,0.0253138665196634
"img_00282.jpg",0.564637672262073,0.0659027033966405,0.0160088557914941,0.0307105558543889,1.01128400338838e-05,0.287400606152095,0.00470174506059412,0.0306277486426805
"img_00285.jpg",0.706439879297391,0.0155434557178989,0.00242769525209582,0.00174293574037732,1.00724957723808e-05,0.00662431706589393,0.0180921008633306,0.249119543567241
"img_00289.jpg",0.95800210786818,0.00898978634740837,0.00610258412054975,0.00218282907640102,1.06714059745987e-05,0.00509585544900704,0.00309817560150044,0.016517990130979
"img_00292.jpg",0.793907737204403,0.0321382805649917,0.00297158550619892,0.0025701186655634,1.00835254498207e-05,0.0454877127258073,0.0182941512830082,0.104620330524577
"img_00302.jpg",0.102724103017133,0.00411292619375314,0.00180038628838374,0.00164528327361783,1.01130220768873e-05,0.00576264336591278,0.867009925499203,0.0169346193399203
"img_00311.jpg",0.987938892250311,0.00279612120355516,0.00144272806121226,0.00217174069138237,1.00281665682687e-05,0.00162572876670416,0.00143264304105282,0.00258211781921427
"img_00320.jpg",0.973321525336979,0.00391951717305276,0.00160162679184683,0.00145449527773789,1.00214706008673e-05,0.00832068683669657,0.00156175984473121,0.00981036726835535
"img_00331.jpg",0.895562859882972,0.0230038700051836,0.00229132805220346,0.00235841431840678,1.00436723849591e-05,0.0332350844919569,0.00555678686726056,0.0379816127096322
"img_00358.jpg",0.300590191963761,0.0259615268664804,0.00282673203799859,0.0028550218022415,1.00701238150859e-05,0.0209276242945235,0.0203496154752466,0.626479217435933
"img_00374.jpg",0.670957430016208,0.0244448770636143,0.00249484276569488,0.00278972842632784,1.00221662953269e-05,0.00319233597153076,0.00210026908326901,0.29401049450706
"img_00375.jpg",0.0300786315093728,0.021585691584522,0.910088272310168,0.00537987080827809,1.01125677787827e-05,0.014051092178943,0.00369222170912156,0.0151141073318157
"img_00376.jpg",0.886535487678871,0.0608060302606643,0.00378329877175582,0.00150828220036953,1.00465450909363e-05,0.0321191618519519,0.00759548264849922,0.00764221004279688
"img_00380.jpg",0.894216351491785,0.0319289507556614,0.00187034096919108,0.00218106673498696,1.00362712687958e-05,0.0640764664797774,0.00156656815935762,0.00415021913797144
"img_00383.jpg",0.805804794014984,0.0125123961779419,0.00193365115547589,0.00344786108273019,1.00605533964209e-05,0.00299355769161176,0.00185677677522363,0.171440902548636
"img_00398.jpg",0.950089023670714,0.0177396676815717,0.00182166709520683,0.00448886426726348,1.00678494208024e-05,0.00491101648549076,0.00209976099182724,0.0188399319585052
"img_00407.jpg",0.963508295874002,0.0121981642040879,0.00226989837480551,0.00251135197931978,1.00308116877019e-05,0.0106799094530725,0.00197573199420066,0.006846617308824
"img_00417.jpg",0.0952901767691722,0.00955675041097504,0.00177469579205721,0.00700800788268071,1.00188582287529e-05,0.00165183265159217,0.00159161206010531,0.883116905575189
"img_00442.jpg",0.00181392406741978,0.00158668093294784,0.00143803490767681,0.00142547262656,1.00143664243444e-05,0.00146241398658276,0.00144841274701641,0.990815046365372
"img_00446.jpg",0.930721607886325,0.00581691759399289,0.00162593042211578,0.00285470202140048,1.00307521056095e-05,0.0130355528548892,0.00204506583444067,0.0438901926347301
"img_00469.jpg",0.919699363550591,0.0191605164760435,0.00241522839095739,0.00669738844827183,1.00245949519749e-05,0.00804031422229872,0.00291739558309399,0.0410597687337917
"img_00473.jpg",0.955924168960632,0.00859508863179603,0.0021425290297979,0.0027778047234047,1.00534212606039e-05,0.00283723276194082,0.0017361861723525,0.0259769362988153
"img_00483.jpg",0.938083251439469,0.0455146831585176,0.00148316590390947,0.00178668303456878,1.00277490763226e-05,0.00249026827846176,0.00166164392655068,0.00897027650944679
"img_00484.jpg",0.110478322673766,0.0492955487087777,0.00318094093877772,0.00870449811236137,1.00186408148721e-05,0.00552332452328915,0.00265777363589397,0.82014957276632
"img_00486.jpg",0.908114317503441,0.0346301841603515,0.0189088460726036,0.0121945702950903,1.01016106905156e-05,0.00387863387369399,0.00540261190905108,0.0168607345750785
"img_00518.jpg",0.802116140506473,0.0370734794515442,0.0026983046301106,0.0065377648964721,1.01649883806789e-05,0.00699155421930875,0.00217627244112198,0.142396318866589
"img_00533.jpg",0.537991845994067,0.0165673364700396,0.00256355573979205,0.0037434115244042,1.01903890971043e-05,0.0188185536671765,0.00850709243116456,0.411798013784259
"img_00538.jpg",0.750783286515748,0.0805277144573496,0.00212357796302161,0.00181954960961763,1.00204866135287e-05,0.00550076726641799,0.00191572420938187,0.15731935949185
"img_00543.jpg",0.979327855202622,0.00834796287113462,0.00171617980704724,0.00286508962064581,1.00834860207716e-05,0.00196838823494185,0.0015113752260806,0.00425306555150679
"img_00550.jpg",0.342324844239216,0.0304630292807513,0.0257035404998755,0.0102884006602396,1.03491140510856e-05,0.575776747484386,0.00264973224362171,0.0127833564778586
"img_00551.jpg",0.809461863406062,0.0146188342576799,0.00222207765550685,0.00280222302844688,1.00237451542128e-05,0.0732382133940306,0.0124236458034607,0.0852231187096586
"img_00575.jpg",0.786463166708855,0.00904311597715994,0.00202404092533032,0.00182634742185775,1.00553829795676e-05,0.0179252354527934,0.00597385859639401,0.17673417953463
"img_00582.jpg",0.899034042478492,0.0386210774768292,0.00265333365247323,0.00245608946428853,1.02079403220132e-05,0.0422695352149229,0.00188270240592186,0.0130730113667508
"img_00584.jpg",0.941438463781906,0.00261446512129498,0.00494744526905637,0.00269328073008817,1.03297191652172e-05,0.0347714617105408,0.00361632909790886,0.00990822457004012
"img_00587.jpg",0.0949798971078513,0.0191946575451969,0.00234716188841744,0.00185848115802852,1.00248326727033e-05,0.0158404124063119,0.00697004952278708,0.858799315538734
"img_00590.jpg",0.0633510419427954,0.07368851842403,0.00475710368851609,0.00181146800657128,1.00303642960517e-05,0.00599130072795517,0.00975168387979749,0.840638852966038
"img_00591.jpg",0.0836906854930675,0.00826277887968637,0.00264264405726795,0.00484540939578074,1.01356261683645e-05,0.0180249323531124,0.00409650369793593,0.878426910496981
"img_00598.jpg",0.956776205575777,0.0199688327875563,0.00202368728409234,0.00547810918185041,1.00399588456086e-05,0.00818770717049209,0.00199277984260716,0.00556263819877927
"img_00599.jpg",0.781111847143881,0.00943868288080518,0.00324436630250425,0.00225835719470162,1.00422751451541e-05,0.00371638171806713,0.0285436990239859,0.17167662346091
"img_00612.jpg",0.927283457819549,0.00196151243244219,0.00180105997402213,0.00168354223965596,1.00482940577382e-05,0.0440135473692579,0.00881087303128232,0.0144359588397325
"img_00620.jpg",0.801111816754564,0.0348877170127036,0.0742206090963675,0.00269986139451599,1.0338331648203e-05,0.0213906409521604,0.00317326549141231,0.0625057509666277
"img_00642.jpg",0.00192244994865496,0.000660618987673909,0.000175352511831545,0.996513666270004,9.98345266156006e-07,0.000282311125818241,0.000144580224632215,0.000300022586119171
"img_00646.jpg",0.0158137378155328,0.0116150646259094,0.0052687378535056,0.00199318822099057,1.00362756842501e-05,0.00360781959707604,0.00457051489054014,0.957120900720761
"img_00648.jpg",0.980639793852033,0.00457725654419727,0.0018640344065617,0.00435472816936524,1.00801503687341e-05,0.00197894932554619,0.00155795334389059,0.00501720420803764
"img_00650.jpg",0.196514513560748,0.00905825937009799,0.00365937820806262,0.002768356094589,1.03434614443882e-05,0.603426823654287,0.157656795431113,0.0269055302196583
"img_00664.jpg",0.9348286985508,0.0189337170469671,0.0015837356861752,0.00150486382212961,1.00195463074706e-05,0.00433611536776017,0.00211073061340462,0.0366921193664555
"img_00697.jpg",0.00264986178081164,0.0042483648943983,0.00313282186469974,0.00164031441700834,1.00423064397597e-05,0.00158410310084046,0.00293475696406982,0.983799734671732
"img_00708.jpg",0.778304472658476,0.0442022678004356,0.00331820562626787,0.00521445561348805,1.00517814351182e-05,0.0778006667007646,0.0266270466003984,0.0645228332187347
"img_00716.jpg",0.107291425123191,0.104548496032338,0.00692594901484339,0.00319664329337139,1.028128088612e-05,0.585948612741737,0.0117174006791258,0.180361191834508
"img_00717.jpg",0.643673627242236,0.22116457563426,0.00361899075057044,0.00361017715182511,1.00246157917949e-05,0.113532640488198,0.005010457487157,0.00937950662996166
"img_00718.jpg",0.961240381514007,0.00238397988265624,0.00200053292014134,0.00204919706950445,1.00220017860096e-05,0.00719327469460334,0.00171004117033222,0.023412570746969
"img_00724.jpg",0.0396734512622161,0.00248970078111695,0.00234787815449926,0.0018731758762114,1.00834342900044e-05,0.00838509772757939,0.316004769537596,0.629215843226491
"img_00726.jpg",0.980880507182193,0.00791391454159224,0.00143334644874045,0.00145167098307772,1.0015128291567e-05,0.00320100304195659,0.00163300450219415,0.00347653817195416
"img_00729.jpg",0.921555897282744,0.0155260123754876,0.00496582096144891,0.00216038221536808,1.08607780074158e-05,0.00969988726723176,0.00959329559489572,0.0364878435248167
"img_00730.jpg",0.0108347938296457,0.00323372344447457,0.0016908625443522,0.00146609083197002,1.00163815956462e-05,0.00246245299666427,0.00384088352596799,0.97646117644533
"img_00757.jpg",0.893514943485144,0.0259085942147707,0.0211128338529078,0.00561757636069269,1.01281642835858e-05,0.032841397005274,0.00372392922428782,0.0172705976926388
"img_00760.jpg",0.00327751009840239,0.000380551580768907,0.00015463741323882,0.995440437428537,9.9739897236448e-07,0.000297643589517088,0.000162624376241244,0.000285598114322559
"img_00764.jpg",0.00572853267524732,0.00649917910763072,0.00548555983131632,0.00157954911657207,1.00188699433819e-05,0.00177115581773092,0.00152529140200249,0.977400713179557
"img_00765.jpg",0.0554692489675541,0.478708892442817,0.0024101219404539,0.017139551463728,1.00650800986416e-05,0.132840685427549,0.00989786304714222,0.303523571630657
"img_00772.jpg",0.0615799155150929,0.0117652745155792,0.331945106531303,0.0016257353378362,1.01177487815408e-05,0.263621686744356,0.00648497759077938,0.322967186016272
"img_00777.jpg",0.600340520669487,0.0475973255111816,0.00361128479612756,0.00168543055944206,1.01638689239611e-05,0.335024532517331,0.00916052852573023,0.00257021355177631
"img_00780.jpg",0.0141521656049997,0.00365917995224574,0.00433286213766255,0.00171513936446005,1.01089059690359e-05,0.0161950744007155,0.0170348404940686,0.942900629139879
"img_00798.jpg",0.908418696352796,0.0436086678670138,0.00247602905965911,0.0249543386893187,1.00537821387689e-05,0.00591246869930372,0.00195709814092007,0.0126626474088494
"img_00808.jpg",0.835445516910431,0.133552980344846,0.00184502729941468,0.00172491501369176,1.00753887814718e-05,0.00805478928017225,0.00183453051125219,0.0175321652514103
"img_00816.jpg",0.947082983140159,0.0116293997009644,0.00157292611869151,0.00161104928724828,1.00447179526354e-05,0.00352835793638026,0.00335266934152531,0.0312125697570788
"img_00833.jpg",0.771054689837826,0.0274988040514118,0.00365497004120489,0.004316476449673,1.00473213751485e-05,0.0669041767242147,0.0270780356833151,0.0994827998909792
"img_00837.jpg",0.797389942285692,0.122807965481193,0.00192086972571645,0.00193442923132411,1.01418997548348e-05,0.070138902545752,0.00173576370528553,0.00406198512528258
"img_00855.jpg",0.866328600230261,0.0366809996305748,0.00400953073821271,0.00211041580694652,1.04480505548028e-05,0.0419909431487725,0.00688826799407562,0.0419807944006023
"img_00857.jpg",0.974261011259711,0.00790962463058883,0.00146690886557856,0.00144860595800479,1.0026831859973e-05,0.00951347546951836,0.00159998995847997,0.00379035702625865
"img_00858.jpg",0.949900417916048,0.00621659034139022,0.0018435473623649,0.00163296673843756,1.01839963741623e-05,0.00986338410737906,0.00406653020594429,0.0264663793320618
"img_00865.jpg",0.905040092669714,0.0542039283925248,0.00175797047458901,0.0029051709589658,1.00288800264449e-05,0.0233854065403782,0.00290667031617125,0.00979073176763088
"img_00902.jpg",0.0040574605952562,0.00325648043316336,0.0015209040756796,0.00175558321753888,1.00433436340524e-05,0.00344510349185741,0.980043899672095,0.00591052517077552
"img_00914.jpg",0.00182392408527955,0.00208361797576355,0.00147619585855628,0.001419712112037,1.00150013653688e-05,0.00142618862341852,0.00143000405071772,0.990330342292862
"img_00921.jpg",0.802770286279728,0.005064605065984,0.00314261351400529,0.00205734206852514,1.00900060715646e-05,0.0649672797431927,0.0665555930360486,0.0554321902864448
"img_00927.jpg",0.0683800235463784,0.0661405778529142,0.00353238391995143,0.00184790594065292,1.00264087383021e-05,0.00823102003439342,0.0099887305132991,0.841869331783672
"img_00943.jpg",0.902559753889057,0.076065968430118,0.00159649650208399,0.00220841126552589,1.00278531030932e-05,0.00250037695159355,0.00197309752835025,0.0130858675801681
"img_00959.jpg",0.9590904986737,0.00359820692213297,0.00155504945301154,0.0014461591623199,1.00306386065951e-05,0.00650908975278294,0.00245675102004049,0.0253342143774052
"img_00962.jpg",0.10951814751859,0.00920871654621957,0.00473463755347056,0.00163652790124419,1.03268649881336e-05,0.0130499609183985,0.0209731822191769,0.840868500477912
"img_00964.jpg",0.00179489016876599,0.00372854802198998,0.979858496383599,0.00170409356657246,1.00159554480588e-05,0.00177259469470886,0.00150139087726648,0.00962997033164922
"img_00974.jpg",0.926447146177216,0.0166773758068137,0.00455885502790767,0.00234294563706986,1.00159510535756e-05,0.0114960254422289,0.00178455731507987,0.03668307864263
"img_00979.jpg",0.00884811869603421,0.00902253317352734,0.0112987551365665,0.00171577524955441,1.00774907442127e-05,0.00413711033556974,0.00401890198881361,0.96094872792919
"img_00982.jpg",0.783991588885566,0.15183606729577,0.00572514016275584,0.00281424822829059,1.01920650267843e-05,0.021915635425677,0.00479850426252615,0.028908623674387
"img_00985.jpg",0.794156417291496,0.0249741376249366,0.00408395711821873,0.00213722985111266,1.00659913942185e-05,0.0225561930758613,0.0127583873361453,0.139323611710835
"img_00999.jpg",0.714138190884466,0.067085120013059,0.001987523698775,0.00294592815999853,1.00244963615098e-05,0.0177478148588714,0.0519761751834478,0.144109222705021
"img_01022.jpg",0.959756453814403,0.00467287312598988,0.00208580101031791,0.00252526359385605,1.00762185466764e-05,0.021057058441521,0.00186607028644705,0.00802640350891854
"img_01031.jpg",0.750777971285896,0.0045312574158296,0.00572379075273954,0.00190001039106927,1.00459826900523e-05,0.228219200973602,0.00501738185634496,0.00382034134182896
"img_01035.jpg",0.695138769961818,0.0242768967528196,0.00308736682247158,0.00225808881977436,1.01653463167199e-05,0.265856849697606,0.00709631926998174,0.00227554332921166
"img_01058.jpg",0.930233598566338,0.0109951656249877,0.00341523603352792,0.00197999433192482,1.05066677508602e-05,0.00501843302821378,0.00243678869362776,0.0459102770536288
"img_01059.jpg",0.0186173506684714,0.00730035641021282,0.00186195944577022,0.00186120478233248,1.00342869790054e-05,0.0180584321868,0.00440011353510021,0.947890548684334
"img_01102.jpg",0.215088413905485,0.453421508326519,0.002467408992429,0.057947370838811,1.00336312418329e-05,0.0038343695411036,0.00199450526907556,0.265236389495335
"img_01103.jpg",0.0175296475084775,0.022418170197838,0.00502002181209551,0.00572051419971975,1.01005569862373e-05,0.00276566393977861,0.0109273947397782,0.935608487045326
"img_01116.jpg",0.797775813938149,0.0825725728018822,0.00921969668710534,0.0164340754645639,1.00216969540123e-05,0.0653517370438616,0.00269992509899536,0.0259361572684887
"img_01134.jpg",0.86223676286624,0.0153366744005508,0.00440192705521955,0.00317708797903602,1.00236921618258e-05,0.0489651500589808,0.0026501407229433,0.0632222332248681
"img_01179.jpg",0.974856596998487,0.00419203439061213,0.00199279455124001,0.00215279382283768,1.00274816573733e-05,0.0131515648775619,0.00159453711811311,0.0020496507594903
"img_01188.jpg",0.0686983796832744,0.382053868522285,0.00376513095972071,0.0191644863856718,1.01623359325709e-05,0.168525822330693,0.0155165041095486,0.342265645672874
"img_01211.jpg",0.915425286193529,0.0704979915258675,0.00171657186246036,0.00308004660541595,1.00587215239833e-05,0.00196336372807503,0.00156068132459537,0.00574600003853255
"img_01213.jpg",0.808413070903803,0.146424994960522,0.00229722979822803,0.00358233063911235,1.00592422298458e-05,0.0117224832474277,0.00205722747991177,0.0254926037287652
"img_01222.jpg",0.727955200216829,0.108355918065241,0.0033150923809039,0.0403344217029751,1.00805381407672e-05,0.0131636734619739,0.00749063443241859,0.0993749792015182
"img_01224.jpg",0.014748911875711,0.0220231899679881,0.188651681348326,0.00457269134148645,1.00212094244804e-05,0.00254040905344345,0.0040321804506937,0.763420914752927
"img_01253.jpg",0.00223714769154016,0.00147782351072066,0.00143762475815366,0.00142111684489174,1.00141843955925e-05,0.0014204849560087,0.00142167194540704,0.990574116108882
"img_01286.jpg",0.0880370210177398,0.00686223760106898,0.00184983952446172,0.00252468652348853,1.0183877230074e-05,0.00387598191686781,0.00153492677720568,0.895305122761937
"img_01289.jpg",0.0251270122379179,0.0186001405780373,0.00177136377204749,0.00202154224633934,1.00397945435318e-05,0.0143489392334376,0.00498098998375183,0.933139972153925
"img_01328.jpg",0.926457880473176,0.0548252991138421,0.00172138860170226,0.00290234365655568,1.00514723355838e-05,0.00728711825806989,0.00149700135820862,0.00529891706611008
"img_01366.jpg",0.590264159993686,0.0119738209841985,0.0108575605600065,0.00886690743278453,1.022913380871e-05,0.361173118917322,0.00246117660256579,0.0143930263756283
"img_01371.jpg",0.97161270824414,0.00391882677301825,0.00157344092860247,0.00159964450547012,1.01191380294854e-05,0.002813788742562,0.00176017312771839,0.0167112985404593
"img_01379.jpg",0.883771294055225,0.0255989345545038,0.0240723102188986,0.00583018418437964,1.00339322166529e-05,0.0366856459580945,0.00181374007334857,0.0222178570233336
"img_01384.jpg",0.317156121524145,0.0493936817567374,0.0291284775080317,0.00543955253990587,1.03064749360643e-05,0.582889731423092,0.00193825055455432,0.0140438782185983
"img_01388.jpg",0.912322825066998,0.0441587759175614,0.00164801544944306,0.00155928495020651,1.00259263737594e-05,0.033006170962197,0.00199388167612856,0.00530102005109134
"img_01392.jpg",0.00353689220772863,0.00863924634086925,0.946280525143991,0.0019562902444796,1.00656189317526e-05,0.00220578380696145,0.00205051369047982,0.0353206829465588
"img_01399.jpg",0.0110505668450238,0.886169168871444,0.00805320578988956,0.0019063583841837,1.00600700577895e-05,0.0246885321396247,0.00283929668735566,0.0652828112124211
"img_01404.jpg",0.941181158707839,0.00500087935171839,0.00158078460704556,0.00285676720484151,1.00190133347295e-05,0.0121398578398477,0.00146426327658064,0.0357662699987929
"img_01405.jpg",0.826278837191732,0.0172460850257501,0.00330151009049666,0.00284926124118741,1.005958121222e-05,0.146017677695262,0.00177387592034287,0.00252269325401689
"img_01413.jpg",0.985989888930099,0.0033747853763613,0.00152829105779425,0.00180657392102491,1.00669869690589e-05,0.00337824564208774,0.00168978373620858,0.00222236434945511
"img_01426.jpg",0.0548215067642273,0.135854997130905,0.00221546348960849,0.00168187417130742,1.00469238837753e-05,0.0053479418666051,0.742975370062394,0.0570927995910692
"img_01431.jpg",0.00250140001612694,0.000449049922782877,0.000162825590369427,0.996031512586628,9.97832171797279e-07,0.000406199293706719,0.000156973491885175,0.000291041266328716
"img_01441.jpg",0.00299359707642504,0.00208129896821274,0.00152869008656781,0.00145537813912964,1.00180910254747e-05,0.00157302041649768,0.0019337382112969,0.988424259010845
"img_01444.jpg",0.26449886708735,0.00627085349469274,0.00193658879032255,0.00340789414017633,1.00420944038577e-05,0.0106729794244107,0.0318558590605626,0.681346915908081
"img_01490.jpg",0.00940359176572762,0.00537095673627845,0.0158225357851367,0.0016989734796098,1.00495586286979e-05,0.00268836340234785,0.00180515390597208,0.963200375366299
"img_01495.jpg",0.64218528657006,0.033173840596555,0.00341499177787009,0.00242772553607256,1.00282722181036e-05,0.00939098727232772,0.00230045411469705,0.307096685860199
"img_01511.jpg",0.879647338584063,0.0290164155832576,0.0646391892360833,0.00270105871820747,1.00469208342936e-05,0.012281860242483,0.00325154865043863,0.00845254206463324
"img_01519.jpg",0.322055629757775,0.054589467987611,0.0046096004723069,0.00738976850251117,1.01012596943328e-05,0.16931089464802,0.113511773055057,0.328522764317025
"img_01530.jpg",0.959354765133478,0.0204310091873559,0.00153444657609474,0.00213072342146323,1.00955451209743e-05,0.00221201118147835,0.00158024280134943,0.0127467061536592
"img_01537.jpg",0.82264159103926,0.037755416217433,0.0224208576515717,0.00155675128793799,1.01498135656086e-05,0.0612867375820905,0.00507864470033433,0.0492498517078064
"img_01538.jpg",0.873958878774219,0.044254629900997,0.00566862900396206,0.00210951648678151,1.00632263407243e-05,0.0572434950703289,0.00214131574342883,0.0146134717939423
"img_01543.jpg",0.956543757081122,0.00435066196598001,0.00146920692348166,0.00163283704320774,1.006017589484e-05,0.00201420476849645,0.0016473550596538,0.0323319169821636
"img_01548.jpg",0.948960220570698,0.00365155364135155,0.00232045104153859,0.00149835360238287,1.00942319448005e-05,0.0310128379774506,0.00460566386891444,0.00794082506571921
"img_01552.jpg",0.956440546308548,0.00173037578029486,0.00143915574776377,0.00142605201118732,1.00174709744771e-05,0.0340394438482991,0.00145782012313467,0.00345658870979793
"img_01562.jpg",0.751168741723631,0.00993839935403598,0.003167966846056,0.00212695188334493,1.00407628086958e-05,0.0100084118911414,0.0519513584857146,0.171628129053267
"img_01571.jpg",0.944986649544143,0.0376111556102262,0.00151315232524437,0.00161956906470781,1.00208541992804e-05,0.00168427343389167,0.00301730396490782,0.00955787520268017
"img_01593.jpg",0.615218655357079,0.204888889160577,0.00423955018420619,0.00408220093823681,1.00607273462982e-05,0.0230911936573007,0.0116109724827978,0.136858477492456
"img_01616.jpg",0.865814466487692,0.106977173306887,0.0020341010865453,0.00246552751551682,1.00478326006116e-05,0.00390250864557681,0.00194738297215647,0.0168487921530257
"img_01618.jpg",0.858437955913279,0.00530430184222314,0.00215105288503535,0.00215001126340727,1.06202680591956e-05,0.10012188863544,0.0250735159910083,0.0067506532015478
"img_01627.jpg",0.906481895544074,0.0469068701257249,0.00153278065889882,0.00159629030159312,1.00156618304104e-05,0.0312962329759104,0.0023377770288447,0.00983813770312324
"img_01633.jpg",0.839616618152691,0.0117189934372135,0.010029499714212,0.00279194082847047,1.00446815136452e-05,0.0811065774733406,0.00535459076617498,0.0493717349463838
"img_01640.jpg",0.97956603955427,0.0073647417101594,0.00155216261770263,0.00294069060226014,1.00542962592689e-05,0.00185998905686438,0.00149029751295948,0.00521602464952497
"img_01646.jpg",0.948581014379268,0.0212920960445151,0.00145651993563848,0.00150841240851097,1.00153181012407e-05,0.0190417934626266,0.00146609295445879,0.00664405549688042
"img_01649.jpg",0.904594126476028,0.0344895592268161,0.00372967939823196,0.00424407070937694,1.04941432176945e-05,0.0189904486345243,0.00991036496809745,0.0240312564437079
"img_01657.jpg",0.0294676720041143,0.00418687940926314,0.25276572241032,0.00152306029010257,1.00699967983938e-05,0.00756360601098152,0.00188296855375468,0.702600021324665
"img_01669.jpg",0.00270947969881552,0.000544226460412562,0.000169809851355195,0.995743576434604,9.98052126845855e-07,0.00030741596742536,0.000186345300514272,0.000338148234746607
"img_01681.jpg",0.100571484919145,0.0106233452299681,0.00596471844799312,0.00194005831227332,1.00434816173967e-05,0.00496007770504184,0.0066324921761682,0.869297779727793
"img_01684.jpg",0.95257469026682,0.0082661092983156,0.00163628406051821,0.00424566094563588,1.00199441021835e-05,0.00814665791382342,0.00164740993993456,0.0234731676308503
"img_01687.jpg",0.786992419218164,0.00848667424771455,0.00210976216315177,0.00193208315193452,1.0029009371559e-05,0.00459768270585921,0.00950033982024491,0.186371009683559
"img_01688.jpg",0.0209148272432192,0.0160841391866098,0.00163112841057096,0.00207648100824512,1.00346954717094e-05,0.0121276092370001,0.00440824658155178,0.942747533637331
"img_01689.jpg",0.00595885457911148,0.00461044593868535,0.00659529107366469,0.00152293065845959,1.00366087469082e-05,0.00735724130860022,0.0048211244760237,0.969124075356708
"img_01724.jpg",0.886747829358126,0.00903280111493982,0.0059253848043078,0.00160023910605397,1.04363073581933e-05,0.0303933308010822,0.00521787740439261,0.0610721011037396
"img_01745.jpg",0.898990402767076,0.0586457389964542,0.0135187793071706,0.00611428846016011,1.01188976085131e-05,0.0116889631432653,0.00299649340429472,0.00803521502397082
"img_01771.jpg",0.899888794910837,0.0401374545523728,0.00494839161081356,0.00658455373108625,1.02238551005551e-05,0.00602443192492166,0.0103059250206513,0.0321002243942165
"img_01773.jpg",0.797689376070038,0.0170569660968821,0.00207023177608451,0.0016275239743809,1.00196929541351e-05,0.00341817510245555,0.0188010878040643,0.15932661948314
"img_01824.jpg",0.826579025511807,0.00847450004462396,0.00265104538815101,0.00285954812858536,1.00806067302381e-05,0.11135925017398,0.00990482150205463,0.0381617286440677
"img_01831.jpg",0.0131648995145502,0.00491290409301876,0.000233578194927576,0.969746734944578,9.71750271437214e-07,0.000907664545417336,0.00016548564702116,0.0108677613102156
"img_01834.jpg",0.00831049328805531,0.00849631113628955,0.306321183333647,0.00190989083034688,1.00813023215857e-05,0.00229076585287202,0.00223420849833683,0.670427065758131
"img_01847.jpg",0.227136141532532,0.0142559746521764,0.00222782679723007,0.00326312550717484,1.00599485725722e-05,0.00882314865884197,0.00550853421797752,0.738775188685494
"img_01853.jpg",0.0607941742072707,0.078759646384967,0.00350024688930271,0.00215929823778424,1.00352589422843e-05,0.00877542830371428,0.0108810705419615,0.835120100176057
"img_01856.jpg",0.915521653471622,0.00724010806578528,0.00422396949902459,0.00190055119543114,1.01849286006776e-05,0.00346300240271519,0.00216185176330217,0.0654786786735194
"img_01860.jpg",0.956880734055393,0.00283106554643546,0.00213619405249179,0.00156071096584362,1.02090802233204e-05,0.0199895510509599,0.0113082542586474,0.00528328099000563
"img_01862.jpg",0.80679933552495,0.00452368964013438,0.0380243487662213,0.00154371155882508,1.03567240523322e-05,0.0998727168762192,0.0243796419925387,0.0248461989170588
"img_01874.jpg",0.873217563079039,0.0035546119610711,0.00164966308356172,0.00150097014327238,1.00257921802264e-05,0.0101230915688414,0.0290727278200245,0.0808713465520092
"img_01888.jpg",0.0702492779677268,0.31317687894302,0.00282842785689494,0.0127442994857541,1.00484406871949e-05,0.320259551441986,0.0103109091691359,0.270420606694795
"img_01918.jpg",0.00439309131452401,0.000733382483333673,0.000196158319525052,0.99316119613354,9.96309516467395e-07,0.000387819017594569,0.000246351706245112,0.000881004715721405
"img_01930.jpg",0.919037316199199,0.0423477695322674,0.00303349340543332,0.00233676526234858,1.00191408134443e-05,0.0278636841758283,0.00204673081352042,0.00332422147058908
"img_01932.jpg",0.870026017599456,0.0111602572535486,0.0038001039960688,0.0104023722381861,1.00363445666874e-05,0.00941436080872563,0.00287023967839618,0.0923166120810517
"img_01955.jpg",0.00198429577248618,0.00178874038253485,0.0014486981298332,0.00143163990542908,1.00146955656111e-05,0.00142136521750138,0.00143056742346515,0.990484678473185
"img_01963.jpg",0.964248708464272,0.0106627157949072,0.00448878346304815,0.00422104420716909,1.00678343987081e-05,0.0060765822444464,0.00222689645670431,0.00806520153505382
"img_01966.jpg",0.951447407853008,0.025323670591445,0.00145189559114032,0.00148198552734423,1.00162650868738e-05,0.0108312485737161,0.00153204263279862,0.00792173296546076
"img_01983.jpg",0.947054485494329,0.00722790700409044,0.00543927142674041,0.00193964759872187,1.01831796552233e-05,0.0138616884967786,0.00186132789818119,0.0226054889015031
"img_01984.jpg",0.17631803514433,0.00985414452488837,0.00179082146442077,0.00316428763960653,1.00352993220078e-05,0.00810732200254694,0.00169082494071564,0.79906452898417
"img_01995.jpg",0.0408344229537791,0.196321007859557,0.00568163707902305,0.425490939559776,1.01445537823675e-05,0.100050774634312,0.00940981039802504,0.222201262961745
"img_01996.jpg",0.0459513777373915,0.0049206521350434,0.00203857814201898,0.00208783373029369,1.0246207273491e-05,0.851325534689432,0.0713174900983993,0.0223482872601473
"img_02001.jpg",0.429624701862325,0.0061169499794288,0.00587434566144088,0.00285210517619055,1.00354346429003e-05,0.243756403420547,0.160380164861203,0.151385293604222
"img_02006.jpg",0.462023279660451,0.0383410520170814,0.129376977957837,0.214143476123748,1.00405440339287e-05,0.01266650350472,0.00189190599090247,0.141546764201226
"img_02066.jpg",0.952298968656907,0.00695952165660508,0.0019766323928354,0.00175977152409306,1.00369027988754e-05,0.00772609336855466,0.00241630961378082,0.0268526658844247
"img_02074.jpg",0.924278167104272,0.0156411521357121,0.00221290095506184,0.00221907964288489,1.00435242668619e-05,0.0514175255938162,0.00165716020307244,0.00256397084091375
"img_02076.jpg",0.195939714054682,0.761337506186037,0.00168687938377131,0.00176711508126085,1.00278501981156e-05,0.00189607761555399,0.00160383964648359,0.0357588401820124
"img_02077.jpg",0.00342135967329095,0.000505155098237096,0.000540285815438367,0.994057323111486,9.95746177818547e-07,0.000507069372931504,0.000200075972853477,0.000767735209584685
"img_02096.jpg",0.98687822540346,0.00241686112768742,0.00143449586925463,0.00148481493657651,1.00154260779577e-05,0.00303038485729511,0.00188557806661349,0.00285962431303445
"img_02119.jpg",0.851680357161353,0.0215049028337423,0.0655885750730065,0.00460213634508829,1.00632627343274e-05,0.015302551576773,0.00326521253141931,0.038046201215883
"img_02124.jpg",0.0136704667707669,0.0021961445629944,0.00362996101979106,0.00156284879461059,1.00440536183018e-05,0.964008878934078,0.00758008857973555,0.00734156728440526
"img_02172.jpg",0.875749381681567,0.026932817717698,0.0130643737793776,0.00158733203955618,1.02467143714001e-05,0.0460716024895725,0.00601557522251662,0.0305686703553406
"img_02180.jpg",0.874127369720006,0.0149732380256808,0.00464356528135278,0.00518750469763976,1.01782327333981e-05,0.0490463484113135,0.00644421899607773,0.0455675766351962
"img_02188.jpg",0.678276279882688,0.00741969681030656,0.00275196404925841,0.00230835568520785,1.00773652502413e-05,0.0675669610746262,0.00970936495418595,0.231957300178477
"img_02209.jpg",0.0318600964062418,0.00275705231417378,0.00350242380743606,0.00246930680853618,1.00614769552077e-05,0.942987712711151,0.00688872180886853,0.00952462466663707
"img_02231.jpg",0.0230213217270697,0.00046761862665687,0.000679293502744762,0.971624154151593,1.0166269403687e-06,0.00217506454085395,0.000199019465706507,0.00183251135843461
"img_02235.jpg",0.00458373643150344,0.0110697511207491,0.000580071075633097,0.96323250705818,9.81906978959109e-07,0.00765291387217652,0.000873653651387582,0.0120063848833917
"img_02252.jpg",0.968643996031092,0.0097160596030016,0.0035985893293212,0.00226960170898228,1.02002307968839e-05,0.00573880060562139,0.00323387878820047,0.00678887370298401
"img_02268.jpg",0.798221318251792,0.0300694541784832,0.0361711534417022,0.0591668613528523,1.01092030380378e-05,0.00668791816645166,0.00544628207337367,0.0642269033323076
"img_02270.jpg",0.957693924244774,0.0160725966702389,0.00506377819487404,0.00237976202233258,1.01899052807508e-05,0.0101251847861489,0.00245725916918022,0.00619730500717046
"img_02281.jpg",0.00293448131630441,0.00035911619920048,0.000182185950424275,0.995895507775717,9.97485561095425e-07,0.000286409598246483,0.000146233606061792,0.000195068068484094
"img_02282.jpg",0.00239345556827189,0.00200999955923379,0.00146932714192333,0.00143671174740079,1.00168524466951e-05,0.00161852431451953,0.00223232328699614,0.988829641529208
"img_02291.jpg",0.976091548674406,0.0114463420726107,0.00146834074579584,0.00180274653542081,1.00273612001555e-05,0.0024982239175718,0.00150958694794049,0.00517318374505458
"img_02299.jpg",0.854475301051027,0.0332336886431285,0.00279444536043031,0.023973201806307,1.00765401516703e-05,0.0150495467315396,0.00522295321360185,0.065240786653814
"img_02305.jpg",0.00319392191963341,0.0161439340699936,0.000483194266782329,0.952915488973737,9.69049583486855e-07,0.00467440596504825,0.000796832474840978,0.0217912532803811
"img_02307.jpg",0.777483655245576,0.0133888854688423,0.00160540964604094,0.00216444107246275,1.00836759139527e-05,0.0768787875433933,0.0222916541042101,0.10617708324356
"img_02309.jpg",0.979738088860293,0.00587806037466418,0.00156021034136404,0.00249985053690688,1.00509753354166e-05,0.0022565620315715,0.00164762664905638,0.0064095502308088
"img_02318.jpg",0.0192847012509403,0.00385548989590428,0.00194550002045205,0.00167031341656364,1.00275980641725e-05,0.00176721599073995,0.00182529011395373,0.969641461713382
"img_02356.jpg",0.016796552224696,0.00230566223924816,0.00231229583417628,0.00415181098601687,1.00171244168279e-05,0.00290535275753248,0.00259335964972085,0.968924949184192
"img_02367.jpg",0.908721109647619,0.0349757986760877,0.00247719673391938,0.00345096935699564,1.01122028070364e-05,0.0204656471433071,0.00776446882894822,0.0221346974103163
"img_02379.jpg",0.107338705889024,0.00973147199273593,0.002217199509952,0.00174010490108974,1.00231982790714e-05,0.00315587586516503,0.00306604398207303,0.872740574661681
"img_02384.jpg",0.746434715146179,0.0165639071194542,0.00235103396015044,0.00207928275931899,1.00444712557994e-05,0.0465851445746098,0.00471424134085189,0.18126163062818
"img_02398.jpg",0.933940585366461,0.0214030427171726,0.00161365173845425,0.00263357690577109,1.00170468125746e-05,0.0278904985666415,0.00153067403557352,0.0109779536231135
"img_02400.jpg",0.964129223870978,0.00713083124991889,0.0053318227047014,0.00153832425617983,1.00194921751673e-05,0.0151979455654083,0.00184763405186034,0.00481419880877851
"img_02406.jpg",0.00224049290930629,0.000344145506284505,0.000496945532703846,0.995834286192841,9.97378483029404e-07,0.000281589429090053,0.000203258812037162,0.000598284239253724
"img_02412.jpg",0.708797056316187,0.00312334128838654,0.00166459159351296,0.00194820006383835,1.00561847956555e-05,0.00198510287570794,0.00234924066559113,0.280122411011981
"img_02422.jpg",0.837801700165734,0.0280210191576774,0.00348106769169386,0.00391755482646319,1.00447599613687e-05,0.0144734473635113,0.0216428871657906,0.0906522788691684
