"image","ALB","BET","DOL","LAG","NoF","OTHER","SHARK","YFT"
"img_00007.jpg",0.113704285305732,0.050607289352708,0.0125461215036291,0.0117449274648875,0.00100292052542352,0.00492739201385171,0.00492733903191772,0.800539724801851
"img_00009.jpg",0.646875583737038,0.156277509442528,0.00494027411202177,0.00551271355815833,0.00100285258790043,0.166082052964727,0.00553465198761995,0.0137743616100061
"img_00018.jpg",0.553132566081621,0.0936560139546823,0.00557730511047515,0.0256234672793132,0.00100331724827398,0.298150461626979,0.00492474854920133,0.0179321201494549
"img_00027.jpg",0.158349399731837,0.0579253560594353,0.011775970032977,0.00620878280079806,0.00101901624457435,0.288238657617095,0.0340329809591964,0.442449836554087
"img_00040.jpg",0.234125145534429,0.0232035626755557,0.00514594448634382,0.00596397497730606,0.00102033312192202,0.018670867062535,0.626562422301272,0.0853077498406358
"img_00053.jpg",0.920705643531586,0.0222800784081127,0.00694363142505017,0.00800930568616282,0.00102409592074673,0.0157824202587357,0.00545526346445155,0.0197995613051549
"img_00071.jpg",0.112171874588513,0.0115944955846472,0.00504634239844804,0.850463643641854,0.00100292140896793,0.00889882698122816,0.0048732380892793,0.00594865730706251
"img_00075.jpg",0.799760691951798,0.0448195763594687,0.00605169003897606,0.0150362214995318,0.00104690492917849,0.116175843915564,0.0101622857225218,0.00694678558296022
"img_00102.jpg",0.513729055304692,0.0257373884984615,0.00793623674090065,0.00582223853468232,0.0010047007186068,0.0353197431292776,0.0129657200895111,0.397484916983868
"img_00103.jpg",0.640593587277037,0.0822657869710861,0.225930948186217,0.00485683990461241,0.00100284771406817,0.0252339758405682,0.00485605111761309,0.0152599629887984
"img_00109.jpg",0.929652257577603,0.00832385609836851,0.00495358426014588,0.00484100594166277,0.00100306027301038,0.0247760725461254,0.00586917091643512,0.0205809923866494
"img_00120.jpg",0.60586749435632,0.03408768633666,0.00742180681394801,0.00773628157940574,0.00100951432621659,0.0333943002114831,0.124031924520359,0.186450991855607
"img_00125.jpg",0.593529327658316,0.0204052645430704,0.0135824814418588,0.00570653339843199,0.00100294271612188,0.0965837090225913,0.0109173941367466,0.258272347082863
"img_00128.jpg",0.0200889280050013,0.0175279141760583,0.44953884691091,0.00492957728700357,0.00100509978233981,0.00801817425976153,0.00711979500653443,0.491771664572391
"img_00129.jpg",0.229833254688458,0.0222563488621205,0.00756396951624753,0.00706567412286455,0.00102324832732829,0.0189948244795751,0.631625932033324,0.0816367479700821
"img_00138.jpg",0.823197470880272,0.118519335784333,0.0115244462901165,0.0140851785433137,0.00100782969996727,0.0150880611784667,0.00639328075121858,0.0101843968723125
"img_00141.jpg",0.0113769859596276,0.0121597028752922,0.0194058448337536,0.00486846937603369,0.0010028616953337,0.00626296514784701,0.00486842022699422,0.940054749885118
"img_00152.jpg",0.0830721251892007,0.0367654329037511,0.00720240369595568,0.00525128640590784,0.0010071469422126,0.056361016805069,0.0509660993168715,0.759374488741032
"img_00161.jpg",0.00994611744520555,0.0047885393426816,0.00478852768897843,0.00478853530782747,0.00100278189475658,0.00492506724586047,0.00478852763046525,0.964971903444225
"img_00170.jpg",0.242954504924132,0.00568400278671926,0.0062038723232337,0.646118405889335,0.00100593811686188,0.0406180394018485,0.00554143902046172,0.0518737975374082
"img_00171.jpg",0.315767905377519,0.0324331922059331,0.266965830613856,0.0832204639371904,0.00102252437740273,0.281098860727868,0.0067349563055173,0.0127562664547134
"img_00175.jpg",0.549921453386274,0.0177440755456114,0.0180586021720684,0.0364075905893541,0.00101099515027191,0.360119972169919,0.00566559549086615,0.0110717154956348
"img_00180.jpg",0.0482883576305819,0.00826140564162585,0.0101109324804458,0.00886936810078618,0.00100507317802343,0.00972313586439488,0.010148276671486,0.903593450432656
"img_00212.jpg",0.117083990353523,0.00685982483538523,0.00482944647673048,0.00505926091553624,0.00100282170367174,0.00666119784434948,0.00482850290637515,0.853674954964429
"img_00223.jpg",0.738318163583592,0.0139106003486675,0.135919654111942,0.0154303518582953,0.00100307500180908,0.0688540623266075,0.00918114417269533,0.0173829485963919
"img_00230.jpg",0.679605914249861,0.132531438251647,0.00487139125045418,0.00537841013123622,0.00100285933451565,0.15682674429418,0.00486837760611501,0.0149148648819911
"img_00232.jpg",0.0120948453281089,0.00653844986845774,0.00490269976557638,0.00504708326902649,0.0010028962364307,0.0132899423962876,0.946667877841526,0.0104562052945866
"img_00244.jpg",0.4324165029848,0.0611762188593982,0.00668591062315821,0.00766325528240975,0.00100297901243007,0.349286462177069,0.00686288916293462,0.134905781897801
"img_00280.jpg",0.93215362796085,0.00559451378301176,0.0134555118129387,0.00511625971612375,0.00105870832637401,0.00588654725361989,0.00661317790238975,0.0301216532446921
"img_00282.jpg",0.576746332645284,0.0358335387154049,0.0300491587960927,0.0887812151096863,0.00102065541726593,0.243977020723062,0.00654511305268302,0.0170469655405206
"img_00285.jpg",0.262544135278813,0.0365252491774649,0.0105686141970818,0.00579588964925825,0.00103059219922707,0.0222359382736252,0.0356102389927421,0.625689342231787
"img_00289.jpg",0.970184265758407,0.00478618399527894,0.00478511145559861,0.00478502521657466,0.00100789015392384,0.00478628916317583,0.00478519452759542,0.00488003972944562
"img_00292.jpg",0.411804807713544,0.133396941127433,0.00626996146573337,0.019079449766116,0.00102037816958975,0.0460131943233204,0.0739374201068173,0.308477847327446
"img_00302.jpg",0.269357224824031,0.0206611487270332,0.0051255417701709,0.00587864040745496,0.001030786569848,0.0162447679614652,0.617537819393752,0.064164070346245
"img_00311.jpg",0.96023135674775,0.0102972707923827,0.00478833831754276,0.00478776218697537,0.00100535872000697,0.0047931537524382,0.00478769889419133,0.00930906058871311
"img_00320.jpg",0.960885907763519,0.00903828441586906,0.00484040364442114,0.00484037594311597,0.0010043090565672,0.00834312687041668,0.0048403830630279,0.00620720924306339
"img_00331.jpg",0.861068834075055,0.00641926100644193,0.00532289515742354,0.00501149417044717,0.00101699717051589,0.039141551163414,0.0179456301581648,0.0640733370985375
"img_00358.jpg",0.571066920692021,0.0221355822802099,0.00578963650036726,0.00511616259270152,0.00100431744719428,0.129718610233236,0.0361608907220532,0.229007879532217
"img_00374.jpg",0.547720207116721,0.192117221227539,0.00558637084211457,0.00645928519491613,0.00100289998805373,0.0133503066199891,0.00492082106125369,0.228842887949413
"img_00375.jpg",0.110544582841204,0.0594324820594077,0.704690553521172,0.0133745337414857,0.00100476713169455,0.0510767841477342,0.0107542481161659,0.0491220484411352
"img_00376.jpg",0.70443567054797,0.0173189019278603,0.0187741966399294,0.0050072934598631,0.00100706594211071,0.193853444109384,0.033560822054669,0.026042605318213
"img_00380.jpg",0.925928553058975,0.0116184334122993,0.00674006164692482,0.00769136125274001,0.00100411951392503,0.0357191423171557,0.00491708579461341,0.00638124300336644
"img_00383.jpg",0.958809224288597,0.0120435220243048,0.00480171941246496,0.00480239386567916,0.00100315257459021,0.0066127413836856,0.00480171926519054,0.00712552718548745
"img_00398.jpg",0.852432646714248,0.0495570413840619,0.00486683329013074,0.00486695806922666,0.00100940159363773,0.00502161312736343,0.00486685212348966,0.0773786536978423
"img_00407.jpg",0.910020213088801,0.0156089276260999,0.00787382537064264,0.0118144037961486,0.00100303670110358,0.0389976573794878,0.00491880886546494,0.0097631271722511
"img_00417.jpg",0.0576542863045174,0.00623556008844129,0.00480627641154943,0.00664820425128174,0.00100276203230802,0.00476826847159326,0.00476825241944845,0.91411639002086
"img_00442.jpg",0.00689385004019259,0.00519906159413547,0.00476374675620962,0.004764470285633,0.00100275711775713,0.00500626348646761,0.00476430347542813,0.967605547244176
"img_00446.jpg",0.876270237277844,0.0185042431448871,0.00562516272156189,0.0137012403708607,0.00100522258910216,0.0420036530956448,0.00549613299304269,0.0373941078070569
"img_00469.jpg",0.75557860051626,0.0203014512965588,0.00687454348749113,0.00525725589537657,0.00100474660268137,0.0288106555430968,0.00643770623516686,0.175735040423368
"img_00473.jpg",0.936143251554827,0.0160711126137746,0.00490331800615964,0.00491048147788414,0.00100917040638897,0.00519855164683891,0.00494209601796057,0.0268220182761666
"img_00483.jpg",0.791010696399922,0.147556790733808,0.00487038330897448,0.00487046294329008,0.0010030548367543,0.00755645259987754,0.00504953093999497,0.0380826282373781
"img_00484.jpg",0.289294526533561,0.115443953579508,0.00811267679277023,0.0149470944598196,0.00100292843761686,0.0155415278573239,0.00561531710606388,0.550041975233336
"img_00486.jpg",0.535975602786647,0.332373134826249,0.058946317929639,0.0142844569720514,0.00102506103137376,0.00828873425580208,0.00842858376513755,0.0406781084330998
"img_00518.jpg",0.938366110395581,0.0140000399609924,0.00523145982872143,0.00531490151518391,0.00107707675234454,0.0091290054346883,0.00529999836545574,0.0215814077470328
"img_00533.jpg",0.325717142999033,0.0262481083563286,0.00707624991371098,0.00544766488453824,0.00100701263298576,0.017894213244271,0.0209664468757969,0.595643161093335
"img_00538.jpg",0.691070905278314,0.102769008224308,0.00534986477260463,0.00528504307814049,0.00100293646388324,0.0146424348563234,0.00495290061091297,0.174926906715513
"img_00543.jpg",0.968515070437175,0.00478577382368625,0.00478240308500513,0.00478240963737199,0.00100366326355353,0.00491395525951632,0.00478240323192567,0.00643432126176648
"img_00550.jpg",0.387589304093276,0.0406190380670613,0.0698435614755881,0.0226589125820983,0.00108528434307197,0.422039589073069,0.0127714218204411,0.0433928885453943
"img_00551.jpg",0.809068538309284,0.0135979803683716,0.00785441908156031,0.0139060363612846,0.00100670300835934,0.124980383456729,0.00522935223336033,0.0243565871810507
"img_00575.jpg",0.78366153545069,0.033399484245571,0.00593458727156378,0.00592678015248268,0.00102756160366194,0.0436205576715482,0.0205552977179023,0.10587419588658
"img_00582.jpg",0.898444777412001,0.0080449564810214,0.0103250775814054,0.00761206122072647,0.0011309851682878,0.0569740729280714,0.0075798914162186,0.00988817779226782
"img_00584.jpg",0.762166468858181,0.00690629299413918,0.0377853275233532,0.0121212686440009,0.0010940969818274,0.0223240663402888,0.0588500677105649,0.098752410947645
"img_00587.jpg",0.146640852538667,0.0325696580944112,0.00910474985136195,0.00535095045724022,0.00100869350990244,0.0864164366007453,0.0411450620857691,0.677763596861903
"img_00590.jpg",0.235138504407541,0.0546323512063936,0.0233952331892464,0.00577254443919503,0.00101039011658634,0.0283679673436686,0.0478127473315667,0.603870261965802
"img_00591.jpg",0.367819656466811,0.011101069838981,0.00536326120262853,0.00571979718475329,0.00100291321427262,0.0513624189614613,0.0071787021514168,0.550452180979676
"img_00598.jpg",0.863337910671465,0.022639130806349,0.00849532566973502,0.028435733471551,0.00101790250027036,0.0443715309611476,0.00832441357234851,0.0233780523471335
"img_00599.jpg",0.339079017706248,0.0410925132702359,0.0156978359458522,0.0078064637360709,0.00101683300280619,0.0152998008686394,0.0444787265374053,0.535528808932743
"img_00612.jpg",0.802460279383278,0.00583829912392536,0.00668697702397626,0.00561029670536908,0.00101628819345514,0.0936220704256131,0.0216512369396404,0.0631145522047424
"img_00620.jpg",0.631766542103007,0.205727307603461,0.0294937218173263,0.00801210701438358,0.00101014979405123,0.108030702566013,0.00735349561339643,0.00860597348836203
"img_00642.jpg",0.11060790836552,0.0290971541756579,0.00600265857404509,0.828575184727304,0.00100287422468895,0.0121023764178044,0.00488014517131979,0.00773169834365999
"img_00646.jpg",0.0136541545127522,0.0121865899754579,0.0104430725094469,0.00480620034930447,0.0010027992225964,0.00818308210503216,0.00489873487929921,0.944825366446111
"img_00648.jpg",0.964186285520139,0.00901737898238995,0.00479337395243263,0.00479379684887814,0.00100485488049235,0.0049569493143224,0.00479284718782286,0.00645451331352313
"img_00650.jpg",0.184279498505831,0.0222513851318261,0.0109458201951374,0.0115270541642043,0.00101864324805474,0.576034278365868,0.17995885417399,0.0139844662150874
"img_00654.jpg",0.804259150677758,0.0234430359174246,0.0340283744806259,0.0127124480632015,0.00107654047712973,0.0523476154071792,0.0212712893464084,0.0508615456302726
"img_00664.jpg",0.878341665169077,0.0426107895431793,0.00861293289245824,0.00491659928723698,0.00100326699061851,0.00940488076115702,0.00903347506300554,0.0460763902932672
"img_00697.jpg",0.00678090616780433,0.00475891061729515,0.00564653061212165,0.00475627573305591,0.00100274974108648,0.00475627460155741,0.00475627757698395,0.967542074950095
"img_00708.jpg",0.331314572528049,0.0666959432124305,0.0115590457299486,0.011829117358022,0.00101577009527103,0.470582451310229,0.0524638589327089,0.0545392408333405
"img_00716.jpg",0.0813771013961302,0.173565386186615,0.00906072563361181,0.00915359120227989,0.00101210128126945,0.628490493336649,0.048852622866856,0.048487978096589
"img_00717.jpg",0.456868557829387,0.317658403403677,0.00513749168642068,0.0165066544105559,0.00100293052555085,0.179340678429114,0.0123373768900596,0.0111479068252351
"img_00718.jpg",0.912459803677858,0.00808555050075533,0.00585997835775898,0.0070123646569225,0.00100286772530763,0.0282913546257346,0.00487589933384482,0.0324121811218178
"img_00724.jpg",0.0876233734347005,0.00571557710560216,0.00971061744384838,0.00529678753050191,0.00101947002277873,0.0360725799760599,0.225937193044452,0.628624401442057
"img_00726.jpg",0.961108071422935,0.00548704535269195,0.00478680069934195,0.00478678068703301,0.00100278019973496,0.00509199851286179,0.00561385017854702,0.0121226729468542
"img_00729.jpg",0.807174874104414,0.081913285973852,0.00992523532976622,0.00605045192859823,0.00123732625904349,0.0439182618999667,0.0116602267215752,0.0381203377827838
"img_00730.jpg",0.285910159315386,0.0118766087078812,0.00645567161866852,0.00514706965257274,0.00100376069399704,0.0115196439733705,0.0205708859633053,0.657516200074819
"img_00757.jpg",0.884695751805001,0.0110639586346959,0.00918334624787005,0.0311092361608416,0.0010050055727229,0.0390888705805392,0.00565782534331766,0.0181960056550118
"img_00760.jpg",0.213020765963132,0.0198502244592158,0.0054375613397299,0.72698664791758,0.00100592973502842,0.014913647229183,0.00618277214124018,0.0126024512148911
"img_00764.jpg",0.00863247495385874,0.00759542700883021,0.0174335264880046,0.0048334796923661,0.00100281628608715,0.00482292317065866,0.00482307290680111,0.950856279493393
"img_00765.jpg",0.0799558831444995,0.545703701542225,0.00627930172107579,0.0434821291214782,0.00100434857892267,0.259166943223482,0.0162887880952269,0.0481189045730896
"img_00772.jpg",0.0138066778677521,0.0226165556268781,0.523751034708551,0.00495447667045981,0.00100282962113373,0.0807602279419471,0.00630059922549087,0.346807598337787
"img_00773.jpg",0.696356297473439,0.0115455084767506,0.0232552196537978,0.00815219112522618,0.00100305081314796,0.227455538751235,0.024816018694559,0.00741617501184427
"img_00777.jpg",0.446245674283483,0.0699349679810478,0.00758235696685576,0.00522046611479069,0.0010124824171283,0.450856559919702,0.0137952848244055,0.00535220749258642
"img_00780.jpg",0.0696149354696332,0.00664980289290571,0.0155297238217149,0.0048917034487436,0.00100288520898984,0.0473756170928046,0.0257440931797177,0.82919123888549
"img_00798.jpg",0.806750446066454,0.0802606402527339,0.0077415584470248,0.0742397695188376,0.00102469343356833,0.0131190937136471,0.00767497771485242,0.0091888208528815
"img_00808.jpg",0.72402472715985,0.185908694176894,0.00624143330093152,0.00622061081943044,0.00100288065017206,0.0187097585867712,0.00488851151400525,0.0530033837919456
"img_00816.jpg",0.752818722892005,0.0116549592068916,0.0050536178560213,0.00493246098162548,0.00101186068075701,0.00709448331751141,0.00841859213365713,0.209015302931531
"img_00833.jpg",0.547858932865065,0.0551796722933379,0.012578817196497,0.00922043693859748,0.00100884626848195,0.225964365364508,0.082351651258457,0.0658372778150557
"img_00837.jpg",0.839832861618868,0.0224306085329795,0.0071846577878697,0.00767452231206787,0.00101668319746115,0.101308620998292,0.00542374335192126,0.0151283022005401
"img_00855.jpg",0.62289501949856,0.161563206870438,0.0164681633528737,0.00674261724283565,0.00101846153578141,0.0816360028955657,0.0161710738456894,0.0935054547582564
"img_00857.jpg",0.942100313075347,0.00953999167732313,0.00488997633919342,0.00488994688210233,0.00100933692647629,0.02710832931935,0.00488994992757003,0.00557215585263788
"img_00858.jpg",0.829194618576006,0.0350362165790608,0.00498772863892833,0.00541212438063084,0.00100476570524669,0.0483213460422699,0.0250402213453976,0.0510029787324598
"img_00865.jpg",0.642700508352371,0.295121024932406,0.00494651698006489,0.00486480636550375,0.00100284334860747,0.0275564461528819,0.00506307057930997,0.0187447832888541
"img_00902.jpg",0.0100653108296218,0.00521775639394955,0.004921235020529,0.00553336584715874,0.00100326569102361,0.0123861556859459,0.954598904346909,0.00627400618486265
"img_00914.jpg",0.00675545287395634,0.00549119850385386,0.00474514958996514,0.0047451494762503,0.00100273862088627,0.00474514940122949,0.00474514940912302,0.967770012124736
"img_00921.jpg",0.662964898160496,0.00660817675360505,0.0130151502150925,0.00530951308151309,0.00101974709601834,0.0964260557623957,0.0898673912438944,0.124789067686985
"img_00927.jpg",0.200379325415386,0.0725840411440944,0.0151814358158624,0.00603270370578666,0.00100922390205267,0.0219985181611818,0.0463430805263482,0.636471671329288
"img_00943.jpg",0.735415656539997,0.215211435649281,0.00482213525841279,0.00482225050516931,0.00100281547837831,0.00538770134454435,0.00482964644746785,0.0285083587767498
"img_00959.jpg",0.944152532520121,0.00510159297640244,0.00483696827533549,0.00483295963741008,0.00101200516317801,0.0237328085845072,0.00516178390335075,0.0111693489396953
"img_00962.jpg",0.0465694610046266,0.00693258338397136,0.0151593377046418,0.00481915771883648,0.00100281244042513,0.00616058363995704,0.00490786299063435,0.914448201116907
"img_00964.jpg",0.0069868752104332,0.0190155675619938,0.896166916857034,0.00645489007360123,0.00100289731800124,0.00698238549842967,0.00524292781938683,0.0581475396611198
"img_00974.jpg",0.861636025717268,0.0630745999497309,0.00790777354467302,0.00876650752798589,0.00100292353910351,0.0141615672576988,0.00516829650759543,0.0382823059559442
"img_00979.jpg",0.0185335068956197,0.00486885544696165,0.0447323758835262,0.00486869296619975,0.00100286198214267,0.00912942570463117,0.00493992981757062,0.911924351303348
"img_00982.jpg",0.348323839425216,0.270725013259286,0.0149972786576588,0.0107147382340734,0.00108581541760487,0.312915431438543,0.0195715704392151,0.0216663131284021
"img_00985.jpg",0.501313807297622,0.0486000657259433,0.00522682651095554,0.00827356017419052,0.00101915490912915,0.0425205321487057,0.0190594210024692,0.373986632230985
"img_00999.jpg",0.653818147774017,0.0283745936885962,0.00495389740097259,0.004994808934592,0.00100390443922225,0.0131964190783366,0.141359462471466,0.152298766212798
"img_01022.jpg",0.854112909197311,0.00839296376946025,0.00832291814695984,0.0119845553880518,0.00103951091623067,0.088105283561308,0.00661445193926688,0.021427407081412
"img_01031.jpg",0.746728795134421,0.0206187037581083,0.0280467957636959,0.00791962309525136,0.00101965069803302,0.169870926033057,0.0173372186347151,0.00845828688271811
"img_01035.jpg",0.369601751913669,0.0165905859814433,0.0112083657067727,0.00715697303978178,0.00100722365602716,0.571291806153199,0.0181450551030058,0.00499823844610181
"img_01059.jpg",0.102904191376114,0.0392875243952823,0.00668357499408416,0.00742073600973488,0.00100403419260703,0.0668718553487307,0.0239157144588748,0.751912369224572
"img_01103.jpg",0.0436835029981545,0.138022577360077,0.00734381695319113,0.0115783215984054,0.00100293997087415,0.0068471916954583,0.0182124222641412,0.773309227159698
"img_01116.jpg",0.830431698232808,0.0183622570459144,0.00505489806644409,0.00989449394062382,0.00100292712247866,0.110230177244639,0.00493444441970355,0.0200891039273882
"img_01134.jpg",0.862702802026968,0.00551213477122545,0.0187249687394799,0.0107596417744574,0.00100295377029239,0.0682910814385611,0.00541241432465432,0.0275940031543612
"img_01168.jpg",0.0165013163828428,0.0630783576617242,0.007434455201776,0.0247446018115241,0.00101230881501079,0.832948260623993,0.030274336234601,0.0240063632685281
"img_01179.jpg",0.940927896330105,0.0057911546562009,0.00783555670571303,0.00950607486085731,0.00101062231673937,0.0245373174121275,0.0049627541042838,0.00542862361397273
"img_01188.jpg",0.167193389155822,0.521601343872626,0.00802978714622305,0.0263108187555285,0.00100664270590186,0.226579085725403,0.00846947109660415,0.0408094615418918
"img_01198.jpg",0.683974804019401,0.0409218602620846,0.0149674599280571,0.00601184716397553,0.00120090973356893,0.0266378945093007,0.198078547626434,0.0282066767571777
"img_01211.jpg",0.816071993444148,0.156253534115058,0.00482403014376876,0.00482485917371445,0.00100552599933101,0.00482623051435749,0.00482365239467621,0.00737017421494603
"img_01213.jpg",0.714473158318574,0.202196060789055,0.0063699371436683,0.0160551110207058,0.00101139322751477,0.0331712908928555,0.00499135402945112,0.0217316945781754
"img_01222.jpg",0.415344147380021,0.186121598670883,0.00793093317560233,0.121838858604445,0.00100294392293185,0.0558847231473583,0.0074802275148628,0.204396567583896
"img_01224.jpg",0.0452915159098041,0.00682322487758748,0.0828527921409374,0.0049288655620861,0.00100292174588629,0.00874357764426231,0.00592360605598297,0.844433496063453
"img_01253.jpg",0.0101132909784477,0.00474094480678695,0.00474094475723499,0.00474094477499862,0.00100273444602171,0.0047409447567359,0.0047409447567586,0.965179250723016
"img_01286.jpg",0.293705873423023,0.0176310091798079,0.00677054460499326,0.00587852698589886,0.00108991498658694,0.01857332662344,0.00546862232963203,0.650882181866618
"img_01289.jpg",0.124425194871253,0.0617952281023212,0.00527335022371867,0.00823335022799631,0.00100332741975162,0.0698474302935469,0.0264726980790208,0.702949420782392
"img_01328.jpg",0.704291208353243,0.238633815636996,0.00538800008993128,0.0120739305437456,0.00100476673302404,0.0180877713151243,0.00492925680298519,0.0155912505249502
"img_01366.jpg",0.505365608030064,0.0193879700195601,0.0222586568608689,0.0308388460511115,0.00100818688434734,0.398644830758651,0.00669665034189186,0.0157992510535058
"img_01371.jpg",0.903350762270786,0.00670804096174812,0.00585707331476285,0.00524706101096061,0.00107046768437773,0.00651950081508804,0.00706725877944788,0.0641798351628286
"img_01377.jpg",0.262254636828945,0.0116107927023622,0.0188868424693586,0.00893580229372229,0.00176673007521649,0.675653848661201,0.00909700740214041,0.0117943395670541
"img_01379.jpg",0.708823855079572,0.0271147565798852,0.189774214753107,0.00696587563045284,0.00100546558999288,0.021825275287251,0.00570513578108635,0.0387854212986525
"img_01384.jpg",0.757222467755907,0.022325208454462,0.0436972091743956,0.011636633868345,0.00106976878448611,0.098752791406165,0.00768445236362581,0.0576114681926138
"img_01388.jpg",0.732770835233494,0.199807763180208,0.00564432828055988,0.00494049252719687,0.00100689751375531,0.0317406770611143,0.0049402069311713,0.0191487992724998
"img_01392.jpg",0.00748333735166677,0.0327901690352124,0.756857700083323,0.00618664407802143,0.00100360885047631,0.00588131966684577,0.00605047415422065,0.183746746780233
"img_01399.jpg",0.0108298516378267,0.796229162826784,0.0217139552627946,0.0050427555300696,0.00100288070326358,0.0103266545110824,0.00488746575754836,0.149967273770631
"img_01404.jpg",0.906500465414229,0.0237495748166786,0.00526105002653285,0.0167715680441056,0.00100529368719015,0.0186477173011477,0.00491716602394061,0.023147164686176
"img_01405.jpg",0.537450183196358,0.023120774246092,0.00608231275921651,0.014071254151318,0.00102181230868686,0.40647638892876,0.00615714773989049,0.00562012666967877
"img_01413.jpg",0.957058002832321,0.00517070174006609,0.00526618626238688,0.00710025299248205,0.00103642124232717,0.0121458327134884,0.00556044471556753,0.00666215750136046
"img_01426.jpg",0.0516955277638956,0.268721731803819,0.00733085529906196,0.00488140146300405,0.00100287466983019,0.00652825951548085,0.548544171549255,0.111295177935653
"img_01431.jpg",0.152273620882749,0.0227955350512013,0.00592949275289286,0.778160801127287,0.00100491459387653,0.0216378781556108,0.00577715420269255,0.0124206032336898
"img_01441.jpg",0.0100902523609368,0.00479190869998368,0.00523186866737737,0.0047871147813131,0.00100278045574488,0.00563917136816568,0.0047870505872025,0.963669853079276
"img_01444.jpg",0.231090816378984,0.012224602738438,0.0058609889621805,0.00550896222721719,0.00100292740883244,0.0296298484505184,0.00743608379647019,0.70724577003736
"img_01490.jpg",0.00941842890843585,0.00790686948425381,0.0588617672340838,0.00484627401228129,0.001002839396813,0.00529335574657605,0.0050433131123554,0.907627152105201
"img_01495.jpg",0.71526507466014,0.10081847719595,0.00582009636947454,0.0065416330060729,0.00100290364270221,0.0347856807431697,0.00495881193376973,0.130807322448721
"img_01511.jpg",0.6615575147577,0.0425768622962627,0.226553362290221,0.00942136730940843,0.00100467925638027,0.0235658122628679,0.00697197911234153,0.0283484227148188
"img_01519.jpg",0.22987340621739,0.0850246901335296,0.0286387919635169,0.0151451822076126,0.00100931695367938,0.567386278769075,0.0185993958560534,0.0543229378991434
"img_01530.jpg",0.679776878140892,0.265770762566782,0.00522628243350982,0.00670749610800696,0.00104743168570611,0.0071867959332223,0.0051132807257041,0.0291710724061773
"img_01537.jpg",0.625120520798659,0.0116541444081552,0.0219119464531963,0.00508218835810179,0.00102778859983731,0.298195233525855,0.00648317051717824,0.0305250073390175
"img_01538.jpg",0.608858572911866,0.259811153731964,0.00569448097182756,0.00484383055135484,0.00100298903311279,0.106344855734346,0.00528988895088666,0.00815422811464282
"img_01543.jpg",0.941642516356918,0.00802697371658105,0.00491852865928571,0.00604344420949905,0.00102041314794836,0.00491710891472024,0.00492440636613769,0.0285066086289104
"img_01548.jpg",0.947418854307354,0.00523356485427181,0.00853102248445259,0.0049431064222432,0.00102006827035299,0.0107456282385693,0.00529364433882227,0.0168141110839335
"img_01552.jpg",0.966446628002737,0.00549882518165602,0.00479492749196943,0.00479385601105022,0.00100424513524323,0.00732168038834146,0.00479573620118077,0.00534410158782234
"img_01562.jpg",0.61950524244021,0.0226684183074623,0.0109504029449529,0.00841689579590525,0.00101641922434539,0.0374944139596576,0.1390563457954,0.160891861532066
"img_01571.jpg",0.895135855580048,0.0654895407945177,0.00481246987309302,0.00481247020429062,0.00100280583527733,0.00481247130225744,0.0058716062219055,0.0180627801886106
"img_01593.jpg",0.214906815476011,0.386345700825452,0.0142422180478377,0.00757519639924546,0.0010047727584971,0.0686370410043126,0.0359295903532178,0.271358665135427
"img_01616.jpg",0.77695593167728,0.0524675966400949,0.00499409760832122,0.00501675525632643,0.00101974561935795,0.0075963748178582,0.00555085331282482,0.146398645067936
"img_01618.jpg",0.762606487736466,0.0107414654128814,0.00490828075540679,0.00690726091212729,0.00100576323234389,0.203520668944704,0.00499417530705377,0.00531589769901673
"img_01627.jpg",0.800723267967007,0.107170131491572,0.00492733643590912,0.00537231016486346,0.00100288311511296,0.0499058755243315,0.00498536876365458,0.0259128265375492
"img_01632.jpg",0.945187344350337,0.00834143524864668,0.00856728306354367,0.00493566543918556,0.00101851840291561,0.0138641949852426,0.00595958070529127,0.0121259778048374
"img_01633.jpg",0.801417066900547,0.00856130675830716,0.00615370857823485,0.00691252145970827,0.00100872082043251,0.0896425388463525,0.0183592764371291,0.0679448601992887
"img_01640.jpg",0.969435165872543,0.00495732775434499,0.00477331335729997,0.0047733644937612,0.00100505020982436,0.00483182007768095,0.00477331603005075,0.00545064220449501
"img_01646.jpg",0.871342151391119,0.0683459415583347,0.00484451515416982,0.0049480436445193,0.00100306683812177,0.0337133316352501,0.00484437663738276,0.010958573141103
"img_01649.jpg",0.851740553958012,0.00999736601608579,0.00938775053387392,0.0152043439319267,0.00118636030135447,0.0655577340179386,0.0378962969118661,0.00902959432894262
"img_01657.jpg",0.00690738358491337,0.00551066440159382,0.740977522447818,0.00484452023882884,0.00100322090141254,0.00484448043199364,0.00581039872913607,0.230101809264304
"img_01669.jpg",0.172623123666024,0.0304116851382893,0.0061473580384407,0.75132931824309,0.00100796580248892,0.0152407999773283,0.0077696571522624,0.0154700919820761
"img_01681.jpg",0.219901971360088,0.0201977767867574,0.00524544312967003,0.00510919761068887,0.00101129519882917,0.0164967118071932,0.00916637086055572,0.722871233246217
"img_01684.jpg",0.828267208323333,0.0406125748430731,0.00537350642723566,0.0196432737453311,0.00100291381674382,0.0230085371335839,0.0049209162327294,0.0771710694779703
"img_01687.jpg",0.482131922699455,0.0132487332068275,0.00742205047514766,0.00496141083858559,0.00100300854026111,0.00739865317764791,0.0315622128383242,0.452272008223751
"img_01688.jpg",0.117833180563376,0.0855413439142143,0.00543601714324837,0.0088865822684005,0.00100331660861679,0.068196973562435,0.0220644068072331,0.691038179132476
"img_01689.jpg",0.0166551732973192,0.00746938051645234,0.0357215197675782,0.00492519354599091,0.00100291830235015,0.0380379859671576,0.0081272216283836,0.888060606974768
"img_01724.jpg",0.875353729470531,0.00644532306949377,0.0142494932984259,0.00511328478790421,0.00103211426794293,0.0599160885841762,0.00726861989229123,0.0306213466292345
"img_01745.jpg",0.816437070408579,0.0560914491410288,0.0517550484416265,0.0282812126757384,0.00104935573043565,0.0202384624011986,0.00896171318424864,0.0171856880171445
"img_01771.jpg",0.810996658074701,0.0816015333248846,0.00841832056152162,0.0128684271140866,0.00100375439127533,0.02279637392958,0.00493790428764292,0.0573770283163078
"img_01773.jpg",0.462462297481845,0.0377834129218464,0.00882776144611376,0.00556763528086352,0.00100548642502125,0.0117491988292553,0.0600321972007343,0.41257201041432
"img_01802.jpg",0.947545739668951,0.00928726804142555,0.0156933673426288,0.00542903834206289,0.00110025057255583,0.00537295852786858,0.00562052523381215,0.00995085227069546
"img_01803.jpg",0.00896013353194708,0.0272068053500846,0.850228247473926,0.00764517153253816,0.00100346483662964,0.00606258398828231,0.00781726397676621,0.0910763293098255
"img_01824.jpg",0.465102673523994,0.00728528699903577,0.0104740434728734,0.00820324701824368,0.00102553893184422,0.425186544532151,0.0235147107174925,0.0592079548043654
"img_01831.jpg",0.20307629267565,0.00534385846787456,0.00747617576636048,0.685026388568126,0.00100433891255326,0.0440836470971602,0.00622435748023006,0.0477649410320458
"img_01834.jpg",0.0343394689919123,0.00762647981042267,0.0696288279114522,0.00535940091998125,0.00100289145412111,0.00766919227363564,0.00489830455192959,0.869475434086545
"img_01847.jpg",0.317095629960217,0.0442060670813939,0.00635569727536396,0.00555561235882551,0.001003689608969,0.0176635918411893,0.0143017449924209,0.593817966881621
"img_01853.jpg",0.186942422118615,0.0688900369985907,0.0164369141001609,0.00702504296204192,0.00100839041965193,0.0262340322699842,0.0457081737753367,0.647754987355619
"img_01856.jpg",0.941037966370484,0.00935746953207501,0.00824204676914992,0.00477524656327773,0.00100276794590097,0.00503256369251811,0.00486705341754266,0.0256848857090518
"img_01860.jpg",0.918151551833423,0.00938364819505753,0.00776339835253776,0.00508292575903669,0.0010362499325783,0.0387858632123971,0.00618761411547096,0.0136087485994983
"img_01862.jpg",0.443139444341614,0.00546443407725008,0.0125934626957127,0.00509252957545672,0.00103051276352061,0.506140701289903,0.00661009813265475,0.0199288171238885
"img_01874.jpg",0.717512731752878,0.115412959297275,0.0058041797772141,0.00496361933695654,0.00100955574075064,0.0663878709437641,0.023321243996108,0.0655878391550533
"img_01888.jpg",0.103472362124916,0.0902058066141722,0.00822070356678476,0.0431158509665079,0.00100678461693413,0.245160395842393,0.0108849318242597,0.497933164444032
"img_01918.jpg",0.18402009002752,0.0188012674881688,0.00585802714679322,0.73606654181699,0.0010029427091632,0.017583535534448,0.0056698590923173,0.0309977361845992
"img_01930.jpg",0.880295649272722,0.0155258771797507,0.0102312991635874,0.0104984336037962,0.0010044594342246,0.0700137180079452,0.00495060455575173,0.00747995878222199
"img_01932.jpg",0.656125075733848,0.019926496936659,0.00674067018481894,0.00648379902886283,0.00100375398986227,0.0265740516235856,0.00664678836906229,0.276499364133301
"img_01955.jpg",0.00812461215883904,0.00474611031821693,0.00474610877706425,0.00474615031383126,0.00100273961415476,0.00474610877080019,0.00474610877113175,0.967142061275962
"img_01963.jpg",0.922213363297291,0.0292924517075607,0.00621617517674303,0.00508308307109007,0.00100281327530941,0.00643883232608922,0.00497537479500483,0.0247779063509119
"img_01966.jpg",0.774807254877511,0.123279318983198,0.00495573550311543,0.00481194522890227,0.00100280146109858,0.0709715043965536,0.00485287974492331,0.0153185598046972
"img_01983.jpg",0.854544539716275,0.0224352711442761,0.0243894955906944,0.00848963881054318,0.0011221745497095,0.0356626159375116,0.0078479608433523,0.0455083034076378
"img_01984.jpg",0.130030149046876,0.0182605862440414,0.00481330366069953,0.0219393585243379,0.00100279717062056,0.0226065573425801,0.00481014639561536,0.79653710161523
"img_01995.jpg",0.0153345822423304,0.620396020179511,0.0106836180765185,0.143802090618387,0.00100547832656395,0.0736604693089481,0.0282046820374088,0.106913059210333
"img_01996.jpg",0.141545119765084,0.0240557837091777,0.00563390956732138,0.00832318590520839,0.00100450695185846,0.717700917938961,0.0180489829776974,0.0836875931846914
"img_02001.jpg",0.19924889743309,0.0874074211725223,0.0205522910838695,0.0050066401470881,0.00100645471028172,0.112898117429186,0.205847077188676,0.368033100835286
"img_02006.jpg",0.540460188613341,0.0188764042690282,0.138124316522445,0.0983147455121122,0.001003785028884,0.0320464494848634,0.00615245887261074,0.165021651696716
"img_02066.jpg",0.891800622603503,0.0306917313418721,0.00806726905224946,0.00663758599715837,0.00101681848648863,0.0429719578995958,0.00538731705987191,0.0134266975592605
"img_02074.jpg",0.93071468964333,0.00644550547191019,0.0100717833779371,0.0101202308625449,0.00101499719597761,0.0280201865856996,0.00522959929482105,0.00838300756777964
"img_02076.jpg",0.0898059709143097,0.746980848430476,0.00647685376832095,0.00603774692188174,0.00100494897514855,0.00765145182015458,0.00500892719220217,0.137033251977506
"img_02077.jpg",0.107816168043158,0.0209401060761416,0.0222977539472769,0.780445983558757,0.0010029896547724,0.0285381354739949,0.008471437642762,0.0304874256031365
"img_02096.jpg",0.964657144873488,0.00525964290154819,0.00474952751197535,0.00474952866928917,0.00100274303454994,0.00730572920606453,0.00475010587691699,0.0075255779261683
"img_02119.jpg",0.718338422167907,0.012160479407638,0.182939372459144,0.0145433270369824,0.00100323904680714,0.0409833336396576,0.0109684829250671,0.0190633433167965
"img_02124.jpg",0.0708308428280281,0.00981444404249785,0.0195049943039355,0.00574653674914588,0.00102167782824898,0.837624866383698,0.0107517111963376,0.0447049266681085
"img_02172.jpg",0.446240175206921,0.117588859832089,0.0173876868503708,0.00507874801397604,0.0010300099523925,0.386950548974785,0.00581726547642419,0.0199067056930413
"img_02180.jpg",0.755363722274556,0.0696833903359123,0.00756292497224943,0.00640322786149067,0.00100982633319824,0.0461563916824817,0.00947278733405138,0.10434772920606
"img_02188.jpg",0.649293333120089,0.0510432633372869,0.00838283143072619,0.00657940020117629,0.00101985107508365,0.0390611317784074,0.0195729746938197,0.225047214363411
"img_02209.jpg",0.128789778633618,0.0132178355497333,0.0185136022023692,0.0118973097960726,0.00102901780136254,0.73255586482375,0.040355908783862,0.0536406824092318
"img_02235.jpg",0.0677631556647424,0.280247627147233,0.0163161724175922,0.277760395372636,0.00100462388927716,0.0900475368812061,0.038842634299952,0.228017854327361
"img_02252.jpg",0.875294908374227,0.0386018240673242,0.00562479454771023,0.00477069438779227,0.00100276289061818,0.0508788811991807,0.00485230902471725,0.0189738255084303
"img_02268.jpg",0.868927351675873,0.0401088290828546,0.0118524845615947,0.0270877987706925,0.00100936475944096,0.0089374743389458,0.00516936566875588,0.0369073311418424
"img_02270.jpg",0.856430657311722,0.036636269547992,0.0247430972820107,0.0109745530325816,0.00103082526887119,0.0369207794213016,0.0076554839324385,0.0256083342030822
"img_02281.jpg",0.130572454769016,0.0186528627505402,0.00742469029783824,0.816009878746352,0.00100291002643044,0.0142444266574572,0.00504989094476973,0.00704288580759592
"img_02282.jpg",0.00683729218887437,0.00475714464335298,0.00475567774959193,0.00475567818770711,0.00100274915363654,0.00579493982430403,0.0047557121301926,0.96734080612234
"img_02291.jpg",0.968150886721799,0.00659815818200008,0.00475664984942339,0.00475662976519558,0.00100275010025343,0.00521308693177548,0.004756631033846,0.00476520741570671
"img_02299.jpg",0.608559078597975,0.0975723631961145,0.0116763389362838,0.01484928697972,0.00100296507702762,0.0664668520629396,0.0123031717048652,0.187569943445075
"img_02305.jpg",0.0134758118589864,0.249427003881822,0.00936852588437981,0.429384422067702,0.00101344564048073,0.0371197432152208,0.0295119204259928,0.230699127025415
"img_02307.jpg",0.395713931943741,0.0377784666814047,0.00518807205549003,0.00570151131982215,0.00101843771240185,0.184067112219156,0.0162563358221887,0.354276132245795
"img_02309.jpg",0.96783451371776,0.00499376413638929,0.00479489782077812,0.00479606620875036,0.00100505459706573,0.00479489436148039,0.00479485133750927,0.0069859578202668
"img_02318.jpg",0.0401089277381601,0.00524453520409506,0.00492197758346027,0.00489001374285854,0.00100288231565882,0.00612638473059544,0.0052172891403839,0.932487989544788
"img_02356.jpg",0.0504261355854409,0.00668722767345693,0.0105250743747993,0.0112578458598004,0.00100462820901925,0.0146299392380127,0.0125212669636259,0.892947882095845
"img_02367.jpg",0.908266305772222,0.0162634565053785,0.00569076812530939,0.00632754351226291,0.00105541752459808,0.0421686339600874,0.00885162936523702,0.0113762452349043
"img_02379.jpg",0.222897619734907,0.00736134943301071,0.00486956745915165,0.00496974990095352,0.00100283066692083,0.010285207827867,0.00495841832951273,0.743655256647676
"img_02384.jpg",0.560477915431971,0.0202335069649481,0.0072730436893083,0.00655382645976882,0.00102210410606688,0.318649775759308,0.0189387554624356,0.0668510721261926
"img_02398.jpg",0.844719250035717,0.0331762750693208,0.00564488329950568,0.0126381158342463,0.00100291056368154,0.0519826723662617,0.00491741002669663,0.0459184828045704
"img_02400.jpg",0.917249924695831,0.0114820582212308,0.0149711538233266,0.00530035249169584,0.00100290311323729,0.0279320858230257,0.00491162817664688,0.0171498936550059
"img_02406.jpg",0.0817036910077729,0.0109142775125604,0.0258545061116661,0.835486070634855,0.00100308014034949,0.0127476926676908,0.00882241727309092,0.0234682646520148
"img_02412.jpg",0.569466962394029,0.0116252395070538,0.00498908127046601,0.00498116776893037,0.00102367174427725,0.00702330644661188,0.00745348956587656,0.393437081302755
"img_02422.jpg",0.550107285037714,0.103305654953476,0.00936950452559062,0.0163480123747887,0.00100770476087225,0.0287717739656838,0.0337059102040791,0.257384154177795
