"image","ALB","BET","DOL","LAG","NoF","OTHER","SHARK","YFT"
"img_00007.jpg",0.346751719402819,0.0737568917097198,0.0172371254259808,0.0164212868661883,0.00993948755493421,0.00968652065183472,0.00968652065183472,0.516520447736689
"img_00009.jpg",0.709812268775444,0.0692204577003963,0.0103055958260331,0.0249991129830236,0.00993881806852662,0.131589770753776,0.0275861721663607,0.0165478037264402
"img_00018.jpg",0.76415868987387,0.118657517360646,0.0103874061310036,0.030271914965228,0.00994338390343518,0.02892673164559,0.00975631405651409,0.0278980420637131
"img_00027.jpg",0.172525719663502,0.0541208917371186,0.0336735134627392,0.0111658340366623,0.0100975374090195,0.575844773114783,0.0400097498014863,0.102561980774689
"img_00053.jpg",0.885825264506354,0.025567493496465,0.0115396483413444,0.0128276551645125,0.0101474313384574,0.0198182019839087,0.0102957427350006,0.0239785624339572
"img_00071.jpg",0.115908543891307,0.0162308990979577,0.00974134104632312,0.814415117945509,0.00993949758672162,0.0135593657051958,0.00956978798638004,0.0106354467406058
"img_00075.jpg",0.463863276754668,0.269646195879028,0.0325161185373921,0.0742784884352186,0.010371329415446,0.10893330231619,0.0231508757933128,0.017240412868744
"img_00102.jpg",0.374067817837532,0.0272643996054304,0.012514915701988,0.00999832227937269,0.00995686230106671,0.03771528669872,0.0145360467340219,0.513946348841869
"img_00103.jpg",0.737918168909618,0.0156952470243243,0.0103276128736346,0.0120993764302722,0.00993876353602266,0.0335761451379957,0.0305738407378841,0.149870845350248
"img_00109.jpg",0.851939057673663,0.00954295736446447,0.00954295736446447,0.00954295736446447,0.00994085072576592,0.0122504770880431,0.0103993909137402,0.0868413515053948
"img_00120.jpg",0.124319467927655,0.0385199546775097,0.0121455241290689,0.0124566004714403,0.0100042480236944,0.0378839805501571,0.127705714729192,0.636964509491283
"img_00125.jpg",0.242788724810381,0.0830067720538553,0.0210175700247936,0.0106097208730869,0.0099397059537745,0.252361319710398,0.060422692125493,0.319853494448217
"img_00128.jpg",0.0245496977983151,0.0217757284800123,0.261947153272716,0.00964194290767326,0.00996088472142471,0.0126969142305049,0.0118099033911834,0.647617775198171
"img_00129.jpg",0.365739846373227,0.0363544190449253,0.0142865431891377,0.0120631490457216,0.0101391100851632,0.0493049207223363,0.134910567474126,0.377201444065362
"img_00138.jpg",0.794798234208338,0.0318150077849071,0.0397293441205768,0.0465602224361983,0.00998770325395953,0.0469114522304641,0.0113083336252843,0.018889702340272
"img_00141.jpg",0.016012604701948,0.0167869468493003,0.0239697495596285,0.00956242101044418,0.00993891027513951,0.0109444941929955,0.00956242101044418,0.9032224524001
"img_00152.jpg",0.0246486284015043,0.0138181774913583,0.0531985394960748,0.0114698932882337,0.00998093492521611,0.0419395171551615,0.0106925074261968,0.834251801816254
"img_00161.jpg",0.0145943165770608,0.00948287626646942,0.00948287626646942,0.00948287626646942,0.00993812704086182,0.00961819473207393,0.00948287626646942,0.927917856584126
"img_00170.jpg",0.239041377810975,0.0104137845538619,0.0109418434074926,0.61660155769124,0.00996910377078018,0.0465629130448835,0.0102863818237229,0.0561830378970434
"img_00175.jpg",0.358528039435758,0.0223518068424063,0.0416571246822793,0.0784757348308112,0.010018781364621,0.397785893919955,0.0104251009819258,0.0807575179422442
"img_00180.jpg",0.105504586785217,0.0508946560827583,0.028734213534305,0.152459336009105,0.0099606308003666,0.0146100382285499,0.0436163195747055,0.594220218984993
"img_00212.jpg",0.0855871532648468,0.0111196994594778,0.00952328250157936,0.00952328250157936,0.00993851717451308,0.0113397756778008,0.00952328250157936,0.853445006918623
"img_00223.jpg",0.584254925497899,0.0183481393095611,0.165758634409864,0.0415425519278391,0.00994100602747292,0.0987957216319993,0.0140392088704484,0.0673198123249163
"img_00230.jpg",0.767653856228016,0.117504893339499,0.0108101020518437,0.0151546306587657,0.00993888731123928,0.0440510799360234,0.00974939145477314,0.0251371590198394
"img_00232.jpg",0.0166896167012089,0.0118925872812249,0.0106510005943864,0.0100423654571881,0.0099392461813748,0.0177262546166246,0.864720831000454,0.0583380981675387
"img_00244.jpg",0.388964691078425,0.210027644363875,0.0114599015877823,0.0116663217870035,0.00994004353540515,0.0724596865630024,0.0469873858219362,0.248494325262571
"img_00280.jpg",0.77863202773192,0.0101334017047704,0.0185394059395611,0.0101334017047704,0.010487158133496,0.0108911629338246,0.0116161088642714,0.149567332987386
"img_00282.jpg",0.349896085824868,0.0430765016016834,0.0450942153753314,0.172651114292855,0.0101136147723322,0.268264597690788,0.0141385797893566,0.0967652906527846
"img_00285.jpg",0.485303459046692,0.0404362634798019,0.0319305741667732,0.0108186387269889,0.0102112094510273,0.032219269019041,0.042856971483476,0.3462236146262
"img_00292.jpg",0.296587836099405,0.0467711889878007,0.0162718519797649,0.0124894964230252,0.0101108603364496,0.0723905275066925,0.0236757733676001,0.521702465299262
"img_00311.jpg",0.932006560914699,0.00949392733789926,0.00949392733789926,0.00949392733789926,0.00996343548452362,0.00949392733789926,0.00949392733789926,0.010560366911281
"img_00320.jpg",0.924675020051495,0.0136771269755642,0.00954146939923091,0.00954146939923091,0.0099531262740346,0.012696441435414,0.00954146939923091,0.0103738770657999
"img_00331.jpg",0.788334215161182,0.00985591222030979,0.0101637895160921,0.00985591222030979,0.0100777306123431,0.0711542519380606,0.0541440367057515,0.0464141516259507
"img_00358.jpg",0.35538276195036,0.0227795917364692,0.00980350286149357,0.00980350286149357,0.00995319035275969,0.0747156841466588,0.0402796641467944,0.477282101943971
"img_00374.jpg",0.371240164005929,0.0533594354107744,0.0103330056599179,0.011131122313262,0.00993928575801567,0.0139804957364407,0.00966735275739797,0.520349138358263
"img_00380.jpg",0.578921228854504,0.0220856603773323,0.0115469813341231,0.0125126403559425,0.00995126406880963,0.344119383067606,0.00976283554855025,0.0111000063931315
"img_00383.jpg",0.927140853186694,0.0113499619923614,0.00949766926245753,0.00949766926245753,0.00994176733936583,0.0112924866467097,0.00949766926245753,0.0117819230474964
"img_00398.jpg",0.860905144813155,0.0147132546778427,0.00968937775766772,0.00968937775766772,0.0100031407355822,0.0098375500051789,0.0166460296438117,0.0685161246090938
"img_00407.jpg",0.688742128114716,0.0121790120111255,0.0120141304065416,0.113546396101756,0.00994062855576405,0.0591609769000336,0.00977823792514096,0.0946384899849226
"img_00417.jpg",0.0382651549434774,0.0104407479707177,0.00946264995419889,0.00946264995419889,0.00993792810483842,0.00946264995419889,0.00946264995419889,0.903505569164171
"img_00442.jpg",0.0115562551145817,0.00986771311825758,0.00945814006551743,0.00945814006551743,0.0099378834919082,0.00969854676973901,0.00945814006551743,0.930565181308961
"img_00446.jpg",0.771929112553372,0.0203875191829861,0.0105023189551743,0.0201227884611573,0.00996209885063745,0.0849575073034131,0.0108899835579185,0.0712486711353412
"img_00469.jpg",0.686180235472179,0.0630344111769939,0.0117560139876457,0.0142924621707109,0.00995741047582317,0.0565178130173363,0.0122520197007964,0.146009633998515
"img_00473.jpg",0.909395558975715,0.0102346702190329,0.00962290568716942,0.00962290568716942,0.0100008652511983,0.00962290568716942,0.00962290568716942,0.0318772828053761
"img_00483.jpg",0.825260125365684,0.0997691232873106,0.00958715395050243,0.00958715395050243,0.00994080758224052,0.0122429064651675,0.00976313393046295,0.0238495954681298
"img_00484.jpg",0.297393066375106,0.497491438977175,0.0128477990158111,0.0196048870730901,0.00993956518118442,0.0202024941083444,0.0103651312563248,0.132155618012964
"img_00518.jpg",0.631038026215746,0.0103977013316911,0.0138745862570424,0.0103977013316911,0.010667347071658,0.0852680675581439,0.0103977013316911,0.227958868902337
"img_00533.jpg",0.434830306738909,0.0540699214073007,0.0119025577718132,0.012446994580043,0.00997967729136567,0.0226183780492599,0.0282733864977905,0.425878777663518
"img_00538.jpg",0.69936763812692,0.0208839047827151,0.01016877177586,0.0101156329066307,0.00993964433341555,0.0121735417598441,0.00976238001933248,0.227588486295282
"img_00543.jpg",0.931401499554587,0.00948089510688772,0.00948089510688772,0.00948089510688772,0.00994678327974116,0.00961126886523414,0.00948089510688772,0.0111168678728867
"img_00550.jpg",0.385812904405261,0.0678865473037123,0.131838903197177,0.0391593418813587,0.0107478616302918,0.263500212610558,0.0176069667705193,0.0834472622011214
"img_00551.jpg",0.534177518944528,0.00982498586281869,0.0453312611728919,0.113074219391727,0.00997663786014381,0.210820301684433,0.00999124912102716,0.0668038259624296
"img_00575.jpg",0.567207394301582,0.0161524705368229,0.0106844300022187,0.0107991385195803,0.0101814399462528,0.0344749093442926,0.0245606396349461,0.325939577714305
"img_00582.jpg",0.829858410100474,0.0158111391361066,0.0156582707586655,0.0130091543666373,0.0111958887062321,0.0854684305067882,0.0130156987015536,0.0159830077235428
"img_00584.jpg",0.909185528202647,0.011199434890608,0.011940012968691,0.0171959857771608,0.0108337758231814,0.0170320203250961,0.0107154900057203,0.0118977520068955
"img_00587.jpg",0.10950878974819,0.0353563793939199,0.0195678330015048,0.0102755964329997,0.00999618713759549,0.142557284296649,0.0463198246514407,0.6264181053377
"img_00590.jpg",0.519286030875676,0.0921883110991061,0.0282456396237438,0.0107173216568404,0.0100128490628843,0.0352369867877188,0.052432528007366,0.251880332886664
"img_00591.jpg",0.21978123303475,0.0153271526904347,0.0171523154878535,0.00977646683752358,0.0099393121060916,0.0768031341894711,0.0188943428403809,0.632326042813494
"img_00598.jpg",0.702792314908164,0.0495596772438405,0.0133734096753164,0.116432482865176,0.0100866060544356,0.0538367203149702,0.0132241931891336,0.0406945957489634
"img_00599.jpg",0.737276002542655,0.0447781493612895,0.0203686330291505,0.0125481121276964,0.010076118027677,0.0199738062156525,0.0488885399861581,0.106090638709721
"img_00612.jpg",0.585141204650898,0.0106548788085097,0.0114955155210678,0.0104294667874851,0.0100707683167393,0.264691355017024,0.0401352806147409,0.0673815302835349
"img_00620.jpg",0.588233477803174,0.0712161272437108,0.0378007857210711,0.0467651879673874,0.0100103957599589,0.155296256304458,0.0229013358253074,0.0677764333749323
"img_00642.jpg",0.208498371978961,0.0499278384473865,0.0304754603158037,0.561854733505737,0.00993902551287146,0.103573484208575,0.00979203125775459,0.0259390547729109
"img_00646.jpg",0.0149969209361881,0.0113841371862561,0.0151080811131227,0.00952380508600136,0.0099382970620786,0.0128707120456415,0.00952380508600136,0.91665424148471
"img_00648.jpg",0.93147761971391,0.00949677289822128,0.00949677289822128,0.00949677289822128,0.00995848685848627,0.00965460926591431,0.00949677289822128,0.0109221925688044
"img_00664.jpg",0.821356716276555,0.0893360658242987,0.00992304943673225,0.00961540633493732,0.00994288654956576,0.0140125446691318,0.0136889681319704,0.0321243627768085
"img_00697.jpg",0.0114558546345821,0.00945076194810014,0.0103329474623459,0.00945076194810014,0.00993781091788866,0.00945076194810014,0.00945076194810014,0.930470339192783
"img_00708.jpg",0.370184085938077,0.056875903194403,0.0415706741541104,0.0278885803606283,0.0100656773316736,0.159357052032246,0.130488273834392,0.203569753154471
"img_00716.jpg",0.273495917073295,0.0950374758640384,0.0207184515739125,0.0140717021450227,0.0100296530054296,0.306365608677822,0.0786509728944221,0.201630218766057
"img_00717.jpg",0.571985044270018,0.15533886857681,0.00989247340237401,0.0215101126485348,0.00993958544327432,0.185985129940427,0.0187072188688691,0.0266415668496935
"img_00718.jpg",0.771542695297769,0.0157728403158573,0.0106796442990156,0.0173570778740545,0.00993896824413817,0.105774747319836,0.00972587346067554,0.0592081531886539
"img_00724.jpg",0.491410851572908,0.0131216062868938,0.0151335469361624,0.0102634562104406,0.0101020101836912,0.0407580682043014,0.181683153506924,0.237527307098678
"img_00726.jpg",0.93103929368131,0.00952007094418893,0.00952007094418893,0.00952007094418893,0.00993810968709346,0.00979213861379572,0.0103377431846058,0.0103325020006279
"img_00730.jpg",0.0633784848236489,0.0165073840075547,0.0111601450913059,0.00970214334752246,0.00994773670014841,0.0161939507398481,0.0251474338905546,0.847962721399417
"img_00757.jpg",0.844352451397816,0.0121385712298428,0.0130863851948524,0.0371776517679459,0.00995996473589064,0.050212869023014,0.0104039484901144,0.0226681581605234
"img_00760.jpg",0.254129363749882,0.0246158874401226,0.0103326673975029,0.494323573829769,0.00996904382731934,0.169895345231544,0.0110711921565518,0.0256629263673089
"img_00764.jpg",0.0114828865036027,0.0103658059040814,0.0277447628579907,0.00954430557078708,0.00993846221217723,0.00954430557078708,0.00954430557078708,0.911835165809787
"img_00765.jpg",0.110625467396706,0.0842790660198116,0.014248793647787,0.0920644579958285,0.00995351418128702,0.502086295334729,0.0388898221318269,0.147852583292024
"img_00772.jpg",0.0112496663666336,0.0198144104350733,0.485170640869053,0.00969831924655563,0.00993839443313334,0.0314042466203251,0.0108328594212426,0.421891462607984
"img_00777.jpg",0.599050790643914,0.147604797635383,0.0256789515955724,0.0201923420292744,0.0100333727526398,0.156269720923591,0.0312667785336651,0.00990324588596057
"img_00780.jpg",0.0120546436004053,0.0110132943809714,0.0201657235470542,0.00963498678576253,0.00993913905880844,0.0186661480136939,0.00995972703230148,0.908566337581003
"img_00798.jpg",0.649258951882681,0.119419742080126,0.0136916758837629,0.113272021223299,0.0101532961975727,0.0318445751127375,0.0155957280115064,0.0467640096083141
"img_00808.jpg",0.854643546990466,0.0222050224509956,0.0109645071279185,0.0108126406771824,0.00993909344649461,0.0161201046687279,0.00965568840922914,0.0656593962289861
"img_00816.jpg",0.907777994137994,0.00968099921162818,0.00974903154521063,0.00968099921162818,0.0100272904119512,0.010846176516425,0.0131314692984106,0.0291060396667521
"img_00833.jpg",0.440893691177649,0.0325930695662958,0.0223335072389917,0.0144387036772985,0.00999759573565317,0.181698875296173,0.131220590417235,0.166823966890704
"img_00837.jpg",0.823237009147324,0.0274021735479425,0.0147637174577424,0.0158814877059923,0.0100746479285415,0.0693425742605675,0.0134954896597315,0.0258029002921584
"img_00855.jpg",0.442031750085084,0.139303202180496,0.0283420606083979,0.0562650978878622,0.0100921074035416,0.171805994379232,0.0334718565867562,0.11868793086863
"img_00857.jpg",0.927318450436247,0.0138035677759537,0.00962365482964951,0.00962365482964951,0.0100025059838956,0.00981648754915892,0.00962365482964951,0.0101880237657961
"img_00858.jpg",0.806114356758498,0.0107627249381094,0.00972704991018364,0.0101885173617802,0.0099573475973365,0.0507919373377222,0.0117676183135101,0.0906904477828602
"img_00865.jpg",0.851332382458856,0.0741549145889057,0.009589628709742,0.009589628709742,0.00993870206397936,0.0133246950127709,0.009589628709742,0.0224804197462621
"img_00902.jpg",0.014775469280233,0.00997207136147263,0.0096797468527441,0.0102863165962322,0.00994287780388325,0.0170774211296987,0.906320138553194,0.0219459584225425
"img_00914.jpg",0.0114319994228817,0.0101790460191806,0.0094396852176038,0.0094396852176038,0.00993770187925553,0.0094396852176038,0.0094396852176038,0.930692511808267
"img_00921.jpg",0.667558792239159,0.0112181051088901,0.0178816897955291,0.0102461295931266,0.010104730586885,0.120284360119014,0.04668877952746,0.116017413029937
"img_00927.jpg",0.558179404665535,0.0696946708682026,0.0216833223871726,0.0109399295747228,0.0100013941339572,0.0267474439875413,0.0577390030190438,0.245014831363825
"img_00943.jpg",0.86739033235275,0.0591564073447576,0.00954539951184075,0.00954539951184075,0.00993845672698981,0.0100955842068105,0.00954539951184075,0.0247830208331696
"img_00959.jpg",0.908008348632522,0.00966289527463349,0.00966289527463349,0.00966289527463349,0.0100287087174846,0.00966289527463349,0.030433784534639,0.0128775770168209
"img_00962.jpg",0.0367330641643236,0.0281495718603299,0.112658641528712,0.00968610285267235,0.00993842634875117,0.0105024158164733,0.00968610285267235,0.782645674576066
"img_00964.jpg",0.0116620940265424,0.0235831851610839,0.859724093772446,0.0111348677308287,0.00993926034026002,0.011657644495352,0.00993374692191322,0.0623651075515734
"img_00979.jpg",0.0231086763006924,0.00956618882715086,0.0525139443811546,0.00956618882715086,0.00993891330979067,0.013788809683596,0.00963678725509961,0.871880491415365
"img_00985.jpg",0.58702917067049,0.0426957949970368,0.0100316106024738,0.0130526774219576,0.0100989170783387,0.0366443172516645,0.0235800507845612,0.276867461193478
"img_00999.jpg",0.652008836533117,0.0149996555218956,0.00975736540730326,0.00975736540730326,0.00994909188109388,0.0160591517331292,0.0254842247949466,0.261984308721211
"img_01022.jpg",0.808670494212909,0.0215887901431387,0.0133034924394766,0.0169350889055841,0.0102987579786674,0.0887721633160769,0.0116143289089673,0.0288168840951801
"img_01031.jpg",0.504841998011652,0.0282788274029121,0.0690605242192422,0.0236002463869549,0.010103786001041,0.316504280886078,0.0229813472373438,0.0246289898547766
"img_01035.jpg",0.774746415378234,0.0466498758122429,0.0157897064836401,0.0120341133110533,0.00998174893794859,0.106698200317792,0.0242460223704675,0.00985391738862274
"img_01059.jpg",0.553740309877017,0.043745332734412,0.0114404482591852,0.012171008116772,0.00995042644388422,0.0729854417727542,0.0285178698602236,0.267449162935752
"img_01103.jpg",0.165994479959436,0.10714740836402,0.0121280106614662,0.0201817800988986,0.00993967925090605,0.0116360113305434,0.0224892972983288,0.650483333036401
"img_01116.jpg",0.642118059310365,0.0299396373058965,0.00985930344484824,0.0146541941550197,0.00993955347179791,0.0172061749249634,0.0102474002920835,0.266035677095026
"img_01134.jpg",0.58003397852122,0.00987440831448722,0.0850340458449396,0.139816225118624,0.00993981317657692,0.0652213239039595,0.0103208228278939,0.0997593822922981
"img_01179.jpg",0.895397414344531,0.0105901888282708,0.0136737978883317,0.0142971043417928,0.010015129032945,0.0359954013378316,0.00979452775969284,0.0102364364666039
"img_01188.jpg",0.227409935212019,0.0742114817751337,0.0168498067371242,0.0512002455237087,0.00997604287183754,0.431889400998178,0.0133606375605153,0.175102449321484
"img_01211.jpg",0.912117375088024,0.0280746079895972,0.00955453904184257,0.00955453904184257,0.009965078984195,0.00955453904184257,0.00955453904184257,0.0116247817708132
"img_01213.jpg",0.640588926479992,0.151893074573534,0.0342414599839636,0.033453311658913,0.010022686090858,0.054292948848168,0.0252636874140839,0.0502439049504871
"img_01222.jpg",0.224331476433205,0.306011219307158,0.0125671021492227,0.0243470177747116,0.00993967155152183,0.0601498106258101,0.01220864063597,0.350445061522401
"img_01224.jpg",0.0496454055897482,0.0115141557273864,0.093356260443388,0.00964489449214791,0.00993950099082555,0.0134257309829291,0.0106309796231005,0.801843072150474
"img_01253.jpg",0.0147597948948713,0.00943549857561505,0.00943549857561505,0.00943549857561505,0.00993766062447595,0.00943549857561505,0.00943549857561505,0.928125051602577
"img_01286.jpg",0.756652107063788,0.0242177686795498,0.0120174733731933,0.0111341206921241,0.0107932758840526,0.0284514375949857,0.0107281979279873,0.146005618784319
"img_01289.jpg",0.57274391951427,0.0659964077320218,0.0099853262857774,0.0129188369699809,0.00994348418627196,0.0739815185975091,0.0309949564190759,0.223435550295093
"img_01328.jpg",0.723874924573086,0.125660694890543,0.0384663254377606,0.0261224269168291,0.00995762121859312,0.0227980402893239,0.0131576597698278,0.0399623069040365
"img_01366.jpg",0.215985141902569,0.021260151702033,0.051823733871185,0.121501652503711,0.00999118787698887,0.400583283592208,0.0115111352730629,0.167343713278242
"img_01371.jpg",0.854488548933948,0.010361592444868,0.010860271247311,0.0102587997313267,0.0106025294533764,0.0111118797748466,0.0120616324085992,0.0802547460057238
"img_01379.jpg",0.888204772351428,0.0159209311682814,0.0165220630836574,0.0117651126554365,0.00996448284784052,0.0264701110737348,0.0105184968941904,0.0206340299254305
"img_01388.jpg",0.822907853047953,0.0711118730898135,0.0104615733277859,0.00978483348703249,0.00997854808590437,0.0338743671469548,0.00978483348703249,0.0320961183275231
"img_01392.jpg",0.0121512613911889,0.0372266177689877,0.721663670496313,0.010872221046681,0.00994624660037879,0.0105630251806736,0.0107370959806652,0.186839861535112
"img_01399.jpg",0.01551836558904,0.508891499200474,0.0304207170280113,0.00980015610703881,0.00993909744357877,0.015036403352469,0.00964632553542082,0.400747435743967
"img_01404.jpg",0.814659431598542,0.0274924412340865,0.0112000712688783,0.0655995141277294,0.00996279308719631,0.0352328004746803,0.0118912583763587,0.023961689832528
"img_01405.jpg",0.835301434364065,0.0640112690912162,0.0108949535026956,0.0220099244564032,0.010125009356619,0.0361509282289862,0.0110287986501957,0.0104776823498194
"img_01413.jpg",0.916790431169701,0.0100454073272571,0.0101639119092729,0.0119815909328543,0.0102684303672207,0.0169182823770684,0.0104539762607158,0.0133779696559101
"img_01426.jpg",0.0834278949681847,0.586006681485406,0.0121657764885596,0.0136576481296864,0.00993903769172402,0.0112757261822023,0.102802495586247,0.18072473946799
"img_01441.jpg",0.0147330354552197,0.00948140342284399,0.00992223870493739,0.00948140342284399,0.00993811269668109,0.0103259047958656,0.00948140342284399,0.926636498078764
"img_01444.jpg",0.188467690251667,0.0276547114024719,0.0228983280069147,0.0136310143955612,0.00993954889514119,0.0422955509582066,0.113621865080293,0.581491291009744
"img_01490.jpg",0.0128674010182549,0.0121756738944931,0.0754482834724333,0.00954620221346408,0.00993869110505824,0.00989722717242003,0.00973950498541551,0.860387016138461
"img_01495.jpg",0.816867554590587,0.029871300856278,0.0105114714372798,0.0109739421965266,0.00993928002314973,0.0289425804435011,0.00968827423950061,0.0832055962131771
"img_01511.jpg",0.86739888689074,0.024522335182685,0.0199379331305621,0.0148325554554627,0.00995675514940761,0.0406753972198854,0.0118420115212507,0.0108341254500061
"img_01519.jpg",0.383061667572901,0.0551988129240059,0.0185626846206025,0.0199412634980397,0.0100022782205556,0.418036703361319,0.0189515684593692,0.0762450213432074
"img_01530.jpg",0.879365397995695,0.0147532455006804,0.0101253949896354,0.0115926226853474,0.010376498907309,0.0120662707205721,0.0100133354366402,0.05170723376412
"img_01537.jpg",0.557401110484306,0.0132796073731485,0.0433471060946342,0.0125032607133881,0.0101836393409711,0.0246201212143515,0.0152352950253355,0.323429859753865
"img_01538.jpg",0.779292197360373,0.0388858039511848,0.00968233933910552,0.00968233933910552,0.0099401523872599,0.117535789936608,0.00993315689369498,0.0250482207926683
"img_01543.jpg",0.926849191203837,0.00968950036024882,0.00969224788568187,0.0108081260366108,0.0101112714217529,0.00968950036024882,0.00968950036024882,0.0134706623713708
"img_01552.jpg",0.93134415001044,0.0101648787274616,0.00949494521878513,0.00949494521878513,0.00995249842160226,0.010483729356348,0.00949494521878513,0.00956990782779291
"img_01562.jpg",0.151267909648066,0.0271548619199581,0.0157680814278834,0.0132574240700215,0.0100720565632639,0.0420692533138543,0.142712765733319,0.597697647323633
"img_01571.jpg",0.918744706019446,0.00965174225773027,0.00950671504643249,0.00950671504643249,0.00993836188414657,0.00950671504643249,0.0105563768912579,0.0225886678081213
"img_01593.jpg",0.597297705132622,0.032216276509153,0.018736887141131,0.0115990602120202,0.00995767153733045,0.0723058201928275,0.0404124138954686,0.217474165379447
"img_01616.jpg",0.870345104061938,0.0508022566652025,0.00986403943229001,0.0098869998059686,0.0101047177026163,0.0130140845074805,0.0104058338235839,0.02557696400092
"img_01618.jpg",0.744155124206137,0.0300476856706684,0.00980463559528481,0.0117694287865687,0.00996740779478833,0.169327101789845,0.0148749222178754,0.0100536939388324
"img_01627.jpg",0.710043107013465,0.104054698786778,0.0170568346690373,0.0177924242643417,0.00993911696321824,0.0796671164449315,0.00978722910544651,0.0516594727527822
"img_01633.jpg",0.577781892482832,0.013181327189257,0.0109637352363654,0.0117166220103927,0.00999645523967278,0.281122880239048,0.0230604936112431,0.0721765939911888
"img_01640.jpg",0.932482421646211,0.00947831802846184,0.00947831802846184,0.00947831802846184,0.00996040523538171,0.00953504187140029,0.00947831802846184,0.0101088591331601
"img_01646.jpg",0.805878507900009,0.0297155062222208,0.00967258446363005,0.0100111176027636,0.00994092577658341,0.110626865303481,0.00967258446363005,0.0144819082676819
"img_01669.jpg",0.214319197537912,0.0350529781729509,0.0110068984258906,0.624712147372403,0.00998903986877032,0.0683113966953211,0.0126146139026074,0.0239937280241453
"img_01681.jpg",0.181337238080776,0.00970089261104165,0.00977135333214989,0.00970089261104165,0.0100217247188972,0.021127486103022,0.0138233143302619,0.74451709821281
"img_01684.jpg",0.599242327982575,0.14399476240586,0.0101843074121716,0.0261784878064353,0.00993942282230363,0.0229387492586487,0.00973565804434109,0.177786284267665
"img_01687.jpg",0.424597666087695,0.01293526908207,0.0201378241183338,0.00968954503367149,0.00994033819287263,0.0116790905950059,0.0178160828086113,0.49320418408174
"img_01688.jpg",0.553032922012775,0.0895362108225471,0.0101478340509175,0.0135675200941868,0.0099433793351203,0.072347143003291,0.0266274162180129,0.224797574463149
"img_01689.jpg",0.0211474186506363,0.0119508392458821,0.0414409463337994,0.00969029649964772,0.00993946724125993,0.042505943361203,0.0128525850248018,0.85047250364277
"img_01724.jpg",0.57742900387913,0.0101309468350785,0.0742993367268389,0.0102531509212448,0.0102261505973957,0.0338687414781026,0.0121420355775729,0.271650633984636
"img_01771.jpg",0.799885993411776,0.0447358785890685,0.011400278365121,0.0213616020564479,0.00994765644018085,0.0228975577983504,0.0143071236872255,0.0754639096518299
"img_01773.jpg",0.208884921687672,0.0247511638653861,0.0135295150077494,0.0103149307129711,0.00996468933809702,0.0164474337162491,0.0643022769093972,0.651805068762478
"img_01824.jpg",0.640727330937538,0.0121423236813769,0.0152907462948576,0.0130612965777623,0.0101615999607056,0.217051923650319,0.0282289688853644,0.0633358100120767
"img_01831.jpg",0.205919082994221,0.0100954104816815,0.0122208354624394,0.631917161480301,0.00995341775585286,0.0667896480551681,0.0109804020463648,0.0521240417239707
"img_01834.jpg",0.0388279400296686,0.012353897341871,0.0969216682133751,0.0101071052178307,0.00993920341020425,0.0123962356343718,0.00965013414966504,0.809803816003013
"img_01847.jpg",0.225657248463748,0.0468894328718953,0.0110459141365152,0.0102116226495225,0.00994703301480768,0.0221626512594144,0.017507249800859,0.656578847803238
"img_01853.jpg",0.585049054497601,0.0655606402111508,0.0211879572365888,0.0118606444156006,0.00999321014761513,0.0308962812009459,0.0502114081081838,0.225240804182314
"img_01856.jpg",0.931072074437688,0.00959316794731473,0.00946537660978508,0.00946537660978508,0.00993795480813122,0.00946537660978508,0.00946537660978508,0.011535296367726
"img_01862.jpg",0.663706281890547,0.0101188418275898,0.062600084236279,0.0110809580026303,0.0102104284916682,0.0818707770484057,0.025311434049023,0.135101194453857
"img_01874.jpg",0.803708162275021,0.00978525544938329,0.010607605773788,0.00978525544938329,0.0100046443163049,0.0667862143167606,0.0370836054164968,0.052239257002862
"img_01888.jpg",0.0937665123281115,0.282145659521379,0.0160520695124179,0.0893727914124869,0.00997743982424474,0.34981943318445,0.0157165990547376,0.143149495162172
"img_01918.jpg",0.187086646160374,0.0233637661118953,0.010543553404144,0.701090271836287,0.00993970572943689,0.022163730219769,0.0103570666820599,0.0354552598560333
"img_01930.jpg",0.562674366730642,0.0210337883359539,0.0150390210618297,0.0173441756146368,0.00995460311040476,0.332636060485332,0.00981925878315961,0.0314987258780413
"img_01932.jpg",0.619847462528735,0.12382517925904,0.0115317707525934,0.00995365203964757,0.00994764951292123,0.033881918151955,0.0114569320302256,0.179555435724883
"img_01955.jpg",0.0127889262204354,0.00944064022582777,0.00944064022582777,0.00944064022582777,0.00993771122066799,0.00944064022582777,0.00944064022582777,0.930070161429758
"img_01963.jpg",0.839282819991031,0.00954872605517291,0.00954872605517291,0.00970803694325969,0.00993836518676216,0.010653193334551,0.00954872605517291,0.101771406378877
"img_01966.jpg",0.792370489179718,0.045619249255015,0.00955383797087512,0.00955383797087512,0.00993831692611252,0.0113893311780991,0.00955383797087512,0.11202109954843
"img_01983.jpg",0.767899980097081,0.0273951563811437,0.0296129591911946,0.0186430011218286,0.0111095436226929,0.0763806962263776,0.0132457250517556,0.0557129383079255
"img_01984.jpg",0.0998876291399776,0.0244074402991858,0.00957402758998803,0.00957402758998803,0.00993826925891524,0.014408247695361,0.00957402758998803,0.822636330836596
"img_01995.jpg",0.0231936452138488,0.202787413523258,0.0229534824054698,0.220316571146643,0.00996460774405276,0.0773572377707322,0.0375176303212207,0.405909411874774
"img_01996.jpg",0.257005475766413,0.0296438762189802,0.0105190033133941,0.0153507848859319,0.00995507042100846,0.533992242533422,0.0556600351173978,0.0878735117434529
"img_02001.jpg",0.115123543126354,0.0144981963682525,0.0459162076628745,0.00987447710587261,0.00997418167739279,0.482037477706991,0.0187421802232652,0.303833736128997
"img_02006.jpg",0.503019945346397,0.0154362274787589,0.145242361920343,0.048932752674986,0.00994792127206618,0.115043243521991,0.0109970046704346,0.151380543115023
"img_02066.jpg",0.808813368864101,0.00993713292389813,0.0127446515234071,0.0115483804158158,0.0100759757460196,0.0965442192956446,0.0102732038842389,0.0400630673468746
"img_02074.jpg",0.581222669870505,0.018721474698359,0.0353066269727554,0.0841988990182155,0.0100580915258171,0.0967352815795829,0.0102039779352377,0.163552978399528
"img_02076.jpg",0.0995118079092496,0.718957114965804,0.0112121054187463,0.0107736607350569,0.00995941210581923,0.012376002495084,0.00971811288811647,0.127491783482123
"img_02077.jpg",0.129565449333585,0.0255398940979482,0.0281555054653839,0.558259286738989,0.0099401093777224,0.0343604875886928,0.0132792286183648,0.200900038779313
"img_02096.jpg",0.929872990854475,0.00944404377330573,0.00944404377330573,0.00944404377330573,0.00993774488217813,0.0119759190777803,0.00944404377330573,0.0104371700923439
"img_02119.jpg",0.552915541216293,0.0196529667168871,0.194044237812296,0.0380525552492186,0.0099426169148217,0.0807632147258688,0.0158242461211704,0.088804621243444
"img_02124.jpg",0.202427217051091,0.0147215222387222,0.0245069913443951,0.0149420160429413,0.0101236898723777,0.532491826281791,0.151492631517112,0.049294105651569
"img_02172.jpg",0.743892895529935,0.0108194454128602,0.0251009424770055,0.0104789668954236,0.0102054857025481,0.0219244088614094,0.0174119060382888,0.16016594908253
"img_02180.jpg",0.75193016280201,0.0379238317937053,0.0169264665611114,0.0210479349104485,0.0100072752617342,0.106132403564448,0.0138915931765992,0.042140331929944
"img_02188.jpg",0.679030147196351,0.0489928463681551,0.0132036770312507,0.0114481996716501,0.0101057070674187,0.024153751119567,0.01890455775898,0.194161113786627
"img_02209.jpg",0.173929352132803,0.0181477082035718,0.0274343944952958,0.0205139308145689,0.0101957532010264,0.421450776386362,0.270128458167943,0.0581996265984291
"img_02235.jpg",0.0426254024611373,0.127674387272868,0.0302833319911613,0.177927593535925,0.00995595313672967,0.0964827031645722,0.0844581085012512,0.430592519936355
"img_02252.jpg",0.900797389544942,0.0185214237841678,0.00952315621421245,0.00952315621421245,0.009937928495167,0.00952315621421245,0.00952315621421245,0.0326506333188738
"img_02268.jpg",0.846348786447432,0.0217217776106917,0.0153589549720083,0.0262436921713318,0.0100026204106851,0.0355606909238383,0.0107132913499428,0.0340501861140697
"img_02270.jpg",0.82002069967401,0.029033457077486,0.0295650085725769,0.0159252161380833,0.0102134983145754,0.0477301172868026,0.0126361278258243,0.0348758751106415
"img_02281.jpg",0.133471239535425,0.023223756579795,0.0120960304277046,0.780954734011813,0.00993938509029063,0.0188547448183775,0.00974249556074434,0.01171761397585
"img_02282.jpg",0.0115130417545956,0.0094501680472819,0.0094501680472819,0.0094501680472819,0.00993780518673313,0.0104801348052546,0.0094501680472819,0.930268346064289
"img_02291.jpg",0.931706114710433,0.010928591610425,0.00945111591492833,0.00945111591492833,0.00993781444553441,0.00962301557389378,0.00945111591492833,0.00945111591492833
"img_02299.jpg",0.224214236870866,0.300833309008655,0.0163960075731999,0.0191964024639439,0.00993992545956872,0.0706864596188592,0.017016999033034,0.341716659971874
"img_02305.jpg",0.0384679326081839,0.144349280539534,0.0192381317852982,0.241809072883156,0.0100426988679488,0.047955811457256,0.0505783382420066,0.447558733616617
"img_02307.jpg",0.344285258232555,0.0211751920625337,0.0100620298886322,0.0105708317017548,0.0100918752815571,0.0583344019943719,0.0250018012751412,0.520478609563454
"img_02309.jpg",0.930888274286427,0.00949968481327725,0.00949968481327725,0.00949968481327725,0.00996044813147708,0.00949968481327725,0.00949968481327725,0.0116528535157101
"img_02318.jpg",0.0442948661875867,0.00993190737824973,0.00961524624509926,0.00958300571096109,0.00993911293112395,0.0108092314950302,0.00990826762467397,0.895918362427275
"img_02356.jpg",0.279508663432657,0.0405885124807499,0.0153552832628077,0.0637250202226745,0.00995626121591259,0.0194233660720011,0.0192651191817595,0.552177774131438
"img_02367.jpg",0.871086859059301,0.0208374560830019,0.0107374233371287,0.0113519314185562,0.0104548596438553,0.0468077803637412,0.0132173049545678,0.0155063851398485
"img_02379.jpg",0.353098908538775,0.0103536604521443,0.00954762637409868,0.00954762637409868,0.00993859971475053,0.0149370657399289,0.00966609143867528,0.582910421367528
"img_02384.jpg",0.654658334025161,0.0188362287466225,0.0119993165817552,0.0114074834568751,0.0101278492066536,0.0632300148815115,0.0209161736519941,0.208824599449426
"img_02398.jpg",0.696053662993112,0.0431939647515222,0.0104493051587722,0.0173800952040616,0.00993939136526948,0.146486975475922,0.00972845667385321,0.0667681483774874
"img_02400.jpg",0.711122425752058,0.0458842677364268,0.0261144495790862,0.0307248312632271,0.0099393174080261,0.0378486645719195,0.00982099066328878,0.128545053025967
"img_02406.jpg",0.0902439437925422,0.0156819993704664,0.0304882196239128,0.750382960830536,0.00994105312145181,0.0174927039504521,0.0136092737339861,0.0721598455766525
"img_02412.jpg",0.62998858315202,0.00977322384940985,0.00977322384940985,0.00977322384940985,0.010143264149349,0.0117993687997445,0.0122139247074746,0.306535187643182
"img_02422.jpg",0.568253869741385,0.0876015634572438,0.0140897299938055,0.0210404738186482,0.00998646471606272,0.0316876884379176,0.0380797370874072,0.22926047274753
"img_02486.jpg",0.884709880320792,0.0323420139077562,0.0107822520497231,0.00957569503989033,0.00993904108267551,0.014905555574459,0.00960482775198942,0.0281407342727144
"img_02487.jpg",0.847069411892517,0.0702761503822847,0.00958044932981371,0.00958044932981371,0.00994763249586102,0.0109903409873651,0.00958044932981371,0.0329751162525314
"img_02522.jpg",0.905614869694147,0.0186303863338044,0.0097863409337872,0.0114381879663094,0.0100998981659988,0.021727442257364,0.0111454340614182,0.0115574405871708
"img_02556.jpg",0.268220277600096,0.0434113439552068,0.00994343103224854,0.00969962405110198,0.00994012471816048,0.0112560494901607,0.0147637843310527,0.632765364821972
"img_02565.jpg",0.596205851280326,0.0139484852858021,0.0227879113433273,0.011680507038385,0.0101671876167331,0.113772171199115,0.0539364009049636,0.177501485331347
"img_02574.jpg",0.845504363546639,0.0175122460788221,0.0134340428618311,0.0181343958928464,0.0113549926464153,0.0491661389687164,0.0206853395803197,0.0242084804244096
"img_02602.jpg",0.788427574397955,0.0604140671762031,0.0152430244386381,0.0216757611397086,0.00998393774957805,0.0674728061631903,0.0132131488016085,0.0235696801331182
"img_02622.jpg",0.840952377804335,0.0154228592453287,0.0108188190319757,0.00982258307760756,0.00996947725933032,0.0169671271166697,0.0164871154622587,0.0795596410024945
"img_02625.jpg",0.367114228176132,0.0275542123104298,0.0136466809349396,0.0111794747777783,0.00999110725751258,0.433233702720103,0.061815027202191,0.0754655666209133
"img_02636.jpg",0.915661459337177,0.0125395591193806,0.00950818333964618,0.00950818333964618,0.00994074967470103,0.00954792429531134,0.00950818333964618,0.0237857575544914
"img_02638.jpg",0.860725412947906,0.0420757677537741,0.0111819347152379,0.0105898237100923,0.0100058265521805,0.0309111228461522,0.0122315364007038,0.0222785750739527
"img_02646.jpg",0.0134757300782478,0.0109496854277361,0.00968327682346308,0.0114146420098401,0.00993878725929726,0.00958831967743321,0.00954993139393583,0.925399627330047
"img_02656.jpg",0.89628817901053,0.025570335186057,0.0101023826017438,0.0106625933298542,0.00993888127794468,0.00993111351344798,0.00955948009751705,0.0279470349829051
"img_02679.jpg",0.113570040671671,0.173177491661676,0.0275768077630853,0.0154310453228938,0.0110287941878802,0.0162678712165132,0.0212013235706786,0.621746625605602
"img_02687.jpg",0.0720656410242958,0.0104534448855529,0.0106917174985394,0.00958361961749247,0.00993911899906676,0.0118730000769955,0.00958361961749247,0.865809838280565
"img_02699.jpg",0.819147853316466,0.00986036834175638,0.00986036834175638,0.00986036834175638,0.0102534889645656,0.0122395521419017,0.0102770015999572,0.11850099895184
"img_02709.jpg",0.771550326238676,0.0110826326853914,0.0139213496807999,0.0579133265959452,0.00997323596407939,0.100599245662997,0.0103597342781809,0.0246001488939302
"img_02726.jpg",0.831397283228902,0.0218266492341474,0.0278526972685605,0.0153782647749355,0.0108361127809736,0.0567197263673425,0.0109968362264653,0.0249924301186728
"img_02734.jpg",0.85653160736149,0.0316579159063724,0.0145571196254325,0.0112513922259417,0.0109144899312185,0.0481091398132952,0.0117331441728516,0.0152451909633983
"img_02739.jpg",0.930027970941565,0.00952898400296892,0.00952898400296892,0.00952898400296892,0.00997851661313453,0.00952898400296892,0.00952898400296892,0.0123485924304563
"img_02749.jpg",0.220995204343125,0.011531148402297,0.0112369974157245,0.635812170283193,0.0099662470837617,0.0439308941409605,0.0100623066948527,0.0564650316360859
"img_02759.jpg",0.0208666576389686,0.0156905158434035,0.0504345419489741,0.00965809408028251,0.00994505816855555,0.0431839080836077,0.0105663496948784,0.83965487454133
"img_02766.jpg",0.930208372193952,0.0101503110425631,0.00954979932003659,0.00954979932003659,0.00996507824272196,0.0107340109446852,0.010292829615968,0.00954979932003659
"img_02769.jpg",0.0210770334913441,0.0125249892171451,0.0307257215338821,0.00963357676357132,0.00993852513903753,0.0214955853626092,0.0106306624219734,0.883973906070437
"img_02771.jpg",0.888159406649007,0.0292025491790977,0.00959740518168903,0.010975773994942,0.00993866750039848,0.0309278259824289,0.00959740518168903,0.0116009663307475
"img_02799.jpg",0.92200699215187,0.0168063023519766,0.00949505022600679,0.00949505022600679,0.00994110226295982,0.0118214581829215,0.00949505022600679,0.0109389943722518
"img_02808.jpg",0.682614378688242,0.0149826861697534,0.0118503124681609,0.103825955776585,0.00994073528149268,0.0791579276247605,0.00979013184936411,0.0878378721416418
"img_02811.jpg",0.607100763286899,0.0184871732357893,0.0648739248931091,0.0901396095922504,0.00996832601456638,0.0970554707767522,0.00982986311429459,0.102544869086339
