"image","ALB","BET","DOL","LAG","NoF","OTHER","SHARK","YFT"
"img_00007.jpg",0.286572298907616,0.0872372501661951,0.021103947437963,0.019877194309127,0.00996381560271953,0.00975031880628504,0.00975031880628504,0.55574485596381
"img_00009.jpg",0.761961086115489,0.0795351771419797,0.00999237244781999,0.0179889072445251,0.00996280593481731,0.0813246437430047,0.0193214812294974,0.0199135261428671
"img_00018.jpg",0.72084971376772,0.150874112936679,0.0107308824265566,0.0406365541974098,0.00996968973139893,0.0258545589549467,0.00978173992601941,0.0313027480592695
"img_00027.jpg",0.212821244343142,0.0769632335030314,0.0285668819124572,0.0118514659987378,0.0102039750899151,0.504953838579121,0.0520301655634583,0.102609195010137
"img_00053.jpg",0.861367423663999,0.03389840846002,0.0125805060597227,0.0145378703907077,0.0102805977917422,0.0251612978075835,0.0106901616755361,0.031483734150689
"img_00071.jpg",0.0971241747535107,0.0112594985939259,0.00566924009937912,0.859319927227413,0.00570807856493931,0.00895817666668137,0.0055214602439588,0.00643944385019194
"img_00075.jpg",0.575364326393306,0.183229596611823,0.0228066372264148,0.0533278938977305,0.0106293160067581,0.1166109161136,0.0221812209404568,0.0158500928099099
"img_00102.jpg",0.301401086126682,0.0361978996465855,0.0139999792822372,0.010212515208893,0.00999002803012317,0.0519264472318669,0.0170417742351122,0.5592302702385
"img_00103.jpg",0.806259159903736,0.0137415851021567,0.00999782107216014,0.0108858385116207,0.00996272365305051,0.0396977325958825,0.0201453395485344,0.0893097996128585
"img_00109.jpg",0.881652867303879,0.009592801312363,0.009592801312363,0.009592801312363,0.00996587031439231,0.0136643025122915,0.0108806849030784,0.0550578710292702
"img_00120.jpg",0.171450879573762,0.053293957660744,0.0135049068730568,0.013974203541386,0.0100617536108517,0.0523345129892689,0.187841573000429,0.497538212750501
"img_00125.jpg",0.277255584254645,0.0569130081737254,0.0240132797685105,0.0109857850644973,0.00996414441687801,0.165304719767544,0.0411310196797363,0.414432458874463
"img_00128.jpg",0.0321785775806679,0.0280029118206707,0.218387155948039,0.00973788177175763,0.00999610317631535,0.0143365408363525,0.0130013203037883,0.674359508562409
"img_00129.jpg",0.415816646012947,0.0407410318238324,0.0148238888505903,0.0131981789440802,0.0102677915521599,0.044024007423424,0.188220877870107,0.272907577522859
"img_00138.jpg",0.817804483952422,0.0358844561425319,0.0314009733178608,0.0374212464009124,0.0100366717683222,0.0380645456225875,0.0120378100607244,0.017349812734639
"img_00141.jpg",0.0193279825843681,0.0204923046675474,0.0312925637563114,0.00962930953879066,0.00996294532561189,0.011707432668878,0.00962930953879066,0.887958151919702
"img_00152.jpg",0.0321663395323952,0.0125185079728654,0.0333734211884153,0.0109876799665519,0.0100264221912684,0.0299654740248826,0.0105491544253932,0.860413000698228
"img_00161.jpg",0.0171950974751236,0.00950970070208134,0.00950970070208134,0.00950970070208134,0.00996176483194125,0.00971316118204331,0.00950970070208134,0.925091173702567
"img_00170.jpg",0.173934003865542,0.00532272008026694,0.00571215986728658,0.73458841036204,0.00490143049090766,0.0312352830214944,0.00522876143957772,0.0390772308728842
"img_00175.jpg",0.26421733472157,0.028767144157544,0.0388011077179365,0.0758031959132078,0.0100838208726015,0.521212702179337,0.0107609474275725,0.050353747010231
"img_00180.jpg",0.100962025986905,0.0337530812612751,0.0244733094263077,0.0853188902948406,0.00999571969469988,0.0170006697850722,0.031977715341479,0.69651858820942
"img_00212.jpg",0.112608973945529,0.0119699834429266,0.00956961507067316,0.00956961507067316,0.00996235232688536,0.0123008894705367,0.00956961507067316,0.824448955602103
"img_00223.jpg",0.535664981638707,0.0224117960116927,0.218121988132927,0.0361545566516533,0.00996610419750401,0.110602128219066,0.0161590340088664,0.0509194111395841
"img_00230.jpg",0.793147320230981,0.100450247613517,0.0102522814185686,0.0129381192562628,0.00996291035674327,0.0371721931392616,0.00972064421099552,0.0263562837736708
"img_00232.jpg",0.0201944825087111,0.0118308666132305,0.0102090870299289,0.010047327128459,0.00996345105506662,0.0217532261413156,0.878924542339222,0.0370770171840667
"img_00244.jpg",0.409080866294775,0.163112885934452,0.012339302242788,0.0126496991271002,0.00996465318464885,0.104065515430562,0.0303653498091428,0.25842172797653
"img_00280.jpg",0.818536056009849,0.0104494745881435,0.0233000425676327,0.0104494745881435,0.0108129116516647,0.011621422953733,0.012742619401575,0.102087998239258
"img_00282.jpg",0.286676241413626,0.0567874332484313,0.0428169798855336,0.176277583383457,0.0102286226397613,0.355779101993816,0.0136330433627181,0.057800994072656
"img_00285.jpg",0.480097864425302,0.0564922282998161,0.0268714732902877,0.0113352784522217,0.0103791143935791,0.0387565705224023,0.0564628480588235,0.319604622557567
"img_00292.jpg",0.282058565307941,0.0659084045426631,0.0144352646921075,0.0139084320838743,0.0102243971382413,0.0647991111351569,0.0308762667943449,0.517789558305671
"img_00311.jpg",0.931235874192434,0.0095264409144441,0.0095264409144441,0.0095264409144441,0.009999957277722,0.0095264409144441,0.0095264409144441,0.0111319639576236
"img_00320.jpg",0.920205976950974,0.0158207722735555,0.00959780151773257,0.00959780151773257,0.00998438782533271,0.0143451236434715,0.00959780151773257,0.0108503347534688
"img_00331.jpg",0.779250450314277,0.00998809588569574,0.0104543081174714,0.00998809588569574,0.0101736662503289,0.0695186449665892,0.045279255637838,0.0653474829421041
"img_00358.jpg",0.398132589205826,0.02937862068838,0.00985328896207636,0.00985328896207636,0.00998448480869362,0.0982941850526296,0.0557112639322848,0.388792278388033
"img_00374.jpg",0.497254973534707,0.0754179770914089,0.0107210274061598,0.0119211203086702,0.00996351117700087,0.0162055977812685,0.00972011441868806,0.368795678282096
"img_00380.jpg",0.714254573900022,0.0224687758740402,0.0124681399698541,0.0139210408556784,0.00998157738494777,0.205326487750042,0.0097837690545236,0.0117956352108923
"img_00383.jpg",0.923921123837215,0.012317523264004,0.00953196185344659,0.00953196185344659,0.00996725229808026,0.0122310892450603,0.00953196185344659,0.0129671257953006
"img_00398.jpg",0.832550464764917,0.017301417797911,0.00972271226854074,0.00972271226854074,0.0100600736852427,0.00994623562497541,0.0132208351295062,0.0974755484603661
"img_00407.jpg",0.783287860509796,0.0133876776679421,0.0131397355881041,0.0686007803113662,0.00996553506876116,0.0483135475076709,0.00977749373261443,0.0535273696137451
"img_00417.jpg",0.0527853694684391,0.0109499103739787,0.00947928857059205,0.00947928857059205,0.00996146500973492,0.00947928857059205,0.00947928857059205,0.888386100865479
"img_00442.jpg",0.0126271267982271,0.0100883208499,0.00947250761881963,0.00947250761881963,0.00996139777313355,0.00983397092386278,0.00947250761881963,0.929071660798418
"img_00446.jpg",0.763370830384219,0.0257459567270062,0.0108648137836183,0.0237231197469975,0.00999793722575328,0.0840010142627412,0.0109308613740979,0.0713654664955665
"img_00469.jpg",0.736277321848378,0.0437740885898925,0.0127235800923211,0.0120591649339334,0.00999085602088441,0.0526279107994338,0.0125155492698248,0.120031528445332
"img_00473.jpg",0.899026218111637,0.0106357145085548,0.0097129516866901,0.0097129516866901,0.0100566216353145,0.0097129516866901,0.0097129516866901,0.0414296389977337
"img_00483.jpg",0.841772640399417,0.0743330334578138,0.00964455646578243,0.00964455646578243,0.00996580488883766,0.0136382025315421,0.00990919021864191,0.0310920155721829
"img_00484.jpg",0.42639493484235,0.344305895272744,0.0144988521576645,0.0246593323075088,0.00996393257622435,0.025557940460553,0.010765720921977,0.143853391460978
"img_00518.jpg",0.767720226856498,0.0107672236553446,0.0125766591991766,0.0107672236553446,0.0111029714035759,0.0497311539373259,0.0107672236553446,0.12656731763739
"img_00533.jpg",0.288738003570217,0.0529235378019789,0.0129846060851239,0.0116316266420195,0.0100245190404069,0.0291305606989743,0.0350590413445928,0.559508104816686
"img_00538.jpg",0.776872910279796,0.0265063366573209,0.0103941700889454,0.0103142660586613,0.00996405146677104,0.0134087092358292,0.00978308559106771,0.142756470621609
"img_00543.jpg",0.930327661799008,0.00950675573274547,0.00950675573274547,0.00950675573274547,0.00997481675495074,0.00970286752777298,0.00950675573274547,0.0119676309872863
"img_00550.jpg",0.431579612490948,0.0772731308221116,0.141107150028868,0.0439213867265455,0.0112343657484546,0.18456256627355,0.0219907084100203,0.0883310794995012
"img_00551.jpg",0.661673902649816,0.00986295848142124,0.0305772144588761,0.0706233098300016,0.0100199195026554,0.152714966490284,0.0101134353184357,0.0544142932685101
"img_00575.jpg",0.657632154620004,0.0195759970853634,0.0112518008086235,0.0114264257418311,0.0103330500150341,0.0474689097177263,0.0323760576295127,0.209935604381905
"img_00582.jpg",0.798775509907257,0.0165657621662887,0.0192444408490987,0.0149901865004101,0.0119864264575797,0.104673929475727,0.0150006961425536,0.0187630485010858
"img_00584.jpg",0.90160992309324,0.0121842548491629,0.0133507006998143,0.0216291089527919,0.011375809636484,0.0151440465650916,0.0114220185372503,0.0132841376661656
"img_00587.jpg",0.152120043691912,0.0483147846553104,0.0189064783646241,0.0104928606375114,0.0100495275865175,0.157745638673832,0.0642757561124913,0.538094910277801
"img_00590.jpg",0.495276679492459,0.100504349572585,0.0375376227499008,0.0111468600878268,0.0100748093594652,0.0460131150213478,0.0740531037464341,0.225393459969981
"img_00591.jpg",0.25054857114832,0.018123823473515,0.0136482013948464,0.00977749026494719,0.0099635507995088,0.0894093999314652,0.0163062477795931,0.592222715207804
"img_00598.jpg",0.726556912862557,0.0358212962470352,0.015226993133839,0.0872122387018785,0.0101872405486466,0.0664364888247675,0.0150009352957964,0.0435578943854798
"img_00599.jpg",0.649414107325897,0.0629424462450225,0.0259826611182964,0.014141182239166,0.0101712013229347,0.0253848322227708,0.0691662137386056,0.142797355787306
"img_00612.jpg",0.590918123365946,0.0112140973635388,0.0124866040765106,0.0108728818233972,0.0101630269028164,0.225358898582123,0.0419027816834614,0.0970835862022066
"img_00620.jpg",0.703614808838007,0.0504575171599087,0.0341210729478849,0.0314945056214646,0.0100710843034964,0.110240622522676,0.0188336796983916,0.041166708908171
"img_00642.jpg",0.11320374970239,0.0283937734841644,0.0112154562736245,0.79214165761105,0.00526146749700405,0.033761296063245,0.00515212796816911,0.0108704714003536
"img_00646.jpg",0.0177767249502556,0.0123446133097811,0.0179438632383125,0.00954745401201455,0.00996202059024918,0.0145797984625753,0.00954745401201455,0.908298071424797
"img_00648.jpg",0.93044033009262,0.00953069951967867,0.00953069951967867,0.00953069951967867,0.00999248169703505,0.00976826226957904,0.00953069951967867,0.0116761278620515
"img_00664.jpg",0.80959179618648,0.0848626710169597,0.0101672079933583,0.00970453416992893,0.00996893978546813,0.0163175243308002,0.0158308877290138,0.0435564387879905
"img_00697.jpg",0.0124761585349133,0.00946141413940157,0.010787818575867,0.00946141413940157,0.00996128839673924,0.00946141413940157,0.00946141413940157,0.928929077934874
"img_00708.jpg",0.367032766930617,0.0640826479507037,0.032378607274502,0.0252836933470642,0.0101552517433765,0.225879874655355,0.118274915926213,0.156912242172169
"img_00716.jpg",0.21794005015821,0.107895109849911,0.019474429136314,0.0162196811630663,0.0101003503246767,0.390224427524062,0.0883553867664335,0.149790565077326
"img_00717.jpg",0.557368171071084,0.115272313496895,0.00991330553298338,0.0271790514358441,0.00996396303067257,0.235130398603849,0.0216296984904908,0.0235430983381819
"img_00718.jpg",0.800166390151263,0.0127479249697519,0.0111512412532547,0.0156623610947402,0.00996303243207055,0.0795959782242362,0.00971712109685676,0.0609959507778261
"img_00724.jpg",0.334717996146329,0.0119238629020262,0.017369364675959,0.0104921039493615,0.010210828257815,0.0567267503508332,0.257291770732702,0.301267322984974
"img_00726.jpg",0.930018768533148,0.00952657539353103,0.00952657539353103,0.00952657539353103,0.00996173870508806,0.00993564720699344,0.0107559999212179,0.0107481194529594
"img_00730.jpg",0.0818844259337127,0.0200298401513597,0.0119859876826567,0.00979271539581957,0.00997625474464866,0.0195583424300677,0.0330270687528152,0.81374536490892
"img_00757.jpg",0.813579497137137,0.0134103045156523,0.0148369855928412,0.0495914528985041,0.0099947132684563,0.0585279651881031,0.0107992927241061,0.0292597886752004
"img_00760.jpg",0.167289914187257,0.0158200189329015,0.00522146138832295,0.739108191703266,0.0049315436506613,0.0493337742625236,0.00576946786960099,0.0125256280054669
"img_00764.jpg",0.012489364307988,0.0108097295315069,0.0268469105023216,0.00957452722893049,0.00996226936741525,0.00957452722893049,0.00957452722893049,0.911168144603977
"img_00765.jpg",0.131972740911315,0.0994060115232814,0.013389620663241,0.0893987256943963,0.00998497367459398,0.500041539187961,0.0356986102554328,0.120107778089779
"img_00772.jpg",0.0114331826083687,0.0147149668039927,0.413875009369319,0.00964482228455644,0.00996216723003468,0.0215930348640898,0.0113507033036892,0.507426113535949
"img_00777.jpg",0.703127665199496,0.0870164175298197,0.019113022138695,0.0153795228350052,0.0101060096350589,0.125969876790159,0.0293452042848306,0.00994228158693549
"img_00780.jpg",0.0133271996247698,0.0117613803315606,0.0255233824539351,0.00968889534354869,0.00996328955149869,0.0195257696799895,0.0101771893123948,0.900032893702303
"img_00798.jpg",0.632990210242934,0.137120129188951,0.0146940016106347,0.127355207517579,0.0102896301704926,0.0292733571837311,0.0156093333199361,0.0326681307657415
"img_00808.jpg",0.826917616865132,0.025505244684969,0.0116626467135505,0.0114342940485163,0.00996322082343047,0.0194148160213965,0.00969465285440125,0.0854075079886037
"img_00816.jpg",0.909740119879085,0.00979579960816068,0.00989855507222045,0.00979579960816068,0.0100967566967604,0.0115556736027991,0.0150073605869126,0.0241099349459012
"img_00833.jpg",0.35612139332609,0.0441251647905098,0.0235615886323586,0.015951275635512,0.0100516634247801,0.267904855492338,0.141203169167249,0.141080889531163
"img_00837.jpg",0.826093066665599,0.0339503960576152,0.0146331505597917,0.0156907326471396,0.0101689538682787,0.0590972908612464,0.0122356859549178,0.0281307233854115
"img_00855.jpg",0.507539601828023,0.102920978174326,0.0307390510997519,0.0351685873014428,0.0101956599647013,0.129563859480586,0.0330399373487534,0.150832324802415
"img_00857.jpg",0.9242188658812,0.0160177579306987,0.00971240714402869,0.00971240714402869,0.0100591104463061,0.0100032930919596,0.00971240714402869,0.0105637512177493
"img_00858.jpg",0.820356379163468,0.0113401585238427,0.00978143291649666,0.0104759568881724,0.0099907611060194,0.0673450490494277,0.0128525567130957,0.0578577056394775
"img_00865.jpg",0.850320548551111,0.0666094912555861,0.00962169975236387,0.00962169975236387,0.00996263114357686,0.0152377883976927,0.00962169975236387,0.0290044413949415
"img_00902.jpg",0.0174061345018581,0.0101821616416923,0.0097425261267647,0.0106547643878594,0.00996892625068143,0.0208681082894141,0.903946685104188,0.0172306936975417
"img_00914.jpg",0.012440274548889,0.0105564148112727,0.00944475970778067,0.00944475970778067,0.00996112406599304,0.00944475970778067,0.00944475970778067,0.929263147742723
"img_00921.jpg",0.561518742925737,0.0119713410665295,0.0220757921580437,0.0104974678401752,0.0102149979637668,0.15480316363115,0.0657579606864627,0.163160533728134
"img_00927.jpg",0.458833673789552,0.0840784484458542,0.0259327939065058,0.0114957320159853,0.0100574237760514,0.0353398385224926,0.075211028869391,0.299051060674167
"img_00943.jpg",0.873829845976404,0.0445966617667556,0.0095745597347603,0.0095745597347603,0.00996226155816187,0.0104018135006847,0.0095745597347603,0.0324857379937132
"img_00959.jpg",0.919039329702606,0.00968801416695845,0.00968801416695845,0.00968801416695845,0.0100989136473272,0.00968801416695845,0.0204461188418791,0.011663581140354
"img_00962.jpg",0.028914754710052,0.019433924880373,0.0713003115985326,0.00964203844932623,0.00996221610540565,0.0108694389254667,0.00964203844932623,0.840235276881518
"img_00964.jpg",0.0127864949997926,0.030711692442558,0.822550858641083,0.0119937290238407,0.00996347297538781,0.0127798044440191,0.010187658806825,0.0890262886664941
"img_00979.jpg",0.0299943304565435,0.00963147257946352,0.0707599211027731,0.00963147257946352,0.00996294954799568,0.015980721824595,0.00973762632392696,0.844301505585239
"img_00985.jpg",0.466148041479156,0.0598004615335443,0.010284225384848,0.0148639159795242,0.0102060890680081,0.0506269154419324,0.0308225543202673,0.35724779679272
"img_00999.jpg",0.719921059958934,0.0167309307216005,0.00980018488928344,0.00980018488928344,0.00997829951856472,0.0192806146932204,0.0234128378665559,0.191075887462558
"img_01022.jpg",0.781682469613756,0.0194886977388958,0.0152069245632399,0.0207689113249376,0.0105154039137456,0.103332080188865,0.0126198790908927,0.036385633565667
"img_01031.jpg",0.64226732268934,0.0213510034450252,0.0628831881615037,0.0198611654263609,0.0102135498052142,0.194088862521308,0.0289105925964655,0.0204243153547827
"img_01035.jpg",0.75151970180976,0.0392025775174119,0.0188292903813467,0.0131699929853367,0.0100276544301077,0.127216575912563,0.0301495477562114,0.00988465920726284
"img_01059.jpg",0.379989478901929,0.0609838940531241,0.0123810206467996,0.0134801519035997,0.00998031359957169,0.10307435082838,0.0380740938047674,0.382036696261828
"img_01103.jpg",0.12477408700659,0.149334991584353,0.0133747081771182,0.0215929745888336,0.00996410372578609,0.0126348957179961,0.0289548288494562,0.639369410349867
"img_01116.jpg",0.751454737717346,0.0298974725850099,0.00996085943951262,0.0171708232387407,0.00996391437523755,0.0210081763881231,0.0100380713275604,0.15050594492847
"img_01134.jpg",0.676097650116679,0.00987763049065262,0.0612169814159322,0.0807681671158673,0.00996430625207763,0.0741411693702911,0.0105489023014908,0.0773851929370094
"img_01179.jpg",0.886048026694556,0.0110779670095199,0.0146529025361859,0.0166733973636446,0.0100782724949262,0.0410484902733492,0.00987695067168425,0.010543992956134
"img_01188.jpg",0.274953875392005,0.0764285179247048,0.0164523281958195,0.0508322182438335,0.010019019380461,0.433984304729982,0.0151324751627515,0.122197260970442
"img_01211.jpg",0.917474347602943,0.0214389327869359,0.00959345448747805,0.00959345448747805,0.010002440355582,0.00959345448747805,0.00959345448747805,0.0127104613046266
"img_01213.jpg",0.714459642597622,0.0984215062968786,0.0234351191053045,0.0328172927780056,0.0100897556706659,0.0591600309725721,0.017687771094267,0.043928881484684
"img_01222.jpg",0.24246769179103,0.294643904766007,0.0140895064797107,0.0318027930174661,0.00996409232350934,0.0856389280786703,0.0135504931540749,0.307842590389531
"img_01224.jpg",0.0698783995338702,0.0125414936103548,0.120893917505596,0.00973073718411099,0.00996383517971494,0.0154158764587638,0.0112134861259918,0.750362254401597
"img_01253.jpg",0.0174437159349607,0.00943846492502682,0.00943846492502682,0.00943846492502682,0.0099610618919095,0.00943846492502682,0.00943846492502682,0.925402897547996
"img_01286.jpg",0.701151862083008,0.0309813972683074,0.0133209568528381,0.0119326186967019,0.011308972479258,0.0341771241144613,0.0112946424116089,0.185832426093816
"img_01289.jpg",0.410766222567997,0.0944852305441305,0.0102459072774197,0.0146578369965438,0.00996984117114625,0.106494645791074,0.0418438871559465,0.311536428495742
"img_01328.jpg",0.775921898857691,0.089510771277874,0.0246551435785996,0.0251107468761254,0.0099911740329219,0.0293182481347316,0.0115007527871896,0.0339912644548665
"img_01366.jpg",0.192349429204706,0.0270495618540988,0.0477233599234945,0.0917548591803539,0.0100419504671135,0.520026217423,0.0123517389393276,0.0987028830079048
"img_01371.jpg",0.826420403357543,0.0108714949717478,0.0116474140117337,0.010711554699136,0.0109980003622677,0.0120389041777108,0.0135166713260137,0.103795557093847
"img_01379.jpg",0.868577375552615,0.0190862711358349,0.0184901903213719,0.0128293607647769,0.0100015397496596,0.0349688879903918,0.0109524830663988,0.0250938914189511
"img_01388.jpg",0.794169719780068,0.084632856021704,0.0108502427242572,0.00983063024243287,0.0100228099152007,0.0461252115894366,0.00983063024243287,0.0345378994844682
"img_01392.jpg",0.0135234828062767,0.051241497769867,0.614842917721295,0.0115995674638053,0.0099740072138928,0.0111344791864928,0.0113963141506657,0.276287733687704
"img_01399.jpg",0.0185198207377704,0.560325038544451,0.0368134336058387,0.00992168281116792,0.0099632272368733,0.0177951222463116,0.00969037675701533,0.336971298060572
"img_01404.jpg",0.841775545623844,0.0331047089396786,0.0108510670980707,0.0458192249389789,0.00999898643108104,0.0264432534039429,0.0108575836795433,0.0211496298848606
"img_01405.jpg",0.849636781024876,0.0408446143511152,0.011528998395046,0.0252462984251018,0.010246115684506,0.0398694194708118,0.0117321675206428,0.0108956051279007
"img_01413.jpg",0.910125482159169,0.0103179145548359,0.0104991270990762,0.01327865034512,0.0104680531365531,0.0208276446668473,0.0109426820926832,0.013540445945715
"img_01426.jpg",0.0907785669104961,0.560477328386292,0.0133804483751152,0.011694847934213,0.00996313728468983,0.0120421357032703,0.102630624180845,0.199032911225079
"img_01441.jpg",0.0174036649099821,0.00950748612531111,0.0101703113538384,0.00950748612531111,0.00996174321321145,0.0107772502261028,0.00950748612531111,0.923164571920932
"img_01444.jpg",0.165159321546715,0.024310724384468,0.0172930878532895,0.0122556842537433,0.00996390794396176,0.0494102948250291,0.0635103077384845,0.658096671454309
"img_01490.jpg",0.0145926404809992,0.0135525521798655,0.0955520981431476,0.00959885043874024,0.00996261482489061,0.0101266553211489,0.00988950255397033,0.836725086057238
"img_01495.jpg",0.800780272581814,0.0400783524044389,0.0109678367480836,0.0116632334887413,0.00996350262063321,0.0386818767676243,0.00973003168298813,0.0781348937056765
"img_01511.jpg",0.856196881451593,0.0309154371787565,0.0185536018870906,0.0168053571592485,0.0099898665147431,0.0433105379864459,0.0128725872717104,0.0113557305504118
"img_01519.jpg",0.360666341579161,0.076183451749647,0.018610726232197,0.0251047342767785,0.0100587649841905,0.396125449139269,0.0236118079283271,0.0896387241104292
"img_01530.jpg",0.870963920420495,0.0176133531135375,0.0104969947312846,0.0127531864743269,0.0106374633034251,0.0134815265876612,0.0103246780288834,0.0537288773403862
"img_01537.jpg",0.692848466002985,0.0122770990748741,0.0375381510994761,0.0114563326193517,0.010336448355008,0.0285507180952811,0.0140657338841012,0.192927050868922
"img_01538.jpg",0.821807000378958,0.0299854773468924,0.00966400822227508,0.00966400822227508,0.00996481763385224,0.0901836309416296,0.01004116811281,0.0186898891413073
"img_01543.jpg",0.923395439364412,0.00982383267051734,0.00982800032511389,0.0115206487894313,0.0102250280224469,0.00982383267051734,0.00982383267051734,0.0155593854870441
"img_01552.jpg",0.930240441663721,0.0105359432391897,0.0095279187799522,0.0095279187799522,0.00998344035596094,0.0110157061240103,0.0095279187799522,0.00964071227726117
"img_01562.jpg",0.191231395705969,0.0361458215777788,0.0189080469670379,0.0151073110443822,0.0101649944585606,0.0587238380314461,0.211082108600335,0.458636483614491
"img_01571.jpg",0.911298455848794,0.00976360613393161,0.00954554530228535,0.00954554530228535,0.00996211877879418,0.00954554530228535,0.0111238017741692,0.0292153815574546
"img_01593.jpg",0.431159374299482,0.041516355235133,0.0233700396570221,0.0126271948934065,0.00999124996024904,0.103994400214134,0.0559929683724501,0.321348417368123
"img_01616.jpg",0.857692804244141,0.0534000520275895,0.00998780419414424,0.0100226205620693,0.010214978038179,0.014058002521718,0.0108093636831603,0.0338143747289986
"img_01618.jpg",0.796467209518139,0.0257531734552999,0.00980420096705783,0.0127627900356544,0.0100059602115632,0.122596572406901,0.0124308599433384,0.0101792334620459
"img_01627.jpg",0.704450047392106,0.125539479889659,0.0134065997884718,0.0142066992350503,0.00996325628390786,0.0756678419830333,0.00976296909265568,0.0470031063351163
"img_01633.jpg",0.587369266621657,0.0149853366348246,0.0116411532584953,0.0127765250885911,0.0100499340861281,0.22934276650189,0.0298833633332516,0.103951654475162
"img_01640.jpg",0.93195252445168,0.00950292985184028,0.00950292985184028,0.00950292985184028,0.0099953792238854,0.00958831437804287,0.00950292985184028,0.0104520625390304
"img_01646.jpg",0.847896517843058,0.0272593407235894,0.00966011053271622,0.00993373348691741,0.00996598304639999,0.0687319238983993,0.00966011053271622,0.0168922799362033
"img_01669.jpg",0.144112103270147,0.0246883541530994,0.00600601779583957,0.773095871781805,0.00517391621080522,0.0255143720861306,0.0072551145974281,0.0141542501047452
"img_01681.jpg",0.255303599979813,0.00983567741451571,0.00994207054829079,0.00983567741451571,0.0100882939402674,0.0270894192278903,0.0160603847202576,0.66184487675445
"img_01684.jpg",0.630642828600544,0.111674672180778,0.0104428661105729,0.0326361378385326,0.00996371738496865,0.029621291694222,0.00976824713330539,0.165250239057077
"img_01687.jpg",0.299776062210512,0.0146275910982131,0.0174535913318347,0.00974687831335107,0.00996509766498161,0.0127386300188177,0.0219670474415256,0.613725101920764
"img_01688.jpg",0.394335513505182,0.129886536379111,0.0104889606271633,0.015632058899265,0.00996968268046383,0.104034728967067,0.0352737243441031,0.300378794597645
"img_01689.jpg",0.0269778060421594,0.0131491872903523,0.0562597301546941,0.00975007742199414,0.00996378450625574,0.0590939747092612,0.0145051151890756,0.810300324686207
"img_01724.jpg",0.70621508689722,0.0103062055301088,0.0507117245867004,0.0103683600004319,0.0104022867608743,0.033966736024428,0.0133747974115427,0.164654802788694
"img_01771.jpg",0.764738594610086,0.0624069320301042,0.0122603863167557,0.0220251891267041,0.00997613372424712,0.029555675581216,0.0120785346235347,0.0869585539873518
"img_01773.jpg",0.263617828621624,0.0324378081700423,0.015542559485337,0.0107027002304942,0.010001851870958,0.0199357607739611,0.0919857319299906,0.555775758917593
"img_01824.jpg",0.620667916345916,0.0134644556176781,0.0182525396759553,0.0148620187835414,0.0103024277554352,0.193202898336374,0.0379288363277447,0.0913189071573558
"img_01831.jpg",0.152393908039572,0.00517790425156909,0.00677575280585111,0.749413453423549,0.00498850953427802,0.0386331294985218,0.00584322177864398,0.0367741206680149
"img_01834.jpg",0.0535763059870566,0.0137686194584129,0.116885195182827,0.0103902311395768,0.00996338686321859,0.0138322814195235,0.00970310672685613,0.771880873222528
"img_01847.jpg",0.16829292362938,0.0657372169722656,0.0118197291982021,0.0105647491449873,0.0099751930964805,0.0285420421590599,0.0215391707870242,0.6835289750126
"img_01853.jpg",0.47940315218454,0.0889650738262782,0.0270216756028949,0.0129581766930705,0.0100450153017556,0.0416596539905965,0.0707677462099107,0.269179506190954
"img_01856.jpg",0.929833786190026,0.00967552956957765,0.00948338831342153,0.00948338831342153,0.00996150525468481,0.00948338831342153,0.00948338831342153,0.012595625732025
"img_01862.jpg",0.757839187513191,0.0102708999971164,0.0420469562074972,0.0107598485694572,0.0103779035494936,0.0608107927249033,0.0194846992579894,0.0884097121803518
"img_01874.jpg",0.769569953078071,0.00986385627545035,0.0111044972272613,0.00986385627545035,0.0100623550805189,0.0768881739132811,0.0387351122163335,0.0739121959336334
"img_01888.jpg",0.12591850691503,0.196394995124085,0.0162436923713454,0.0877936173885124,0.0100211329911049,0.415943560609006,0.0186677280600773,0.129016766540838
"img_01918.jpg",0.144348739400723,0.0158572204506772,0.00579577635933301,0.782886140318509,0.00520052699909196,0.014915419069415,0.00564941952650966,0.025346757875741
"img_01930.jpg",0.662250074938958,0.021777450417715,0.017702111669871,0.0191378016354661,0.00998661709605615,0.236075995682633,0.00984728813275314,0.023222660426547
"img_01932.jpg",0.682205922025457,0.0781466374144508,0.0124041529955915,0.00987741730627273,0.00997612330625476,0.042366640795756,0.0122915735885487,0.152731532567669
"img_01955.jpg",0.0144804643505726,0.00944619560425893,0.00944619560425893,0.00944619560425893,0.0099611381442466,0.00944619560425893,0.00944619560425893,0.928327419483886
"img_01963.jpg",0.869054389206671,0.00956689446633402,0.00956689446633402,0.00980643206007412,0.0099621233724699,0.0112275558162525,0.00956689446633402,0.0712488161455309
"img_01966.jpg",0.836462904041185,0.0434848233740004,0.00956454584293986,0.00956454584293986,0.00996205075079978,0.0123243607017923,0.00956454584293986,0.0690722236034031
"img_01983.jpg",0.722718418153838,0.0379536625918837,0.0414986986262688,0.0188896214284943,0.0118386637109293,0.0770462964217802,0.015336573416319,0.0747180656504863
"img_01984.jpg",0.0920610167090319,0.0238131073519333,0.00956980387912391,0.00956980387912391,0.00996197873248058,0.016838433349188,0.00956980387912391,0.828616052219994
"img_01995.jpg",0.0113878768965718,0.101016169650574,0.00982864072181972,0.665771541720128,0.00443924401780585,0.0493177303303721,0.0208093130874228,0.137429483575306
"img_01996.jpg",0.269650313293242,0.0387874471941211,0.0108779102504537,0.0159755956883614,0.00998732196685979,0.48157053052515,0.0458652988702234,0.127285582211589
"img_02001.jpg",0.142334512369779,0.0168974786248116,0.0435058269620641,0.00993267977463801,0.0100162034264412,0.349915152912214,0.0232902745962376,0.404107871333815
"img_02006.jpg",0.403016290660515,0.0183020342813255,0.19535754057467,0.0564324202233141,0.00997653317159641,0.0895271006791399,0.0116240481384742,0.215764032270964
"img_02066.jpg",0.822937455767618,0.0100282719756715,0.0142792587308192,0.0124679323036938,0.0101709838358113,0.0910910328938037,0.0105371317215867,0.0284879327709958
"img_02074.jpg",0.717571177755596,0.0158029649694295,0.0278689915144595,0.0525716184837054,0.0101436742095602,0.0749946700685199,0.0103714878803127,0.0906754151184167
"img_02076.jpg",0.134342482274631,0.645169815022286,0.012066291166425,0.011406348147846,0.00999387871552395,0.0138181786415113,0.00981754696430151,0.163385459067475
"img_02077.jpg",0.0870357716947874,0.0172821174863841,0.0182151417233893,0.773618230717761,0.00513927613866081,0.023411231206224,0.00777352812148072,0.0675247029113124
"img_02096.jpg",0.928030957031965,0.00945131299765938,0.00945131299765938,0.00945131299765938,0.00996118887493746,0.0132580853209594,0.00945131299765938,0.0109445167815005
"img_02119.jpg",0.493228677672659,0.0219351352848552,0.279046188008896,0.0335266269998978,0.00996853278579041,0.0800034165760811,0.0188314131752157,0.0634600094966048
"img_02124.jpg",0.173436905174442,0.017288979823706,0.0319563434855855,0.0133217569162207,0.0102440887343964,0.596559879033737,0.0874274454626195,0.0697646013692935
"img_02172.jpg",0.801773991999416,0.0113260481001091,0.0296600624040309,0.0104374000673824,0.0103702459502829,0.021111664456254,0.0141462857619345,0.10117430126059
"img_02180.jpg",0.750093758907918,0.0522271759164739,0.0157267592633851,0.015961660464826,0.0100663473813086,0.0968359549764895,0.0159660275104737,0.0431223155791256
"img_02188.jpg",0.696514962232182,0.0456682334744172,0.0150228820660576,0.0123607984599236,0.0102164944729294,0.0316280593171572,0.0227310819211527,0.16585748805618
"img_02209.jpg",0.217927833143875,0.0225170695259831,0.03256223675136,0.0223898132820107,0.0103551800270874,0.432926729580739,0.177786777351056,0.0835343603378883
"img_02235.jpg",0.0312286789448953,0.173838931983122,0.03134583503362,0.185183452007117,0.00998865548385292,0.130495161095002,0.0809222716894621,0.356997013762928
"img_02252.jpg",0.914542075505235,0.0143844681669982,0.0095096312454287,0.0095096312454287,0.00996146535748231,0.0095096312454287,0.0095096312454287,0.0230734659885701
"img_02268.jpg",0.868136075688358,0.017504717493009,0.0162234099318956,0.0275729915371705,0.0100592842290101,0.0267523702745256,0.0103140156380679,0.0234371352079633
"img_02270.jpg",0.791256549395482,0.0283241310320522,0.0396814300725909,0.0191482598805306,0.0103826611994371,0.0544196607892056,0.0141329132457032,0.0426543943849986
"img_02281.jpg",0.109108144336962,0.0168002082248467,0.00748319338530003,0.835239320863958,0.00554802763934002,0.0131421250855852,0.00551262734322146,0.00716635312078691
"img_02282.jpg",0.0125621409569449,0.00946052117461476,0.00946052117461476,0.00946052117461476,0.00996127975934194,0.0110091207133769,0.00946052117461476,0.928625373871877
"img_02291.jpg",0.930787119888547,0.011683395960893,0.00946194634976216,0.00946194634976216,0.00996129371323989,0.00972040503827139,0.00946194634976216,0.00946194634976216
"img_02299.jpg",0.222170184464299,0.244568329354576,0.0198183828378855,0.0240293498966812,0.00996447532345651,0.101455192677465,0.0207521706368126,0.357241914808824
"img_02305.jpg",0.0130797299059387,0.0607893368581021,0.00840915129313288,0.663852810473941,0.00447888619489078,0.0242990553645417,0.0243195703916774,0.200771459517775
"img_02307.jpg",0.235184912442855,0.0271164438679105,0.0102758558353843,0.0110468804628412,0.0101953048366055,0.0608698913096297,0.0288989716178124,0.616411739626961
"img_02309.jpg",0.929552898456571,0.00953509279644479,0.00953509279644479,0.00953509279644479,0.00999544402082617,0.00953509279644479,0.00953509279644479,0.0127761935403785
"img_02318.jpg",0.0618545047328176,0.0101848871277652,0.00970874187639005,0.00966026362748415,0.0099632507847387,0.0115040692704106,0.0101493413811282,0.876974941199265
"img_02356.jpg",0.190354640265724,0.0270104076381548,0.0181681687233801,0.0431613693986049,0.0099891202832837,0.0242904320341967,0.0221143732034301,0.664911488453226
"img_02367.jpg",0.8392936739063,0.0269221030040909,0.0113277119280686,0.0122765087866801,0.0107614944778484,0.0655709124918272,0.0151566345402638,0.018690960864921
"img_02379.jpg",0.387287268125744,0.0108021960629264,0.00959024022036556,0.00959024022036556,0.00996247703767215,0.0176938213287266,0.00976836473279448,0.545305392271406
"img_02384.jpg",0.666765996710121,0.0236153196581367,0.0132357774824231,0.0123372787548477,0.0102504791105278,0.0910122913341117,0.0267730135626165,0.156009843387216
"img_02398.jpg",0.691442861334275,0.0540224164836425,0.0108453481547613,0.021266927373102,0.00996366973253878,0.124944329757817,0.00976143426602511,0.0777530128978382
"img_02400.jpg",0.775321152630072,0.0335689662291265,0.0279619015254673,0.0206656304551073,0.00996355856913465,0.0466705021748943,0.00980030168217978,0.0760479867340178
"img_02406.jpg",0.0704972280590124,0.010434727777519,0.0228561125415494,0.836815443742779,0.00555989954075667,0.0119537824651432,0.00869585572237724,0.0331869501508634
"img_02412.jpg",0.752102263409049,0.00994490699464272,0.00994490699464272,0.00994490699464272,0.0102741832551363,0.0130233515980808,0.0136532114690463,0.18111226928476
"img_02422.jpg",0.387138214211388,0.127151707051517,0.0163503050884777,0.0268268790520634,0.0100347952074456,0.0428749933655659,0.0525094687746393,0.337113637248904
"img_02486.jpg",0.860121654393701,0.0438815583340715,0.0114634944152518,0.00964927018939906,0.00996314248835725,0.0176634477404216,0.00969307522440713,0.0375643572143907
"img_02487.jpg",0.857979818971506,0.0465634349611187,0.00963346888999946,0.00963346888999946,0.00997609737920843,0.0117543579270219,0.00963346888999946,0.0448258840911469
"img_02522.jpg",0.891210217654712,0.0233779360705212,0.00997041336702898,0.0124746041066191,0.0102075922528488,0.0280730552983158,0.0120307908459638,0.0126553904039901
"img_02556.jpg",0.330703689322854,0.0472338433220154,0.0101481045690354,0.00978148717682059,0.00996477510016095,0.0121219149732728,0.0173965654115054,0.562649620124336
"img_02565.jpg",0.476385478304282,0.0161435856587112,0.0278268617197535,0.0126934829541718,0.0103110458353527,0.1361499939383,0.0769741584314811,0.243515393157947
"img_02574.jpg",0.849039914679275,0.0163756528354524,0.0156505730475265,0.0172227417234095,0.0122623506275939,0.0426233705039889,0.0181594973316108,0.0286658992511432
"img_02602.jpg",0.790657164189435,0.0533274661376292,0.0130508453812055,0.0172850787171801,0.0100309686404548,0.0756829422195396,0.0148936386196748,0.0250718960948817
"img_02622.jpg",0.80597090185948,0.0183796115923901,0.0114461111609005,0.00994581965618183,0.01000908936153,0.0207052172465771,0.0199823388921861,0.103560910230755
"img_02625.jpg",0.319092287004733,0.0366162620938385,0.0156490604105484,0.0110983556759298,0.0100418281889497,0.458198396804656,0.0404556755407662,0.108848134280578
"img_02636.jpg",0.906732488944338,0.0140940503590968,0.00953556596795708,0.00953556596795708,0.00996571755335048,0.00959532712567949,0.00953556596795708,0.0310057181136643
"img_02638.jpg",0.859159218572354,0.0335236979974866,0.0118820771042102,0.0104999745571553,0.0100641489419565,0.0375548875287402,0.0134656565772057,0.0238503387208909
"img_02646.jpg",0.0155134304222763,0.0117152241043833,0.00981102927520275,0.0124143412111754,0.00996275990946558,0.0096682499969716,0.00961052868120496,0.92130443639932
"img_02656.jpg",0.877531670614763,0.0336992125273947,0.0104412091053907,0.0112835560779725,0.00996290161925963,0.0101836845868771,0.00962488721454621,0.0372728782537964
"img_02679.jpg",0.135222027185374,0.242651445127445,0.038247688887369,0.0189174380854494,0.0117017140062508,0.0202492650893824,0.0281009641321503,0.504909457486579
"img_02687.jpg",0.103611860945709,0.0109690937493384,0.0113273707723562,0.0096611867948617,0.00996325993091872,0.013103598431286,0.0096611867948617,0.831702442580668
"img_02699.jpg",0.765602743482438,0.0100788098982586,0.0100788098982586,0.0100788098982586,0.0104447783991374,0.013714164797827,0.0107154188716514,0.16928646475417
"img_02709.jpg",0.743059440450713,0.0117690967071009,0.0151661568368831,0.060433886396255,0.0100147724467118,0.116746596607013,0.0106802330108475,0.0321298175444752
"img_02726.jpg",0.772645461147532,0.0289579630755126,0.0384504542063379,0.0188001893674936,0.0113796752452686,0.0839230452193223,0.0118983738825878,0.0339448378559457
"img_02734.jpg",0.837579821638425,0.0268398936385632,0.0173471562064091,0.0120741468700657,0.0115098731419484,0.0633334219676716,0.0128801220957888,0.018435564441128
"img_02739.jpg",0.928253071689578,0.00957933322878228,0.00957933322878228,0.00957933322878228,0.0100227625673343,0.00957933322878228,0.00957933322878228,0.0138274995991767
"img_02749.jpg",0.162792560346357,0.00623691785474472,0.00601706630796948,0.744574641830674,0.00496591872185536,0.0304528292095514,0.0051390900857055,0.0398209756431423
"img_02759.jpg",0.0265056360965864,0.0172967703592863,0.0643920499492899,0.00964688068726055,0.00997221468611042,0.0279116204484497,0.0110129843075369,0.83326184346548
"img_02766.jpg",0.928528287028354,0.01051471595357,0.00961057117525968,0.00961057117525968,0.0100024397200266,0.0113935484539308,0.0107292953183394,0.00961057117525968
"img_02769.jpg",0.0268320941085275,0.0139732570040297,0.0398654170946069,0.0096257348736086,0.00996236468726727,0.016846875120545,0.0111249509264657,0.871769306184949
"img_02771.jpg",0.89273425869702,0.022535643641062,0.0096221111292572,0.0116946388046864,0.00996257956187713,0.0311939734444562,0.0096221111292572,0.0126346835923838
"img_02799.jpg",0.916201176017734,0.0205226402691294,0.0095280199111495,0.0095280199111495,0.00996624959609548,0.0130264592815013,0.0095280199111495,0.011699415102091
"img_02808.jpg",0.781722160063614,0.0176164106240942,0.0129060520373082,0.0612472292475326,0.0099656963595669,0.0564681207291355,0.00980802147245385,0.0502663094662945
"img_02811.jpg",0.718355227787132,0.0141646361304243,0.0399648642973712,0.0571908017215975,0.0100073488366275,0.0844478927784552,0.009819035763519,0.066050192684873
"img_02834.jpg",0.503725393947819,0.0439109735053831,0.0199895725639696,0.0111006140603529,0.0100161719723394,0.0286977562934513,0.0128096693095946,0.36974984834709
