"image","ALB","BET","DOL","LAG","NoF","OTHER","SHARK","YFT"
"img_00007.jpg",0.197256883683052,0.173678645879018,0.0341483971738982,0.0389001197942501,0.00978731467083956,0.0105460917328591,0.00984180182063722,0.525840745245446
"img_00009.jpg",0.828020205848506,0.0726845108702057,0.00973850201070599,0.0163817649895705,0.00965259449275961,0.0292075560135454,0.0116349737327693,0.0226798920419377
"img_00018.jpg",0.739194220476152,0.136557045908854,0.0106386279472112,0.0473650591891377,0.0105701272423496,0.0187906079791465,0.00975377177674344,0.0271305394804062
"img_00027.jpg",0.23029381059234,0.0701119516710584,0.0270822340862394,0.0141553933906865,0.0407747451349107,0.456427794109671,0.0894579363353795,0.0716961346797138
"img_00053.jpg",0.76784094921026,0.0372141287182412,0.0172808681128031,0.0202643343915205,0.0502400609198658,0.0649193569939398,0.0133826894677191,0.0288576121856508
"img_00071.jpg",0.272677111473682,0.101758710281849,0.0410758752288999,0.518482601901809,0.00978920588662913,0.0278168717045778,0.0132490790373953,0.0151505444851583
"img_00075.jpg",0.489102289402028,0.115448438511073,0.0501686307364991,0.0791898157418736,0.0909633676840193,0.123179299132945,0.0364145086936675,0.0155336500978945
"img_00102.jpg",0.213597431897045,0.0871923485486202,0.0468154244825285,0.0262961491716159,0.0132707114796583,0.0713981318832593,0.0633701832196579,0.478059619317615
"img_00103.jpg",0.791150340579439,0.0179904847360876,0.0137939123427417,0.0166953983286463,0.00964156403668379,0.0799514772633457,0.0163120459015362,0.0544647768115199
"img_00109.jpg",0.751233976278469,0.0269186254153653,0.0263361189057408,0.010616428158359,0.0100612479077301,0.0621269830871213,0.0415007575336775,0.0712058627135369
"img_00125.jpg",0.265525531403859,0.120583969798448,0.0544982856379075,0.0194509445956597,0.00983106093723884,0.110292824935757,0.0289585589556848,0.390858823735445
"img_00128.jpg",0.073241660210073,0.0417786550922716,0.245035067372893,0.023397574544756,0.0140743968284387,0.0434077156076569,0.0231632530749028,0.535901677269008
"img_00129.jpg",0.338627005351906,0.0584826567186059,0.0523220324873255,0.0233119310593593,0.0486716629158713,0.0532616037139061,0.201613876851932,0.223709230901094
"img_00138.jpg",0.820806465552918,0.0351727144247616,0.0278145317800766,0.0293290202510555,0.0194065519810894,0.0357514265274045,0.0178613877902847,0.0138579016924096
"img_00141.jpg",0.0467589364500099,0.0562946186682305,0.0431577309602632,0.0105515712547728,0.00967119952857006,0.0321362697168516,0.0111554022482604,0.790274271173042
"img_00152.jpg",0.0458398081820866,0.0260385031072594,0.0127593097920696,0.010643185966957,0.0180650327398113,0.0390289567384083,0.0195784295381458,0.828046773935262
"img_00161.jpg",0.0167764750060571,0.0128733461821413,0.0130560493919747,0.00960363817387329,0.00951370468131501,0.0170228887720102,0.00972207604116391,0.911431821751464
"img_00170.jpg",0.452885126968509,0.0160140293101178,0.026774863436905,0.216126533910146,0.0157133284954965,0.121455115294517,0.0383217857148468,0.112709216869461
"img_00180.jpg",0.0911535786656087,0.0332582619039802,0.0731109154882688,0.0399300905231255,0.0140237223449684,0.0263798719405068,0.100537419033646,0.621606140099896
"img_00212.jpg",0.100853268788183,0.0118851377179248,0.00964504124418805,0.00964504124418805,0.00959204922167153,0.0152768030844674,0.00964504124418805,0.833457617455189
"img_00223.jpg",0.612516009348859,0.0214127029700121,0.191850418416885,0.0290855318420406,0.0100923997482976,0.0924034709590193,0.015686354348588,0.0269531123662982
"img_00230.jpg",0.834297345927076,0.0641697960735416,0.00971552347890666,0.0244603933412903,0.00966650663101388,0.0257693233662833,0.00971552347890666,0.0222055877029812
"img_00232.jpg",0.0328234253799688,0.0115103037777473,0.0251866223918729,0.0169342078647343,0.00973865592921268,0.0235671992549603,0.852982716182055,0.027256869219449
"img_00244.jpg",0.425812884672066,0.142539618459935,0.0174259696345634,0.0172351761748167,0.00989892978822104,0.155106869330875,0.0217449965883549,0.210235555351167
"img_00280.jpg",0.646531781417214,0.0227259975849786,0.0547088610804651,0.0218598647146144,0.110971134637875,0.0103896021776169,0.0163092643631128,0.116503494024123
"img_00285.jpg",0.429997311548789,0.0617456935909392,0.0266545755005507,0.0146975140390305,0.0621269798642391,0.0647630561970978,0.0862698020808613,0.253745067178492
"img_00292.jpg",0.237323320033342,0.0657435547558559,0.0220800950586286,0.0171100692905104,0.0433167291191334,0.0826853024351902,0.0798858888054128,0.451855040501926
"img_00311.jpg",0.92351430518502,0.0103052285090445,0.00954975444399825,0.0119074320246901,0.0145835699178303,0.00954975444399825,0.00954975444399825,0.0110402010314201
"img_00320.jpg",0.915568332811622,0.0154275101132489,0.0104579888865711,0.0115269248647403,0.0125233627921108,0.0140546412587184,0.00963797284865143,0.0108032664243374
"img_00331.jpg",0.723039155537581,0.0172152410256279,0.0232155454199892,0.0261662463801464,0.0369761009717235,0.0610628759954009,0.0523912054863272,0.0599336291832041
"img_00358.jpg",0.326379724097584,0.0391697991662947,0.0155135930602729,0.0116011016490694,0.0125362256162106,0.16594386336809,0.0733551868408575,0.355500506201621
"img_00374.jpg",0.480897656276255,0.235121939507657,0.0175408339803491,0.0229143801613816,0.00974664981604997,0.0211446748450962,0.0116592165709743,0.200974648842236
"img_00375.jpg",0.260342504397423,0.1193241711249,0.346364590410416,0.0366582068153273,0.0134232338287808,0.126979691667366,0.0253770480329419,0.0715305537228451
"img_00376.jpg",0.677196071487076,0.0507933758307358,0.0439061889174895,0.0172201785056766,0.017919835240322,0.0608187696999767,0.0934008215974495,0.038744758721274
"img_00380.jpg",0.705690004651595,0.0411223866932783,0.0552006986731491,0.0284828805362221,0.0121504646470937,0.111194339773095,0.034475309707295,0.0116839153182709
"img_00383.jpg",0.913670079676225,0.019041335798401,0.00964974774669385,0.0128337325638676,0.010245470898465,0.0121301294982185,0.00961295538433379,0.0128165484337954
"img_00398.jpg",0.829314963757857,0.0165714292558999,0.00959455975719542,0.0127457064921913,0.0224550953465133,0.00980033279874104,0.00959455975719542,0.0899233528344065
"img_00407.jpg",0.692625561222561,0.0387807400426707,0.0566386171907458,0.0833344457750256,0.0100165253351586,0.0718177744898491,0.0225334387688258,0.0242528971751633
"img_00417.jpg",0.111814991408832,0.013170757064839,0.00960234939179228,0.0102078541844356,0.00947365128945963,0.0200441215915383,0.0236842140402306,0.802002061028873
"img_00432.jpg",0.483720915678455,0.0342600149816517,0.0769213427449554,0.0312920203251489,0.129408870623039,0.144823419147965,0.0300883364512489,0.0694850800475363
"img_00442.jpg",0.0124542435782112,0.013113408387476,0.00950986262455985,0.00950986262455985,0.00946472013776535,0.00984723636455367,0.00950986262455985,0.926590803658314
"img_00446.jpg",0.607487659224643,0.107752405823927,0.0257869755327597,0.037083367179404,0.0143167615726031,0.114981201082963,0.0261226572020668,0.0664689723816323
"img_00469.jpg",0.682114882631133,0.11548717261844,0.0232215732630485,0.031796974006156,0.0133803362905327,0.0419036883405392,0.0173940631224397,0.0747013097277105
"img_00473.jpg",0.881140670705279,0.0130262380088186,0.0102432614624299,0.0161497697697137,0.0220066286199765,0.00967592618173206,0.00972198763365567,0.0380355176183946
"img_00483.jpg",0.866923182386973,0.0378040801877927,0.0123035728913521,0.0124328086586348,0.010052522787705,0.0134670012527567,0.0172693022748836,0.0297475295599023
"img_00484.jpg",0.454945088766664,0.328743690268083,0.015777805531737,0.0281306588786745,0.00980286647190181,0.0268932178979365,0.0121571732223473,0.123549498962656
"img_00486.jpg",0.789622303460678,0.035934624152526,0.0407633093978463,0.0244033628136295,0.0520180267298246,0.0314133847842186,0.0156941933911973,0.0101507952700801
"img_00487.jpg",0.129622876614791,0.0368345400379795,0.0154235372141437,0.00861369406969692,0.581639690506003,0.180779962200479,0.0172451512094129,0.0298405481474934
"img_00533.jpg",0.238001286796015,0.0569016531546002,0.0296528049063067,0.0221409637658798,0.0178155495902396,0.0434303262733956,0.0630963270465089,0.528961088467054
"img_00538.jpg",0.772484878296298,0.0629337458672361,0.0109971059280437,0.0211689291538465,0.00981868955250472,0.0346850538808931,0.0139376548968209,0.0739739424243567
"img_00543.jpg",0.923905585336727,0.00954544047477519,0.00954544047477519,0.0146395872895039,0.0112523797983191,0.00972813793266942,0.00954544047477519,0.0118379882184556
"img_00551.jpg",0.75331237985324,0.0104511517646217,0.017846808067291,0.0307621636351131,0.0172120330654345,0.101238903223488,0.01745352632816,0.051723034062652
"img_00575.jpg",0.569886403898369,0.018778969205205,0.0183763478783624,0.0185893463354318,0.0566078503671662,0.106889546486009,0.0573492076465123,0.153522328182944
"img_00582.jpg",0.513870577160379,0.0183454482184661,0.02210592734139,0.0123133215351917,0.21986945798356,0.178317394643291,0.0182350060981191,0.0169428670196035
"img_00584.jpg",0.760400330609634,0.010114904083179,0.0145826641520045,0.0174685131492447,0.166945590096071,0.00999530369215089,0.00952143934648054,0.0109712548712355
"img_00587.jpg",0.194370138137075,0.0550011504225982,0.0230686836724739,0.0163081088196691,0.0210836723908526,0.167591132446566,0.0997198591074283,0.422857255003337
"img_00591.jpg",0.380534674136526,0.0196177412342169,0.018662295625695,0.0132386344971472,0.00975195284026259,0.0874429938283269,0.0325841463087711,0.438167561529054
"img_00598.jpg",0.741982747363336,0.0358166074663048,0.0195000691474943,0.0508901697151374,0.0386812659723129,0.0620231642356825,0.0169285577854432,0.0341774183142886
"img_00599.jpg",0.582550213346648,0.0592871456449992,0.0318001092526116,0.0185054734705519,0.0366657402033735,0.0280376170543747,0.0880758980362275,0.155077802991214
"img_00612.jpg",0.434384046739786,0.010901096680194,0.0120560685849052,0.0106389374483092,0.0356351340702133,0.157400996948786,0.0483547073436266,0.29062901218418
"img_00620.jpg",0.750460566119528,0.0394293217319566,0.0455435000389691,0.0243500962551454,0.0238826009049044,0.0618546816745913,0.0282363591512288,0.0262428741236765
"img_00642.jpg",0.218963387901968,0.0939367263269686,0.0379103488846718,0.551549873317994,0.00969426425902641,0.0346845956437945,0.0175212731976287,0.0357395304679474
"img_00646.jpg",0.0351037684552075,0.0370186886160774,0.0370725481519313,0.0155601060972582,0.00954775993649395,0.0502902881905159,0.0235932023347034,0.791813638217812
"img_00648.jpg",0.92654133805557,0.00955280426295624,0.00955280426295624,0.00988463572040595,0.0135955014758556,0.00977357031072082,0.00955280426295624,0.0115465416485791
"img_00650.jpg",0.462589504093807,0.0330966888802202,0.021380702437684,0.0219819538607159,0.0400762846237525,0.32781987940458,0.0729132955731284,0.0201416911261115
"img_00654.jpg",0.584538298251845,0.0323883663138642,0.0429577305359579,0.0219927260671392,0.139921613724538,0.101089418344166,0.0342748422531024,0.0428370045093862
"img_00664.jpg",0.72845153668262,0.0716498624849793,0.0235992609486525,0.0164680995103024,0.0104702707189518,0.0353819440687528,0.072598493683161,0.0413805319025802
"img_00697.jpg",0.0123701679467548,0.0206457064749915,0.0119889429784427,0.00955629651133805,0.00945010889846118,0.0109927871926217,0.00955629651133805,0.915439693486052
"img_00708.jpg",0.269951164525068,0.0591306905770656,0.0358843130949595,0.0290704558277884,0.0346526987261182,0.276687623826996,0.153316693024687,0.141306360397317
"img_00717.jpg",0.499178794965517,0.115759179795682,0.0158939907267581,0.0574951025445514,0.0098069093763645,0.237240563782718,0.0273070960940037,0.0373183627144056
"img_00718.jpg",0.630824563667287,0.0197200701196507,0.0314520712354902,0.028412012299535,0.0096828254504401,0.157403263994639,0.0158545278329605,0.106650665399997
"img_00724.jpg",0.121206846665566,0.0149247419831142,0.0457499825686079,0.0125449077678723,0.0416293385500424,0.0901271251016715,0.337052074440238,0.336764982922887
"img_00726.jpg",0.916194079458538,0.0114473123674925,0.00964718241027298,0.0101604782573913,0.0095102144528934,0.0131389953316988,0.0118918821334083,0.0180098555883046
"img_00730.jpg",0.110695622965286,0.0244152129064133,0.0141413314088588,0.0134746736242127,0.0114435203311459,0.0575854160954752,0.0432442409589128,0.724999981709695
"img_00757.jpg",0.775628283847557,0.0237137152166913,0.0162404428102173,0.0538716137694781,0.0138906325410839,0.0657989770365961,0.0162879832777264,0.0345683515006501
"img_00760.jpg",0.502434424451061,0.058314498706394,0.0186419232671519,0.338019405583613,0.0157014935148733,0.0336592783702172,0.0128126994192481,0.020416276687442
"img_00764.jpg",0.0122853213724368,0.0107178170142377,0.02097444644764,0.00956507534702691,0.00958093994914367,0.00956507534702691,0.00956507534702691,0.917746249175461
"img_00765.jpg",0.113897257275841,0.103548678340464,0.0310718097064179,0.0713218122919171,0.0126010568796882,0.527619764812306,0.0357756026802946,0.104164018013072
"img_00773.jpg",0.811163369443433,0.0460578641939849,0.0468667608156798,0.026633526116416,0.0100319313584072,0.0276112208653002,0.0211798244735243,0.0104555027332542
"img_00777.jpg",0.653340513168415,0.0716283436123773,0.0195478337208332,0.0132271489136403,0.0283819567802252,0.140070603157859,0.0418851863693903,0.0319184142772596
"img_00780.jpg",0.013173216020401,0.0305306568942572,0.0323746080211565,0.0135299676367588,0.00971704011965138,0.0189029896545828,0.0267727751812208,0.854998746471971
"img_00798.jpg",0.556083728884288,0.139396854512171,0.0512476591922997,0.125721004848967,0.0513429737427531,0.0318969558029671,0.0231516956799931,0.0211591273365608
"img_00808.jpg",0.748035428341145,0.0767144342222328,0.0124825572450616,0.0304104046712682,0.00970792119981175,0.0219960703201555,0.0109721356618573,0.0896810483384682
"img_00816.jpg",0.870312087625875,0.011378392293722,0.0229822182258635,0.0137598318700978,0.0271941659438932,0.0155226770468954,0.0228941271499393,0.0159564998437137
"img_00833.jpg",0.207475853629461,0.0638334949017458,0.0586868302253492,0.02983169497787,0.0213617776269762,0.31300227936351,0.166748503899146,0.139059565375941
"img_00837.jpg",0.649174567801148,0.131352487435137,0.0177320677592487,0.0186605905504819,0.0363825858408225,0.0888356201463096,0.0157673548831692,0.0420947255836838
"img_00855.jpg",0.43835922409475,0.122816383935721,0.03773548002623,0.0372087884252766,0.0397356938298501,0.137517206533007,0.0385955131408274,0.148031710014338
"img_00857.jpg",0.819863288538551,0.0245225596483312,0.0245255922181132,0.0149558518451305,0.0223300210749528,0.0428564573365375,0.023589013887711,0.0273572154506734
"img_00858.jpg",0.590396671293078,0.0165458376029417,0.0106815393813103,0.0104436388970173,0.013367827525083,0.300021512092576,0.0230756493289473,0.0354673238790457
"img_00865.jpg",0.862707799467489,0.0494012565719367,0.00969832577156658,0.0136150565702091,0.00962924198792984,0.0149392246619138,0.00969832577156658,0.0303107691973887
"img_00902.jpg",0.0305011115372113,0.0110397201173651,0.0288145465477364,0.022319108808381,0.0104684316326844,0.0214554247011452,0.854647359670008,0.0207542969854688
"img_00914.jpg",0.0122587178083493,0.0105003393541565,0.00946273005477881,0.00946273005477881,0.00942817219096636,0.0101014371482836,0.00946273005477881,0.929323143333908
"img_00921.jpg",0.374298957465537,0.0234701292504243,0.0396056260245402,0.0148796769584863,0.042148570476629,0.168362319399091,0.0862029207586709,0.251031799666621
"img_00927.jpg",0.288798190103168,0.0881104776099855,0.0328707714871347,0.0124445512583532,0.0221108566460776,0.040226666555267,0.0740821647203088,0.441356321619705
"img_00943.jpg",0.893458282616428,0.0238609574897616,0.00964228894737799,0.0109600835615455,0.00957992128995754,0.0104143170884118,0.0110601811974074,0.0310239678091105
"img_00959.jpg",0.914060427846768,0.00954694150396802,0.00954694150396802,0.009831268364779,0.0274713082520988,0.00954694150396802,0.009958929942394,0.0100372410820559
"img_00962.jpg",0.0240727392540304,0.0718773492171116,0.076486090119744,0.0145637255792707,0.00957391436490426,0.0119593485018384,0.01018747534068,0.781279357622421
"img_00964.jpg",0.0126830128833715,0.0345457563792883,0.79231348107404,0.0143280800595339,0.00974158042736002,0.0165549668915186,0.0177114668718297,0.102121655413058
"img_00974.jpg",0.695292404212195,0.0965722022468091,0.0272722054766698,0.028007796254434,0.00979334047059424,0.0353068594482431,0.0164802012712811,0.0912749906197739
"img_00979.jpg",0.0286801519797896,0.0161098878529782,0.0651114305413716,0.00967851131559205,0.0096717415901248,0.0156033256698292,0.00977756888990846,0.845367382160406
"img_00985.jpg",0.479944628168195,0.0549985679931116,0.0122988169022011,0.0188738025209747,0.0410385751055271,0.0575753642493132,0.0361229548381433,0.299147290222534
"img_00999.jpg",0.653655439981019,0.0175277708582726,0.0202942367804937,0.0155468075241067,0.0117152204607616,0.0372103472204887,0.05384402759793,0.190206149576928
"img_01022.jpg",0.552312253885366,0.0491897810683126,0.0318651890485687,0.0276064559941812,0.0780679585376767,0.180845487793813,0.0283690961150981,0.0517437775569835
"img_01031.jpg",0.606410996072482,0.0184995898147609,0.0874362023231884,0.0328888301630213,0.0419683306665748,0.10653261732974,0.0411741426785673,0.0650892909516655
"img_01035.jpg",0.683735424704139,0.0710041039494619,0.0206765596640681,0.0188662840007612,0.0182265239986977,0.145558260555901,0.0321255125640274,0.00980733056294386
"img_01059.jpg",0.145753440866193,0.0574470410855157,0.0122035609712532,0.0132267211195075,0.0119827110416747,0.111252267311587,0.0397902535390613,0.608344004065207
"img_01102.jpg",0.289552636537753,0.393683996785914,0.0284731393852295,0.0287957060147589,0.0178323950440067,0.0570418721246489,0.0309204880950466,0.153699766012643
"img_01103.jpg",0.0611697780541401,0.162181672819886,0.0175963815486265,0.0391158732427947,0.00982565323668782,0.0171836539725265,0.0477633189211091,0.64516366820423
"img_01116.jpg",0.671507691165936,0.0878012840746333,0.0168025321660396,0.0289070597557144,0.00980039370769124,0.0392489536491713,0.0188782519915805,0.127053833489233
"img_01188.jpg",0.237749452470183,0.110129404621464,0.0336222268940559,0.0535251959085792,0.0170938045790027,0.421262135945666,0.0227672519943517,0.103850527586698
"img_01198.jpg",0.281382171805749,0.0133608112478119,0.0620396788180642,0.0112047329268798,0.307095538194874,0.0796736007233272,0.219083843632834,0.0261596226504592
"img_01211.jpg",0.881514376288391,0.0291745561769445,0.0165307457220943,0.0156979610390039,0.0149112785432465,0.0118162521675477,0.0136822581006492,0.016672571962123
"img_01213.jpg",0.779579480351291,0.0370184562918143,0.0119166999686047,0.0270897046079026,0.0262933547361692,0.0663813061284231,0.0164474035173325,0.0352735943984628
"img_01222.jpg",0.198420669780736,0.274315186615835,0.0200186865812927,0.0425368136113111,0.00982418687158048,0.0943799053193637,0.018556995712318,0.341947555507563
"img_01224.jpg",0.0686379895893707,0.0454541735523899,0.124072612773266,0.0133485772232789,0.00978984613829912,0.0249552857317729,0.01430987972939,0.699431635262233
"img_01253.jpg",0.0169439779457566,0.0145974216007039,0.00947188060791569,0.00947188060791569,0.00941988031658062,0.00947188060791569,0.00947188060791569,0.921151197705296
"img_01286.jpg",0.548094051755115,0.0287745294272583,0.0179991058291594,0.0207509282088851,0.1606888927188,0.0728500008896644,0.0192934497030582,0.131549041468059
"img_01289.jpg",0.175850396001475,0.0890316971717245,0.0107506974027467,0.0144027084047021,0.0105903303612522,0.149423138363228,0.0481763864951646,0.501774645799707
"img_01328.jpg",0.819492938113726,0.0460906331743165,0.0104539381593362,0.022229537045104,0.0134224218481989,0.0417560705083646,0.0133432724398989,0.033211188711055
"img_01371.jpg",0.631181801783745,0.0115310742593215,0.0134089097840067,0.0116307230445329,0.130229341069138,0.0159378356054816,0.0180424248859522,0.168037889567822
"img_01379.jpg",0.788047640040429,0.0233402094802795,0.0337434392371176,0.0234026040818507,0.014792485417543,0.0627923333370358,0.0294493751340516,0.0244319132716925
"img_01384.jpg",0.475460351613577,0.0348622606796928,0.0670996607097488,0.025460521676034,0.129102520078834,0.156771293130461,0.0221004745077372,0.0891429176039154
"img_01388.jpg",0.660769855908152,0.077773096984203,0.0145074381397765,0.0107276163695256,0.01759137317854,0.17101359822114,0.0176126703176488,0.0300043508810148
"img_01392.jpg",0.0133518927666744,0.0751886568033089,0.41800993703807,0.0132216147640345,0.0111447067219685,0.0309644494198969,0.0161241757766109,0.421994566709436
"img_01399.jpg",0.0181060071174466,0.523851503995235,0.0702652601378546,0.0119620576265682,0.00970874365801936,0.0592115039861551,0.0137858332293987,0.293109090249322
"img_01404.jpg",0.780618908692417,0.0471905851623996,0.0160418533179504,0.0509349539134389,0.0144554013043021,0.0343481392919533,0.0122059442588389,0.0442042140586999
"img_01405.jpg",0.822368225327876,0.0292061024861623,0.0136111685156295,0.0306775530224264,0.0460046901056868,0.0360304476565214,0.0116165810455283,0.0104852318401688
"img_01413.jpg",0.801271627369582,0.0219754713966824,0.0250780187258733,0.0161061621512691,0.0725942707083631,0.0326806619240308,0.0169165908875733,0.0133771968366263
"img_01426.jpg",0.084101650110284,0.42322782688132,0.0135240238350425,0.0146025029735964,0.00969679120950327,0.0156978998218019,0.121922754801674,0.317226550366778
"img_01431.jpg",0.334425261760508,0.100963864285472,0.0198999962776836,0.437389341532358,0.0137126231125448,0.0574528635539208,0.0144242529829195,0.0217317964945935
"img_01441.jpg",0.0169381417509685,0.0095685577549458,0.0101871792843617,0.0095685577549458,0.00951078825774418,0.0137085063014244,0.0108018779923529,0.919716390903257
"img_01444.jpg",0.101873747909269,0.0246402321317185,0.0110734863208867,0.0105243196205732,0.00979961785637197,0.0500199269800111,0.0193040274577267,0.772764641723443
"img_01490.jpg",0.0362391090546925,0.048109664319866,0.18363660716431,0.0223793494184211,0.00962710136558279,0.0118827286529789,0.0241074892210607,0.664017950803088
"img_01495.jpg",0.612471331584437,0.0509781495466968,0.0109660935841906,0.0144329753227735,0.00974552676143512,0.0568548330866918,0.0142802451875304,0.230270844926245
"img_01511.jpg",0.651668469590359,0.0595480928343935,0.0626259827052143,0.0503762845614458,0.0132493472558771,0.0934329510123908,0.0504808374555254,0.018618034584794
"img_01519.jpg",0.391123104617147,0.0922669601207596,0.0307405304720803,0.0405937469960944,0.0222851551163325,0.284029185004934,0.0366318275525381,0.102329490120114
"img_01530.jpg",0.757981549278826,0.020370884388489,0.0111586389873459,0.0221421176900922,0.0918712733089302,0.012228526299203,0.0100020837209736,0.0742449263261402
"img_01537.jpg",0.759936637541504,0.0202589811228318,0.0452416123886015,0.0218276524275075,0.0570172844846897,0.0302786752299149,0.0190240834124054,0.046415073392545
"img_01538.jpg",0.874106698140466,0.0176521858230792,0.00969891351248165,0.0109740348622106,0.00992092172510604,0.0530996627882307,0.0105892750159908,0.0139583081324353
"img_01543.jpg",0.873890758413878,0.0212858733185718,0.011640907388685,0.0159575364415981,0.0433950972679438,0.00955592647318488,0.00955592647318488,0.014717974222954
"img_01548.jpg",0.834059079102725,0.0214670054435736,0.0386460359439299,0.0147915901713127,0.0427502048334262,0.0110655692259364,0.0137902220661552,0.0234302932129408
"img_01552.jpg",0.891143397631013,0.0220253816592424,0.0199081702244425,0.0146550529558014,0.0123977170275898,0.0114416057139552,0.0147630495799715,0.013665625207984
"img_01571.jpg",0.872026978255138,0.0118985291718372,0.0116716635299169,0.0165204166089622,0.00956090844140393,0.0102245460859498,0.0348602625126692,0.0332366953941233
"img_01593.jpg",0.260046365750166,0.0442032298786906,0.02245943986779,0.0127139203614756,0.0134324307120586,0.195295198512427,0.0679979224917672,0.383851492425625
"img_01616.jpg",0.739385316509821,0.0540356768371118,0.0233129622431608,0.0332897992244974,0.0421460544149396,0.0414314978686631,0.0181543823327834,0.0482443105690229
"img_01618.jpg",0.821466707819931,0.0309535457223794,0.0127047017869761,0.0220216846103548,0.0153755033275957,0.0716325487028814,0.0148176674000597,0.0110276406298222
"img_01627.jpg",0.733168570323702,0.116071433186325,0.0169959726401323,0.0199076743179476,0.0097126326435825,0.0602711928844297,0.011341759006337,0.0325307649975435
"img_01632.jpg",0.633062405998877,0.104871138842211,0.0571804807059051,0.0132712632337642,0.0398431835652462,0.0397616880497796,0.0486243916993651,0.0633854479048513
"img_01633.jpg",0.492172983645933,0.0188162865785091,0.0144271824978885,0.0134933358181289,0.0211366468802343,0.189028260252332,0.0419755094238719,0.208949794903102
"img_01640.jpg",0.927467818806769,0.00949648309690666,0.00949648309690666,0.0101100088773947,0.0139787741055964,0.00957579840810794,0.00949648309690666,0.0103781505114119
"img_01646.jpg",0.747365512280238,0.0270256519922183,0.0123069981595819,0.0186495314921126,0.0100762671410601,0.129594382686335,0.0142485414043344,0.0407331148441192
"img_01657.jpg",0.0153545437325125,0.0419576954585691,0.714774268618516,0.0123440284990689,0.0103802485721332,0.0310012676434791,0.0194491391591506,0.154738808316571
"img_01669.jpg",0.354322242435179,0.123638625359947,0.0252988299499847,0.387516780679848,0.0196709619667005,0.0454561324296561,0.0182092026821976,0.0258872244964871
"img_01681.jpg",0.228571937346531,0.00975749013239375,0.00985505277663068,0.00975749013239375,0.026105074989299,0.0480129979725234,0.0336426244763713,0.634297332173857
"img_01684.jpg",0.486617134132145,0.136488435453152,0.0650392041922296,0.0829966262110712,0.00977408608087765,0.0464090401677434,0.0201619844958509,0.15251348926693
"img_01687.jpg",0.28863176565012,0.0215166465387444,0.022297822882738,0.0150659522921512,0.00995823336681154,0.024526159906673,0.0491730808321787,0.568830338530583
"img_01688.jpg",0.168681265632386,0.128495207442969,0.0180557595050155,0.0153377117694057,0.0105691639495932,0.152597920921798,0.0440394824426633,0.46222348833617
"img_01689.jpg",0.0259126650418613,0.0282574707670566,0.0575998997878562,0.0108153814247077,0.00978310161208324,0.0725215990826607,0.0298464691438946,0.76526341313988
"img_01724.jpg",0.728534514633261,0.0129281813932252,0.0413731305898917,0.0194030132876447,0.0648778841814258,0.0448423008769218,0.0313411774588187,0.0566997975788116
"img_01771.jpg",0.689773405764944,0.0706359780386649,0.0121295520972703,0.0194176588568038,0.0114274152732673,0.0875755952856672,0.0168446582366272,0.0921957364467558
"img_01773.jpg",0.37284256779655,0.0445843317428375,0.0201372270010677,0.0233171861976487,0.0148336699111696,0.0211287875339791,0.102559612018146,0.400596617798601
"img_01802.jpg",0.694724826098851,0.0299222019304956,0.0300824687682597,0.0149161046338616,0.176205100654978,0.0188169002615713,0.0207004138461419,0.0146319838058409
"img_01803.jpg",0.0191570079038418,0.0587556544934317,0.702734371824078,0.0200516286221267,0.0108613160465791,0.0174040985304878,0.0164446109528918,0.154591311626563
"img_01824.jpg",0.454671326950912,0.0167314889228435,0.0217089795118567,0.0158783033190803,0.0529011035292802,0.161658843207114,0.0477873007002288,0.228662653858684
"img_01831.jpg",0.439458687875309,0.0148156225730332,0.0270721827240299,0.261569134480294,0.0125817030142828,0.102935099971072,0.0347918967191182,0.106775672642861
"img_01834.jpg",0.0507159223029316,0.0479722091327037,0.112508794609682,0.0137746402758956,0.0097301098241805,0.015398905578197,0.0104874805630787,0.739411937713331
"img_01847.jpg",0.122189976284035,0.0856517150442333,0.0192068968428378,0.0144995353153625,0.011302398306113,0.0501393045279254,0.0464481737840314,0.650561999895462
"img_01853.jpg",0.314847868115033,0.0970918728875582,0.0423707831177316,0.0176652666242404,0.020495687182567,0.0499247796061498,0.0871839708229552,0.370419771643764
"img_01856.jpg",0.92322699994116,0.00975768568074016,0.0141821618704101,0.0110361839459034,0.00947905118109925,0.00957835229561762,0.0102564328231463,0.0124831322619236
"img_01862.jpg",0.777792018559156,0.00976226489084926,0.021996675505733,0.0118782419919741,0.0619827204138166,0.0521083570464822,0.0322726855166052,0.0322070360753837
"img_01874.jpg",0.646863375763653,0.0144271860624402,0.020985899583252,0.0278375871207595,0.0227512360393908,0.139351850423028,0.0590601090185795,0.0687227559888973
"img_01888.jpg",0.127326735732417,0.0913658401550243,0.0329105380672317,0.074979158118886,0.0173713314702303,0.496500551367568,0.0427862287773684,0.116759616311274
"img_01918.jpg",0.383230777755301,0.0696610320571321,0.0229967186204402,0.396933680111359,0.00983112531042604,0.0369131135162876,0.0159294740716784,0.0645040785573755
"img_01930.jpg",0.69758576309602,0.0372458635058825,0.0390147700641344,0.0400216245819856,0.0128188306260855,0.135852010650668,0.0241414459249584,0.013319691550265
"img_01932.jpg",0.67485990407851,0.0993663729514383,0.0196680791984458,0.0302305649512575,0.011426051794673,0.0475125261607539,0.0173542985187663,0.0995822023461554
"img_01955.jpg",0.0141596375942256,0.00946070393592453,0.00946070393592453,0.00946070393592453,0.00943006343712598,0.00946070393592453,0.00946070393592453,0.929106779289026
"img_01963.jpg",0.753884981741314,0.0270422573083499,0.0166673694889773,0.0162723262344401,0.0095614879656596,0.0665261860307507,0.0246226423899226,0.0854227488405857
"img_01966.jpg",0.893352489847277,0.033560929320046,0.00958119695074451,0.0112227551280278,0.00955178851156878,0.0121568489981982,0.00958119695074451,0.020992794293393
"img_01983.jpg",0.577660380880641,0.0363268731470506,0.0469639105366056,0.019147930074716,0.207721641537586,0.0459086527771327,0.0135919558903617,0.0526786551559059
"img_01984.jpg",0.132270908630758,0.0295100640525961,0.0140221598007194,0.0153322692084412,0.00954218711920134,0.0487724785969389,0.0277556221534809,0.722794310437864
"img_01996.jpg",0.314250256947279,0.0502169423861996,0.0241570058415466,0.025219744697559,0.0129122393399872,0.350260562717749,0.0902317394358749,0.132751508633804
"img_02001.jpg",0.139196209126233,0.0260795928873419,0.0354557311029078,0.0110133152763638,0.0167237843099161,0.281935960178566,0.0368505960636929,0.452744811054978
"img_02006.jpg",0.320862257987312,0.0434382083764015,0.231771414099122,0.0702376842824215,0.0114805539966266,0.0651994090500967,0.0190757244386504,0.237934747769369
"img_02066.jpg",0.79536096140689,0.0151236549442346,0.0336988664277267,0.0255905822178675,0.0366383288963532,0.0642755384247652,0.0151073693391031,0.0142046983430595
"img_02074.jpg",0.662830478222695,0.0214817313224273,0.0229778667901914,0.0204717368353619,0.0331859547888036,0.171461801261778,0.0358425934343492,0.031747837344393
"img_02076.jpg",0.258383669864922,0.424914771550662,0.0219397018884147,0.0170040606399411,0.0137802943419766,0.0291428638649872,0.0267964014599928,0.208038236389103
"img_02077.jpg",0.337609153437895,0.0338158948113675,0.0361563789693462,0.401191974755799,0.00991220475377395,0.089546731787906,0.0400973331349726,0.0516703283489393
"img_02096.jpg",0.92846501868749,0.00952149712055648,0.00952149712055648,0.00954378474756197,0.00943680394640541,0.0130746732732113,0.00952149712055648,0.0109152279836618
"img_02119.jpg",0.532193967785442,0.0241068544356802,0.259779669477797,0.0270567252670275,0.0104160490558682,0.08608348391272,0.0309070905444768,0.0294561595209885
"img_02172.jpg",0.812086281008119,0.0209619634992701,0.0324652175164937,0.0149373702747801,0.0610696462099703,0.0170331846601669,0.0118020241534741,0.0296443126777263
"img_02180.jpg",0.746123848027004,0.0652029107299351,0.0153754990197307,0.0322906197343468,0.0232689908656466,0.0629190014914353,0.0160105054594093,0.0388086246724923
"img_02188.jpg",0.59730396552045,0.0425578243836042,0.0243720090838963,0.0212456914870561,0.0423346976752033,0.0691763119681616,0.0810910435328075,0.121918456348821
"img_02209.jpg",0.399582916526063,0.0205994277583209,0.0489871757671087,0.0218368067987138,0.0592677080166861,0.309260212633696,0.0659338617130888,0.0745318907863229
"img_02252.jpg",0.893221158860818,0.0188319751795392,0.0105933014195832,0.01383309466457,0.00947368660356103,0.014455958900511,0.0170058744898385,0.022584949881579
"img_02268.jpg",0.794146706473368,0.0259128843697514,0.0262433096523915,0.0256001201687687,0.0223525723377412,0.066346487808384,0.0208171470243012,0.0185807721652942
"img_02270.jpg",0.524608658441258,0.0299219759283355,0.0591371690150655,0.0252475879690609,0.0625490636035177,0.177636917878067,0.0569071233050834,0.0639915038596124
"img_02281.jpg",0.295704766511346,0.0812374945971346,0.021882522335357,0.484046512521554,0.00976663799877157,0.0782173613942908,0.0163713740312726,0.012773330610274
"img_02282.jpg",0.0123991467921935,0.0152083029528422,0.00950418500845033,0.00950418500845033,0.00944893234898987,0.0109496028216133,0.00950418500845033,0.92348146005901
"img_02291.jpg",0.773010469667116,0.025737379042179,0.0494314380418392,0.028806943038146,0.0094508097317931,0.0301611500781615,0.0218873084062901,0.0615145019944747
"img_02299.jpg",0.211890776986888,0.174637235353413,0.0213231015230993,0.0286318122918674,0.00987524969890958,0.124029140098192,0.0281444967717572,0.401468187275873
"img_02307.jpg",0.104357117275458,0.0252163357750822,0.013327494716095,0.0121718736280109,0.0396912824435426,0.0756876868188777,0.0453905469945725,0.684157662348361
"img_02309.jpg",0.914467932683664,0.0122676082670915,0.00957978140125195,0.0160110526130936,0.0139872955296922,0.00957978140125195,0.00957978140125195,0.0145267667027032
"img_02318.jpg",0.0584484856813555,0.0120603988354665,0.00979062472046256,0.00974538906245933,0.00971194962629397,0.0258629681301122,0.0116998892779043,0.862680294665946
"img_02356.jpg",0.0775933991479539,0.0304949308542172,0.0399466921978918,0.0363150320431459,0.0131504772796649,0.0359045016868617,0.0506293176018714,0.715965649188393
"img_02367.jpg",0.695559554433708,0.0252380456297174,0.0125469950141332,0.0120234619515554,0.10546139125829,0.106074615780601,0.0214376116947945,0.0216583242372001
"img_02379.jpg",0.362504151718229,0.034497551394815,0.0142477972193082,0.0126108310539492,0.00960868676438148,0.0470519183040047,0.0230314541313197,0.496447609413992
"img_02384.jpg",0.580960089540377,0.0254507031806823,0.0147786959441164,0.014705818908623,0.0465428617683009,0.138345822686678,0.0410330113621202,0.138182996609102
"img_02398.jpg",0.74350539114081,0.048583308785249,0.0108163405639177,0.0212944735840447,0.00976776215357402,0.0898212048329808,0.01125993278006,0.0649515861593637
"img_02400.jpg",0.853014453027407,0.0206571138348162,0.0277148130180168,0.0157308433922652,0.00975293044850451,0.042940965120862,0.0109549541093573,0.0192339270487711
"img_02406.jpg",0.360862356495494,0.0193708186317749,0.0493840981525668,0.481218325448053,0.0101018581173178,0.0222290966986156,0.0210783122282913,0.0357551342278861
"img_02412.jpg",0.783304110449486,0.013234032366822,0.0142099551979525,0.0152695208976321,0.0494551745643638,0.0164403944895002,0.0202892996337996,0.0877975124004439
"img_02422.jpg",0.296063263178688,0.131774727981078,0.0286266047873513,0.0482763929689247,0.0191612216394772,0.0416797076330233,0.0586588457278997,0.375759236083558
"img_02486.jpg",0.864642339276717,0.0415963188064895,0.0113461584196406,0.0101905028867126,0.00969747739342217,0.0171315002878972,0.00969413303622728,0.0357015698928941
"img_02487.jpg",0.867287246704813,0.0203660508445911,0.016158050716049,0.0123798053350122,0.011422605149888,0.0128353366048653,0.0170476165317379,0.0425032881130433
"img_02522.jpg",0.835531514933505,0.03240986363876,0.00973655710091533,0.0137779962469707,0.0412260526784861,0.041761433986094,0.0133977977741177,0.0121587836411511
"img_02556.jpg",0.277628693207666,0.0628459790256788,0.0171022192742569,0.012688441137694,0.00991520810775726,0.019459170226139,0.0261851855125343,0.574175103508273
"img_02565.jpg",0.317618536969973,0.0382032385560413,0.0379878698755214,0.0168446309427008,0.053947357718085,0.112741933374444,0.0895094514553403,0.333146981107894
"img_02574.jpg",0.66480472470931,0.0100781818575422,0.0130956226601108,0.0129841010145688,0.24153292179247,0.0280964685147252,0.0101527858056672,0.0192551936456066
"img_02602.jpg",0.628099330227309,0.146710228078956,0.0246144885403708,0.0246117015120071,0.0186606292067294,0.0835196952376746,0.0268237247973718,0.0469602023995811
"img_02622.jpg",0.603177393397536,0.0267970721482192,0.034134409084568,0.0302026032943207,0.0157878474833056,0.0527561439415766,0.043708672905723,0.193435857744751
"img_02625.jpg",0.44841749555908,0.0350318563898858,0.0151209953203474,0.0134753636065559,0.0200799487914608,0.345747067157657,0.020990726007161,0.101136547167852
"img_02636.jpg",0.892486392842814,0.0218913283713507,0.00972723639610134,0.0130529654375569,0.0100408686395871,0.00971534720944607,0.013192924917758,0.0298929361853859
"img_02638.jpg",0.79357955983566,0.0693997707026373,0.0147587262605685,0.0244554618441474,0.0229839535804677,0.0337484620944896,0.0154730890837218,0.0256009765983077
"img_02646.jpg",0.0151786190755323,0.0412997993832454,0.00985727052972158,0.0122866208731097,0.00964647329256161,0.0102397563739455,0.00967016802381459,0.891821292448069
"img_02651.jpg",0.854592551293814,0.0148934654847646,0.0166702748706856,0.0215494689655967,0.0393690391341483,0.00961129777622387,0.0124415565749495,0.0308723458998176
"img_02656.jpg",0.810930037380293,0.0636827415541623,0.0128642005125625,0.0353734521063995,0.00966537735201158,0.0102490047418044,0.00972755836997244,0.0475076279827938
"img_02666.jpg",0.878521357328545,0.0121020872233737,0.0198536789844108,0.0118127203875916,0.0445195983577793,0.00955417714772732,0.00955417714772732,0.0140822034228455
"img_02687.jpg",0.0973983776903192,0.0147206364761464,0.0112866807181465,0.00973194568628601,0.00971316485471247,0.0161769839750272,0.00973194568628601,0.831240264913076
"img_02699.jpg",0.724746940302081,0.00958616272767036,0.00952922327279076,0.0177619619514586,0.0698787005087431,0.0127064533375215,0.0100856072368382,0.145704950662897
"img_02703.jpg",0.236507141596734,0.0358891492682182,0.145843124994605,0.0307111187139011,0.0278303177469423,0.041176527305349,0.0936229046861592,0.388419715688091
"img_02709.jpg",0.599213179776042,0.0293973048573434,0.0189804969046778,0.0496426445621935,0.0165356833631995,0.180065702856998,0.0211839895309297,0.0849809981486155
"img_02726.jpg",0.588117125245723,0.0327919027009598,0.0629153984690062,0.0245927117282302,0.167304445237568,0.0774969139139129,0.0180702849840073,0.0287112177205927
"img_02733.jpg",0.658199569620986,0.0458443449586811,0.0623701247435322,0.0749657112818089,0.0451032791470732,0.0526813077288818,0.0226695759346469,0.0381660865843903
"img_02734.jpg",0.512818389767762,0.0450074300754849,0.027329897124405,0.00996160545352913,0.179204400173688,0.185021665525194,0.0192434252258665,0.0214131866540704
"img_02739.jpg",0.921396939888821,0.00951445334932032,0.00951445334932032,0.00951445334932032,0.0175851945571456,0.00951445334932032,0.00951445334932032,0.0134455988074318
"img_02749.jpg",0.447183617737914,0.0177355907438569,0.025322309221286,0.240957213699186,0.0151442623816207,0.121715821419986,0.0323353860631954,0.0996057987329542
"img_02759.jpg",0.123261894720849,0.036018834266261,0.0959818969554256,0.0223878177796836,0.0109062258689397,0.0180567484899293,0.0315257487438638,0.661860833175048
"img_02764.jpg",0.915106694626674,0.0104637743540813,0.0149080965662091,0.0138153603372046,0.0138960186558079,0.0101954169499874,0.0120182992237968,0.00959633928623893
"img_02766.jpg",0.880048938330053,0.0266158318530114,0.0180841949715113,0.0157858669492092,0.0149112519144179,0.0140429688201474,0.0163667701055105,0.0141441770561389
"img_02769.jpg",0.100639063409102,0.0280064742199992,0.0744858157277217,0.0209512943192868,0.00959370899346695,0.0332903756935307,0.0369199156734133,0.696113351963479
