"image","ALB","BET","DOL","LAG","NoF","OTHER","SHARK","YFT"
"img_00007.jpg",0.0499697456792414,0.0427253973724194,0.00884013039915039,0.0134435322264594,1.00292928635822e-05,0.00309579196332309,0.00294544873354946,0.878969924332993
"img_00009.jpg",0.89330566931145,0.0548185354721684,0.0031133123193841,0.0030562789219177,1.0028957770101e-05,0.0383790236807667,0.00302707365057768,0.00429007768596503
"img_00018.jpg",0.776782391113069,0.0599496813142131,0.00366926817631709,0.0215725237708949,1.00302243390423e-05,0.122344538280972,0.00465342017080546,0.01101814694939
"img_00027.jpg",0.290032646176396,0.0264397282059844,0.00758108655274379,0.00324340074778014,1.01115155862e-05,0.107815419423743,0.0113677162086419,0.553509891169125
"img_00040.jpg",0.120747111599081,0.0271287769155943,0.00464954875333124,0.0037430972450271,1.00690134456771e-05,0.00886920515775612,0.773435503876109,0.0614166874396551
"img_00053.jpg",0.924378778556654,0.0178408442480819,0.0117392974556848,0.00729720934578119,1.006688793522e-05,0.0169893609976079,0.00623846289128773,0.0155059796169672
"img_00071.jpg",0.00223101119570123,0.00117029119628349,0.000289647204472943,0.995357032035511,9.98222415895323e-07,0.000358597035253618,0.00028654716397029,0.00030587594639169
"img_00075.jpg",0.833347421868507,0.0215329495152804,0.0114524816047213,0.00776641311780741,1.02629773420085e-05,0.104480984678317,0.0118366289452542,0.00957285729277157
"img_00102.jpg",0.434483609869501,0.0242752481543235,0.00354586275697339,0.00416098325619941,1.00327818517617e-05,0.0165130182922587,0.00494065440088794,0.512070590488005
"img_00103.jpg",0.814520592499357,0.0296230069176951,0.0597435204484669,0.00422404693415799,1.00292042772534e-05,0.0169181216886382,0.00317526324704309,0.071785419060364
"img_00109.jpg",0.978170061958173,0.00453007836428159,0.00286369375743475,0.00286726406287919,1.0028935377556e-05,0.0036591010033712,0.00302271516170881,0.00487705675677398
"img_00120.jpg",0.654681694705438,0.0169214282414907,0.00450795775877642,0.00346974159427859,1.00413893031084e-05,0.0111513880980804,0.0628554697753118,0.246402278437321
"img_00125.jpg",0.775259933952185,0.0108163885980495,0.0156039264861247,0.0108605447486005,1.00296547032864e-05,0.0182919415101207,0.0113894900391954,0.157767745011021
"img_00128.jpg",0.00873429109460499,0.101260834354377,0.281528476972842,0.00292344112645973,1.00330495169659e-05,0.00577759153981216,0.00331611374356764,0.59644921811882
"img_00129.jpg",0.210987512822981,0.023819188274953,0.00459045496313151,0.0040362760495608,1.00754498063093e-05,0.00958168024967179,0.655422285473025,0.0915525267168709
"img_00138.jpg",0.793032234865153,0.165676705618633,0.00708627736693905,0.00469429652474204,1.00654371190244e-05,0.00771406471251892,0.0062222510530291,0.0155641044218659
"img_00141.jpg",0.00403553903621319,0.00417623196566866,0.00567086031646055,0.00286518133139281,1.00285517732913e-05,0.00311595079909225,0.00286518268490279,0.977261025314496
"img_00152.jpg",0.0150825690424674,0.00643910560509443,0.00458217258000415,0.00297765711784054,1.00407905201644e-05,0.00620629960558265,0.00383478474355383,0.960867370514937
"img_00161.jpg",0.00378003079011106,0.00285262277002739,0.00285223426964457,0.00285200946151537,1.00284197093141e-05,0.00287656755912432,0.00285201687785506,0.981924489852013
"img_00170.jpg",0.220180950652411,0.0160616821649773,0.00322146155119415,0.446085424977105,1.00349689964784e-05,0.0126343542743153,0.00307556259803909,0.298730528812962
"img_00171.jpg",0.480063466620951,0.0373262267301131,0.0593414286336141,0.0476671027519276,1.01144468986059e-05,0.358291992604328,0.00677693942958421,0.0105227287825839
"img_00175.jpg",0.515356288341284,0.0211745462508722,0.0225721908705507,0.021171886248677,1.00670570971602e-05,0.388310162081653,0.00450433211390986,0.0269005270359559
"img_00180.jpg",0.0115390269003211,0.0034956991170376,0.00382417059421794,0.00360129515420397,1.00327085960581e-05,0.00375456049388448,0.00383088639119412,0.969944328640545
"img_00212.jpg",0.167904927519235,0.00469649857804934,0.00287905135780295,0.016464012563084,1.00284608889094e-05,0.00325836147327889,0.00286710024288834,0.801920019804773
"img_00223.jpg",0.829105024732623,0.00911016681176549,0.0920075673924028,0.00865404065593489,1.0029983050808e-05,0.0354877824491706,0.00507732330315746,0.0205480646718953
"img_00230.jpg",0.786743863518498,0.108337517554167,0.00641912856954064,0.0081543074509698,1.00292633094151e-05,0.0473228393140099,0.00520333022924587,0.0378089841002593
"img_00232.jpg",0.0042499351718801,0.00310900510906385,0.00290928573445429,0.00291372486646164,1.00287799185473e-05,0.00433837094645161,0.976191953800157,0.00627769559161289
"img_00244.jpg",0.757893106760594,0.0974926253874707,0.00517883587709191,0.00673112416047738,1.00295655019925e-05,0.0486079337131763,0.00330479076157268,0.0807815537741155
"img_00272.jpg",0.808348132676552,0.012159420945708,0.0988442947583592,0.0263878312656862,1.00712486347245e-05,0.0106686248425596,0.00392682334994949,0.0396548009125504
"img_00280.jpg",0.931772048042398,0.00590931965575913,0.00821406498723434,0.00315534350156866,1.05816156007408e-05,0.00553381105388827,0.00380727938237103,0.0415975517611796
"img_00282.jpg",0.508258789037259,0.081935138856233,0.0254438309005447,0.0570491037618553,1.01014410101429e-05,0.294922394954167,0.00593033037353546,0.0264503106753964
"img_00285.jpg",0.688383925110236,0.0212093457209912,0.00395812988765118,0.00311645486206235,1.00953728944481e-05,0.00634818897541382,0.0129474565666194,0.264026403504132
"img_00289.jpg",0.973752586891277,0.00502839478305196,0.00325781881598582,0.0029407310461056,1.02079432223056e-05,0.00293390358650174,0.00469642783727869,0.00737992909657696
"img_00292.jpg",0.753810283830414,0.042750580201724,0.0037975181902179,0.00571975906602508,1.01003064883394e-05,0.0408255763302711,0.0112537306645426,0.141832451410317
"img_00302.jpg",0.141625277816637,0.0245406826224637,0.00519613799485656,0.00406944455122538,1.0124611600115e-05,0.0104733413519353,0.760311105264329,0.0537738857869525
"img_00311.jpg",0.981509824847195,0.00288134269011749,0.00286778093635099,0.0028684955672927,1.00442531770802e-05,0.00286791181110447,0.00286777652251028,0.00412682337225165
"img_00320.jpg",0.968323231819445,0.00756419169497595,0.00468760070302945,0.00292502524343404,1.00537471598768e-05,0.00406960999836743,0.00679970129060337,0.00562058550298535
"img_00331.jpg",0.884920106842863,0.00771765679120573,0.00330791083365189,0.00354178660667019,1.00974632005969e-05,0.0395984823900859,0.0126099249923869,0.0482940340799353
"img_00358.jpg",0.283908192076714,0.0229487877787592,0.00347995632434403,0.00419431052301565,1.00557180650573e-05,0.0238574872429151,0.0214874733052182,0.640113737030969
"img_00374.jpg",0.648654911496301,0.0327065560522492,0.00774056927899843,0.0151277177400169,1.00294700216511e-05,0.00534787364557407,0.00387062618194258,0.286541716134897
"img_00375.jpg",0.0489169384749004,0.0431217965331882,0.818091525550301,0.0230017006015037,1.00505165505252e-05,0.018614753578149,0.00989178667404486,0.0383514480713622
"img_00376.jpg",0.845980480599168,0.0623870424198196,0.0106867788448593,0.00299078281371464,1.0073964757177e-05,0.0227265319515312,0.0135824062987127,0.0416359031074377
"img_00380.jpg",0.89017012830034,0.0263114197562446,0.00425570294083327,0.00531207375438525,1.0031601921923e-05,0.0640709540532509,0.00443998370906883,0.00542970588395542
"img_00383.jpg",0.863321318386905,0.0109673590027332,0.00286791848371527,0.00292467442588967,1.00292166032136e-05,0.00319374421454637,0.00286763499238241,0.113847321277225
"img_00398.jpg",0.950699083143501,0.0101746043716335,0.00288762338433885,0.00288778713779211,1.00404995034912e-05,0.00297257068178557,0.00288788951998776,0.0274804012614577
"img_00407.jpg",0.955902699839069,0.0108245189153988,0.00346947197122718,0.0109819048622933,1.0029575669276e-05,0.00942871024014783,0.00375939973528126,0.00562326486091331
"img_00417.jpg",0.0791534082216618,0.00355549163003915,0.0028447827584611,0.00518567088826957,1.00283421701211e-05,0.00285105576703854,0.00284505212337885,0.903554510268981
"img_00442.jpg",0.00322503270740673,0.00291822587722615,0.00284341667244666,0.00284341618067113,1.00283334538057e-05,0.00288704037598287,0.00284343839665627,0.982429401456156
"img_00446.jpg",0.917273577632877,0.0181472059894182,0.00306329813946881,0.0119855117068995,1.00334203790112e-05,0.0123203191560619,0.00304189142060915,0.0341581625342868
"img_00469.jpg",0.934511746915506,0.0146338706676466,0.00649140817596375,0.00340013458523515,1.00518443729241e-05,0.00913541277649609,0.00322742032866567,0.0285899547061135
"img_00473.jpg",0.958870068744636,0.00433204672512208,0.00288137832833126,0.00288518306912391,1.00399629020994e-05,0.00292225590778908,0.00288316799082743,0.0252158592712679
"img_00483.jpg",0.938118823814248,0.029194026608701,0.00288717181029837,0.0028884347930718,1.00291149226363e-05,0.00337504612445882,0.00291918776742093,0.0206072799668786
"img_00484.jpg",0.145359689512828,0.0713788688707735,0.00481138601321215,0.0135972312799101,1.00295649875996e-05,0.00625753203638546,0.00593354671762409,0.752651716004279
"img_00486.jpg",0.922547592934782,0.0300727433400937,0.0176092568438291,0.0150263755074796,1.00735657678632e-05,0.00418811096944524,0.00459012396578614,0.00595572287281604
"img_00518.jpg",0.850433264637371,0.0301370029685842,0.00301922602014431,0.00656986210642463,1.01920025720997e-05,0.00304132759698529,0.00308118296569489,0.103707941702224
"img_00533.jpg",0.436924897002629,0.0174528048845372,0.0034192886111542,0.00359986487104872,1.0036718602397e-05,0.0168671490790041,0.00988395084245528,0.511842007990569
"img_00538.jpg",0.782516983402364,0.0703420904936189,0.00409542544887301,0.00724208501501552,1.00454040167509e-05,0.00746071817247577,0.00334838709530706,0.124984264968329
"img_00543.jpg",0.981333050732327,0.0028725777613112,0.00286780761245486,0.00286790275593541,1.0038370419457e-05,0.00289188105961261,0.00286780368776747,0.00428893802017226
"img_00550.jpg",0.340953280800839,0.0293058858660533,0.0419252775039144,0.0138469796972661,1.05210794886519e-05,0.522587336605551,0.00571140080963506,0.0456593176372526
"img_00551.jpg",0.812355696924409,0.0062999173092869,0.00559172365056064,0.00763662976607758,1.00433335307093e-05,0.0819283143600546,0.0100210940754685,0.0761565805806121
"img_00575.jpg",0.772498199709541,0.00976434564219067,0.00407190319229919,0.00311621986461934,1.00925833725211e-05,0.0101475397920586,0.00981379243448016,0.190577906781439
"img_00582.jpg",0.863271196641382,0.0274455206080707,0.00929873902810126,0.00480574088731798,1.03965420822273e-05,0.0551693060053399,0.0039173552443891,0.0360817450433172
"img_00584.jpg",0.952606222380786,0.00319627697369081,0.00418406205088847,0.00422016158653516,1.04789227197879e-05,0.024764600283701,0.00410890326595109,0.00690929453572803
"img_00587.jpg",0.0526066394730816,0.0146116616302129,0.00595207463530096,0.00304184142559118,1.01095629354499e-05,0.0305770955012245,0.0145536634025344,0.878646914369119
"img_00590.jpg",0.0786297743252826,0.0742662223310458,0.011663341612444,0.00338040845080963,1.00513920854635e-05,0.0115255049097473,0.0161918426348015,0.804332854343784
"img_00591.jpg",0.0575232863535303,0.00401900423664515,0.00295370083324955,0.00291694093844813,1.00290628551015e-05,0.018743722578188,0.00353727604203866,0.910296039955045
"img_00598.jpg",0.915698906156283,0.0211984944644588,0.00394149459480056,0.0122635433534756,1.0061698072452e-05,0.00926016277319252,0.00355698487146817,0.0340703520882486
"img_00599.jpg",0.753972266295763,0.0203570216484086,0.0058442558525126,0.00480265363718793,1.01144107565063e-05,0.00613864889113892,0.03387355940175,0.175001479862482
"img_00612.jpg",0.897687603957343,0.00434240501018782,0.00375680457874516,0.00392326863267767,1.00890660008025e-05,0.0582900979964591,0.0129489576940595,0.0190407730645268
"img_00620.jpg",0.838693065701304,0.0131082096646745,0.0642330649296675,0.00683498517881707,1.00668864479877e-05,0.0139736970056738,0.00473332360968587,0.0584135870237297
"img_00642.jpg",0.00222522189735713,0.00143323171978034,0.000408180512471897,0.994877128869676,9.9775086206017e-07,0.000419133521446783,0.000288262073890057,0.000347843654516109
"img_00646.jpg",0.00878818034632358,0.00348161307618792,0.00434584162938728,0.00285119311239327,1.00284097475197e-05,0.00347036440205534,0.00286798046590024,0.974184798558005
"img_00648.jpg",0.981625555404532,0.0028990404269173,0.00286948718972387,0.00286994909785972,1.00511375250757e-05,0.00289849529343491,0.0028694866899258,0.00395793476008094
"img_00650.jpg",0.209395718199892,0.018504090945699,0.0110273910490203,0.00678804273232909,1.00802744675858e-05,0.581974955341225,0.134978555929554,0.0373211655278122
"img_00664.jpg",0.914276554348808,0.0282881871949568,0.00345466296889953,0.00296103947153903,1.00441255891826e-05,0.00605697174590257,0.00719204377433918,0.0377604963699661
"img_00697.jpg",0.00320611495759326,0.0028458649319899,0.00300436784999849,0.00284208648916067,1.00283204568344e-05,0.00284208880156248,0.0028422846456433,0.982407164003595
"img_00708.jpg",0.733822754229684,0.0205018963120821,0.00573591685830485,0.00492958651385371,1.00543840578089e-05,0.0830550489189514,0.0346891624602632,0.117255580322803
"img_00716.jpg",0.0722460031181405,0.110427206518892,0.0103093238548619,0.00740736359569336,1.01006261106477e-05,0.572179080019168,0.0203725458850432,0.20704837638209
"img_00717.jpg",0.583764443259127,0.249470902372699,0.00853338672522376,0.0201353217391664,1.00296456270035e-05,0.119778660898479,0.0103645103455829,0.00794274501409489
"img_00718.jpg",0.944172664440504,0.00294490176960318,0.00635294697354818,0.00644816890690378,1.00400414201776e-05,0.0207635322218222,0.00559852868781131,0.0137092169583877
"img_00724.jpg",0.0462217255301794,0.00332855114700522,0.00706493818196954,0.00340520557242796,1.01612824301412e-05,0.0158860970334873,0.310964053558609,0.613119267693891
"img_00726.jpg",0.981647477802617,0.00364135184193868,0.00284759195516196,0.00284760353694257,1.00283750486109e-05,0.00299949203159653,0.00299688999983585,0.00300956445685885
"img_00729.jpg",0.963039555045414,0.00864611222998875,0.00329441343837164,0.00309394600433589,1.06655391962652e-05,0.00500757342409783,0.00536136669563392,0.0115463676229616
"img_00730.jpg",0.0129005500799552,0.00622535095468943,0.00321379571342377,0.00294902032374573,1.00462311192374e-05,0.00767412457161561,0.0101105901666925,0.956916521958759
"img_00757.jpg",0.904551374072368,0.00690843515819402,0.025432178142763,0.0215619913110585,1.00670443087285e-05,0.0157564941841433,0.00658085461570699,0.0191986054714576
"img_00760.jpg",0.00426167860414461,0.00111514189375959,0.000332564515338707,0.993084441029077,9.96503977633594e-07,0.00046713231703173,0.00031160323635418,0.000426441900316432
"img_00764.jpg",0.00634566784653265,0.00714791721698789,0.0101532331413548,0.00325709395510411,1.00696792699638e-05,0.00293282071768069,0.00292289839869154,0.967230299044378
"img_00765.jpg",0.0387694756327449,0.485806004272393,0.00575035356822441,0.0222682911784728,1.00321094378432e-05,0.165687526107265,0.00564478925829775,0.276063527873165
"img_00772.jpg",0.0504158361959976,0.00653855596795514,0.324708073993477,0.00290961749810135,1.00348070262438e-05,0.220187126173621,0.00560180545214745,0.389628949911674
"img_00777.jpg",0.695656777991999,0.0325695563079765,0.00404099309118303,0.00299872382486313,1.00660388617516e-05,0.251924944757828,0.00982395812151615,0.00297497986577197
"img_00780.jpg",0.00378891111008182,0.00312838310072996,0.00479094263225423,0.00287157457505415,1.00286148944788e-05,0.00993650468377506,0.00887977262840884,0.966593882654802
"img_00798.jpg",0.892194422074647,0.0373796478309898,0.00392236798752767,0.0333656667485069,1.00749329315535e-05,0.00701632077990759,0.00420478326112223,0.0219067163843669
"img_00808.jpg",0.808507528486254,0.131912879585654,0.00334619138767459,0.00636871979158012,1.00291051679931e-05,0.00410900834223145,0.00292055768715081,0.0428250856142867
"img_00816.jpg",0.963053463277677,0.00484017015344586,0.00292707520987718,0.00291443163569245,1.00701514209358e-05,0.00313704170529833,0.00589860482750354,0.0172191430390843
"img_00833.jpg",0.744222506782048,0.0164165921423586,0.00499423305291315,0.0036584556895222,1.00442974274469e-05,0.0743673272875839,0.034468574058958,0.121862266689188
"img_00837.jpg",0.794618663775524,0.121984872014921,0.00742446791662437,0.00655791716628837,1.00626599398639e-05,0.0310373374724298,0.00329389703778983,0.0350727819564828
"img_00855.jpg",0.81038685012343,0.0279115433428915,0.017811315247556,0.00585559937092611,1.00626207267761e-05,0.0318416587777028,0.0128754346023168,0.0933075359144499
"img_00857.jpg",0.965759273994994,0.0145563008882627,0.00332642038296343,0.00291308496087889,1.00405978496884e-05,0.00298049024299095,0.00351387219929683,0.00694051673276383
"img_00858.jpg",0.945692280662843,0.00428453051583489,0.00290772754206132,0.00298921274869942,1.00686968996187e-05,0.0100570534816392,0.00349718779328725,0.0305619385587349
"img_00865.jpg",0.892226161635243,0.0716248318892093,0.00292182414438954,0.00290536291087061,1.0028946854904e-05,0.00695240078547036,0.00392819333746976,0.0194311963504926
"img_00902.jpg",0.00389965942417504,0.00313273519970359,0.00337054827908622,0.00300641224282688,1.0029504466672e-05,0.00424163702478667,0.976587427399127,0.00575155092582818
"img_00914.jpg",0.00320162335881896,0.00297432663745066,0.00284008943899235,0.00284008934526354,1.00283004006619e-05,0.00284008936149214,0.00284008934572827,0.982453664211853
"img_00921.jpg",0.834548148358815,0.00337931080079964,0.00536497945725837,0.00361833604313474,1.01603197459862e-05,0.0583805739238165,0.0362634988135614,0.0584349922828688
"img_00927.jpg",0.0841404016226487,0.0296537007491746,0.0096426822230102,0.00345860451193368,1.00597614070972e-05,0.0188885902376398,0.0214709908623385,0.832734970031847
"img_00943.jpg",0.929642686922909,0.0417713675682906,0.00287069768160987,0.00287544027721271,1.00286066443215e-05,0.00298677727310626,0.00287376604061508,0.0169692356296117
"img_00959.jpg",0.970728898116702,0.00319215771970959,0.00285310840006489,0.00285291809022824,1.00448443488304e-05,0.00400396204782025,0.00297280570652101,0.0133861050746049
"img_00962.jpg",0.0761897007392501,0.003175406421044,0.00578289510403713,0.00286496412663199,1.0028545145921e-05,0.00310929010130479,0.00366229295158497,0.905205422011001
"img_00964.jpg",0.00328936654771248,0.0322928375869789,0.909031570730165,0.00795498555516452,1.00290475540663e-05,0.00328855568936189,0.00502654779502002,0.0391061070480433
"img_00974.jpg",0.925128891531861,0.0178946155641505,0.00606260059540569,0.01869688412447,1.00293793972992e-05,0.0129657364546736,0.00299066441591832,0.0162505779341237
"img_00979.jpg",0.00535576842686313,0.00300749874832203,0.0280633274695161,0.00288803502948999,1.00287800616458e-05,0.00476339928776163,0.00290683915096517,0.95300510310702
"img_00982.jpg",0.707398806919036,0.240152397542545,0.00778763561221926,0.00447733260277396,1.03010730187164e-05,0.00624011346459347,0.00733262792336448,0.0266007848624493
"img_00985.jpg",0.726834216568621,0.0404935586758878,0.00558326271692948,0.00544825786000027,1.01025456403707e-05,0.0248233674272989,0.014036867468234,0.182770366737388
"img_00999.jpg",0.671007934912627,0.0665790150535564,0.00301589950912791,0.00296716377084672,1.00312447523515e-05,0.0153513667291193,0.05209723982456,0.188971348955411
"img_01022.jpg",0.93515721100243,0.00432646249373721,0.00530768126187126,0.011510352056749,1.02466085426489e-05,0.0164372294111111,0.00515168386934647,0.0220991332962119
"img_01031.jpg",0.779792522251644,0.0127030374559816,0.0104650741062425,0.00395971942180029,1.00852498602134e-05,0.181550244394309,0.00786079238017201,0.00365852473998976
"img_01035.jpg",0.775236577400262,0.00679982388331849,0.00421757554026912,0.00342128130235722,1.00499734940617e-05,0.200227504213938,0.0071170292655024,0.00297015842085883
"img_01058.jpg",0.922906609610738,0.0103164717794354,0.00436823215322533,0.003122230764986,1.05660386463542e-05,0.00629099441533022,0.00326713426220261,0.0497177609754361
"img_01059.jpg",0.0300077665511875,0.0229254812098493,0.0103411601352213,0.00604887320573019,1.00491543368628e-05,0.0322529735348105,0.0153841109009759,0.883029585307889
"img_01102.jpg",0.198961556755919,0.491726281808724,0.00376116990916686,0.0617667188795471,1.00368188877437e-05,0.00568112179506768,0.0032740382581572,0.23481907577453
"img_01103.jpg",0.0121152241374901,0.0739039449663982,0.00786074199157724,0.00540041324183351,1.00292740865194e-05,0.00328135625623893,0.00720357944593658,0.890224710686439
"img_01116.jpg",0.856796757700288,0.0842726477669385,0.00807744961570637,0.0121274953205776,1.00342027773989e-05,0.0164195638685254,0.00437564449668068,0.0179204070285064
"img_01134.jpg",0.853526748300746,0.00429576291434488,0.00796290053479676,0.00872823110490531,1.00423134720339e-05,0.0659529232909428,0.00478170951410279,0.0547416820266893
"img_01179.jpg",0.959675853240339,0.00736375287705773,0.00498863581616966,0.0109536442626139,1.00754436810339e-05,0.00929001597999413,0.00397719164294648,0.00374083073719853
"img_01188.jpg",0.0632860774364973,0.389033842694627,0.00539296506308197,0.0179134782291695,1.00362606997582e-05,0.19253494994128,0.0122631041723847,0.319565546202259
"img_01211.jpg",0.971290727061384,0.0081009524572563,0.00290936601257474,0.00589371917338808,1.00503664318547e-05,0.00307551814496945,0.00290935623753764,0.00581031054645834
"img_01213.jpg",0.796909638487008,0.122010378638762,0.0161413295539387,0.0137690614964384,1.01147741597493e-05,0.0150578586875918,0.00751096992270803,0.028590648439393
"img_01222.jpg",0.697776869796886,0.168756166300901,0.00548772960532135,0.0142502201423165,1.00296685428892e-05,0.0154017949694528,0.0086461656738281,0.0896710238427516
"img_01224.jpg",0.0136631382311189,0.0146839070836694,0.180183152926201,0.00293273594025182,1.00292252227167e-05,0.00963120484360109,0.00311251618655288,0.775783315563383
"img_01253.jpg",0.0038054826890637,0.00283934708173744,0.00283933940984526,0.00283933455708907,1.0028292654042e-05,0.00283933456691955,0.00283933458575374,0.981987798816937
"img_01286.jpg",0.126087175440527,0.0128450960946239,0.00325658685258734,0.00955044586696309,1.02312328777666e-05,0.00800273523290131,0.00346717176184618,0.836780557517673
"img_01289.jpg",0.0369195283662083,0.0414365346999372,0.00818850227856898,0.00589712588055548,1.00353637457627e-05,0.0220242047337002,0.0107548114814413,0.874769257195843
"img_01328.jpg",0.911870275830077,0.0576247211462134,0.00301264934398519,0.00765623111256701,1.00325121658235e-05,0.00886285535153631,0.00384620075055539,0.00711703395290025
"img_01366.jpg",0.538671328647646,0.0201795822680793,0.019778091841619,0.0158432893059941,1.00585142924173e-05,0.387692834673076,0.00379912745014221,0.0140256872991508
"img_01371.jpg",0.954370819128651,0.00773626532815809,0.00494280012355685,0.00299922046049747,1.02441274270194e-05,0.0047161030870243,0.00418403148560765,0.021040516259078
"img_01379.jpg",0.902560014034393,0.00824437328633571,0.0171432574675075,0.00520270266215769,1.00785389054363e-05,0.0425874463108039,0.00511501630348683,0.0191371113964102
"img_01384.jpg",0.364321604416958,0.0563216305416313,0.0447111558731635,0.00946322196041337,1.05836601103438e-05,0.48521792482527,0.00356860479635101,0.0363852739261024
"img_01388.jpg",0.871247656866525,0.0336292581986751,0.00573732851012469,0.00295726285043965,1.00403869881133e-05,0.0428070534532309,0.00434730099929227,0.039264098734724
"img_01392.jpg",0.00349616165170707,0.0245141364060786,0.876372766073005,0.00919302466550011,1.00304125397146e-05,0.00310197342776475,0.0039904869086208,0.0793214204547837
"img_01399.jpg",0.00560847425256689,0.883808979177993,0.00711400674389144,0.00291494468161191,1.00287698494245e-05,0.0039167704923888,0.00288704044118081,0.093739755440518
"img_01404.jpg",0.939048503131667,0.0139611657479095,0.0030758173840582,0.0152081159236545,1.00335463334328e-05,0.0132879811227455,0.00296786547552245,0.0124405176681097
"img_01405.jpg",0.880741331070453,0.0057433337639912,0.00344249561076583,0.00457251445854741,1.01114488649966e-05,0.0985115362203596,0.00389473804290675,0.00308393938411159
"img_01413.jpg",0.93611107908648,0.00713619604628359,0.00587369123856294,0.0101735058428663,1.01137936981629e-05,0.0115937044855745,0.00650604251336737,0.0225956669931671
"img_01426.jpg",0.040982981059563,0.197900049812214,0.00393550830403163,0.0029219621423373,1.00291513026608e-05,0.00427031046907918,0.647624557088181,0.102354601973292
"img_01431.jpg",0.00310928650027959,0.00099436890636907,0.000334525064777217,0.994233628685736,9.97483030071293e-07,0.000597762379978026,0.000305439438525931,0.000423991541304263
"img_01441.jpg",0.00380060835110867,0.00284780540563768,0.00292761421973137,0.00284760967548344,1.00283753565612e-05,0.00300084733641261,0.00284761493637458,0.981717871699895
"img_01444.jpg",0.266098929330484,0.0132153036959058,0.00314772706324311,0.00550530016230454,1.0057384918184e-05,0.0184920354094595,0.0281504336809954,0.665380213272689
"img_01490.jpg",0.0058540461054111,0.00709303734798505,0.0513268137347484,0.00535273955817135,1.00290322545125e-05,0.00301759417627547,0.00295154552917501,0.924394194515979
"img_01495.jpg",0.631176804486743,0.0281517790983469,0.0149823137088994,0.0125429057089804,1.0029287490266e-05,0.014230860001014,0.00412456016001625,0.29478074754851
"img_01511.jpg",0.935595074120285,0.0119557566732351,0.0212653248085618,0.00710807116316785,1.00323863915381e-05,0.0106681084514413,0.00388372217017142,0.00951391022674561
"img_01519.jpg",0.315373251823199,0.0524223441005443,0.00558745404608823,0.0122531243001009,1.00459820767373e-05,0.197783320151579,0.100910244521585,0.315660215074827
"img_01530.jpg",0.928397772583619,0.00612718028927619,0.00447500689791325,0.00367020069499171,1.04926737971766e-05,0.00398802516269674,0.00362129543415325,0.049710026263553
"img_01537.jpg",0.834955392086456,0.00488692330891219,0.0272468460972336,0.00301474512809767,1.02277510321073e-05,0.0695723630990845,0.00612671273993795,0.0541867897892463
"img_01538.jpg",0.91703646382755,0.0120772588537237,0.00455991621222558,0.00334905068205022,1.0030547903332e-05,0.0490350563978213,0.00599680923819972,0.00793541424052573
"img_01543.jpg",0.958472027739021,0.00299586277235354,0.00290701240119125,0.00310700918866134,1.01069719740442e-05,0.00309837948361661,0.00290593249523394,0.0265036689479479
"img_01548.jpg",0.966299809896811,0.00299723158643324,0.00358552851307875,0.00294367499818598,1.01466613012928e-05,0.0096583786706664,0.0055920865851603,0.008913143088363
"img_01552.jpg",0.963485834360243,0.00950365601605475,0.00572140149087111,0.00291961670590858,1.00653351034253e-05,0.00751745625660905,0.00496419177793379,0.00587777805727634
"img_01562.jpg",0.670094438486955,0.0141353790302161,0.00585907500483103,0.00358810902125631,1.00572448759895e-05,0.0129714173878366,0.067763619276476,0.225577904547553
"img_01571.jpg",0.963850291425369,0.0130300221005137,0.00287231739966773,0.00287460724078885,1.00286154225766e-05,0.0028915881722936,0.00392580421342372,0.0105453408325208
"img_01593.jpg",0.621073988478471,0.180062286929565,0.00461475507644196,0.00374777529358597,1.00329651118024e-05,0.0231446810122451,0.0164978780959185,0.150848602148661
"img_01616.jpg",0.899631889449929,0.0604052685242876,0.003611031035833,0.00499255377959183,1.01130581662685e-05,0.00813718461305947,0.00683054956489674,0.0163814099742359
"img_01618.jpg",0.878637368562212,0.0118557342691545,0.00290832028737128,0.00332670150192906,1.00341111807466e-05,0.093157205511756,0.00334336968106515,0.00676126607533119
"img_01627.jpg",0.899028892396683,0.0503815906987398,0.00291902547446072,0.00300923435644904,1.00289982960378e-05,0.0332278742729731,0.00293808981503629,0.00848526398736237
"img_01633.jpg",0.871825230445709,0.0103985205535567,0.0114823730094953,0.00659726697070659,1.00696178863373e-05,0.0658447474391962,0.0114142904234936,0.0224275015399564
"img_01640.jpg",0.982011973464737,0.00288241333048772,0.0028649126189916,0.00286514181148628,1.00493157128833e-05,0.0028754136738421,0.00286490213825675,0.00362519364648546
"img_01646.jpg",0.967381972221332,0.00952470245391702,0.00354328583389794,0.00602700672373381,1.00295696571629e-05,0.00527896076742603,0.00390460426393786,0.004329438166098
"img_01649.jpg",0.919045186666391,0.032120821141663,0.00455608868530898,0.0117341921525436,1.05276319275308e-05,0.0104944390655516,0.0118373584130899,0.0102013862435244
"img_01657.jpg",0.0301796336420955,0.00455414273544582,0.21010746415221,0.00290377183566022,1.00296292198462e-05,0.00877789679495967,0.0032071741362125,0.740259887074196
"img_01669.jpg",0.00343811604480414,0.00108053977949605,0.000330658477991671,0.993857775023888,9.97713615847888e-07,0.000473473863042846,0.000340489102937821,0.000477949994223426
"img_01681.jpg",0.0664881283663925,0.0034673829963344,0.00291218629443621,0.0028963226692199,1.00437771259086e-05,0.00495582663585426,0.00372736250990664,0.91554274675073
"img_01684.jpg",0.88743238649832,0.034069245405749,0.00418811077460973,0.00947935250093635,1.00294680168598e-05,0.0102158536310303,0.00560982122420493,0.0489952004971332
"img_01687.jpg",0.694595805714857,0.00847609319479957,0.00340335992003037,0.00295080096428395,1.00317458115222e-05,0.00409662865988682,0.00981474338702419,0.276652536413306
"img_01688.jpg",0.046941197038655,0.0382815372577146,0.0072970810314605,0.0059128256238591,1.00461789042073e-05,0.0174779688078143,0.00967843192962992,0.874400912131962
"img_01689.jpg",0.00499052121112897,0.00331018950666174,0.0158555479688769,0.00289101188402357,1.00288098241719e-05,0.0145944082126457,0.00346554645824729,0.954882745948592
"img_01724.jpg",0.889119757200318,0.00437915560520633,0.00944877385119573,0.00313214902117195,1.0220112291525e-05,0.0285139330581765,0.0054907547461591,0.0599052564054811
"img_01745.jpg",0.863112854710657,0.0554629520068127,0.02778327632228,0.0138298864653142,1.01595039299143e-05,0.0252738180314378,0.00604849966094353,0.00847855329862449
"img_01771.jpg",0.944870772698722,0.0169797626070863,0.0032421999652391,0.00841538323696183,1.00308414425134e-05,0.00621255413094632,0.002946500017695,0.0173227965019068
"img_01773.jpg",0.694395083979922,0.0082171367088203,0.00362907433847469,0.00304385324428628,1.00338231321346e-05,0.00457651407907615,0.0258087739326514,0.260319529893638
"img_01824.jpg",0.845099233759889,0.0055286382047975,0.00396900845519501,0.00549481198203869,1.01392780444562e-05,0.103264390426922,0.0162074009645454,0.0204263769285684
"img_01831.jpg",0.021553979326591,0.00510367376683055,0.000328693581154623,0.960177134301656,9.6324759820048e-07,0.00134768496894972,0.000306348535203767,0.0111815222720165
"img_01834.jpg",0.0106028521681745,0.0036669487269177,0.27613540237706,0.00301036907133739,1.00291739639377e-05,0.0134216747893776,0.00317780152618415,0.689974922166984
"img_01847.jpg",0.196519204511469,0.0241540615388016,0.00323065331383652,0.00366243515509692,1.00308823485618e-05,0.00649777432840783,0.00647582504100481,0.759450015229034
"img_01853.jpg",0.0765503915386491,0.0516372458307584,0.00912955132751614,0.00403319479952833,1.0071409914265e-05,0.0152777414462609,0.0237749989031968,0.819586804744176
"img_01856.jpg",0.930906779351047,0.00293545561070524,0.00286109301812533,0.00284478107723515,1.00283462653471e-05,0.00343593214340377,0.00284496983744762,0.0541609606157709
"img_01860.jpg",0.949116807841936,0.0033928784352549,0.00415669981324607,0.00295696617186599,1.0109679619735e-05,0.00488758468584556,0.00532560282974112,0.0301533505424903
"img_01862.jpg",0.816321861100208,0.00470013666836056,0.0431959622855932,0.00298322724550599,1.01329261416963e-05,0.0789206612900921,0.025131809472352,0.0287362090117465
"img_01874.jpg",0.832622549584316,0.0047520118735035,0.00373054245529773,0.00309542861029114,1.01318973530342e-05,0.0177074893770062,0.0330557645479933,0.105026081654239
"img_01888.jpg",0.0567750347370406,0.334730499605963,0.00666041063185465,0.0208690191143234,1.00364316954681e-05,0.347257871925676,0.00662850594763098,0.227068621605816
"img_01918.jpg",0.0050258061600342,0.00201193442516593,0.000326495656695885,0.99069275333068,9.93617899016637e-07,0.000576161237919635,0.000387694728708651,0.000978160842896172
"img_01930.jpg",0.888414073945626,0.0412319549965404,0.0079366100929074,0.0058023889860862,1.00384446215315e-05,0.0465705170299471,0.00457120744310644,0.0054632090611648
"img_01932.jpg",0.893587187953524,0.0151524370054331,0.00741850700241794,0.00333013769294622,1.00772683372933e-05,0.00828640844998226,0.00394676488268673,0.0682684797446729
"img_01955.jpg",0.00344813359187201,0.00284436978345095,0.00284026331018124,0.00284027116352816,1.00283018310752e-05,0.00284026246298401,0.00284028757546102,0.982336383810692
"img_01963.jpg",0.977924273318318,0.00380017737433086,0.00291480260456138,0.00290161178827749,1.00284219801643e-05,0.00305788780672104,0.00285783504032762,0.00653338364548392
"img_01966.jpg",0.931260810950827,0.037095148341372,0.00288660677872016,0.0028856920594101,1.00287433727632e-05,0.0114477946115373,0.00289396919906212,0.0115199493156987
"img_01983.jpg",0.893581608065578,0.0155531000361763,0.0236735393543502,0.0063961940763274,1.06540238316235e-05,0.0123381389803135,0.0054199412166634,0.0430268242467596
"img_01984.jpg",0.125702514102201,0.0102526974217867,0.0028972624894496,0.00288782064337476,1.00287082429229e-05,0.00476253281335505,0.00288182458605457,0.850605319235536
"img_01995.jpg",0.0311122301024712,0.207642292887732,0.0135704593102935,0.411731227156587,1.00605703880608e-05,0.099029988996394,0.0142300298925296,0.222673711083605
"img_01996.jpg",0.110178499654793,0.0179485137616359,0.00341776813662714,0.00791543308885474,1.00357584502109e-05,0.752306571749678,0.0735068553577519,0.03471632249221
"img_02001.jpg",0.403830425179963,0.00707290908203886,0.00828326077362426,0.00452105555742601,1.01323146052012e-05,0.25119644999729,0.122628280541374,0.202457486553678
"img_02006.jpg",0.424259915395973,0.0284387540942238,0.172283177203131,0.190428930475961,1.00480225269317e-05,0.0185694913997885,0.00859214502112405,0.157417538387272
"img_02066.jpg",0.942309915787381,0.00607588092313231,0.00390745143048894,0.00325728464890662,1.00636555790833e-05,0.0153897649443278,0.00364425185249782,0.0254053867576865
"img_02074.jpg",0.918806708836362,0.017747447633708,0.00383078624552892,0.00684962164722204,1.00505934053259e-05,0.0460755827405033,0.00305820833522432,0.00362159396804633
"img_02076.jpg",0.193045406801516,0.745128896451542,0.00321261732526454,0.00343926302210427,1.00705085008074e-05,0.00342544958882227,0.00294140024513406,0.0487968960571156
"img_02077.jpg",0.00356418695505062,0.00169692436637771,0.00100651772915726,0.989513993643837,9.92839145771076e-07,0.00272538667458609,0.000445734825444671,0.00104626296640129
"img_02096.jpg",0.982061080797345,0.0029063499685324,0.00284141940968193,0.00284181846944634,1.00283134355846e-05,0.00338798557826801,0.00284207565434877,0.00310924180894153
"img_02119.jpg",0.805552946976161,0.00664536908673471,0.10294430920373,0.00748442560804952,1.0030289718097e-05,0.0285641693041231,0.00460568659417279,0.0441930629373106
"img_02124.jpg",0.0626430132642174,0.00731938223909619,0.00608794932903578,0.00406048379460282,1.00625675123605e-05,0.889228707618519,0.0109469772465872,0.0197034239404294
"img_02172.jpg",0.882141598293048,0.00635599407779425,0.0198464094291646,0.003013495194652,1.02203234089693e-05,0.053871748491014,0.0041786628637825,0.0305818713271356
"img_02180.jpg",0.924991349991364,0.0210997225608893,0.00446619639138236,0.00541109904486819,1.00418434388925e-05,0.0173517037375337,0.0068965648068725,0.0197733216236514
"img_02188.jpg",0.697354070128835,0.0106375255530195,0.004826129683639,0.00364967140087468,1.00769365153848e-05,0.0304040380202941,0.0126915092095443,0.240426979067278
"img_02209.jpg",0.0454233366527272,0.00880626925676538,0.00588446414141881,0.00416376560739238,1.00753054179608e-05,0.901028744588685,0.0131179632842563,0.0215653811633373
"img_02231.jpg",0.027357649083685,0.000938120768355145,0.000678059520749268,0.964560553081986,1.04264507025811e-06,0.00431654377960029,0.000410063433008288,0.00173796768754548
"img_02235.jpg",0.00354587229897676,0.012492612166401,0.000980430220876578,0.959592624232477,9.62824878269669e-07,0.00735884738834687,0.00170350802153969,0.0143251428465034
"img_02252.jpg",0.978297308083227,0.00311656218689076,0.00286371372043891,0.00286407286525163,1.00285177050784e-05,0.00294145494559166,0.00286219928997494,0.00704466039092037
"img_02268.jpg",0.859161414364265,0.0129600654986057,0.032295568783871,0.0373236538581306,1.00697266462045e-05,0.00661050064858416,0.00306733622926803,0.0485713908906293
"img_02270.jpg",0.932368011874334,0.01511586209993,0.0135521802955647,0.00629304796488604,1.01150173823663e-05,0.0183868616613818,0.00518989219429075,0.00908402889223059
"img_02281.jpg",0.00269590001963215,0.000975606704103454,0.000372445039454904,0.994885535042977,9.97749654187081e-07,0.000454276058492647,0.00028979048695204,0.000325448898733666
"img_02282.jpg",0.00322126159045439,0.00284374215810266,0.00284200221177679,0.00284197917421274,1.00283192869628e-05,0.00303056524436593,0.00287540927716484,0.982335012024636
"img_02291.jpg",0.978225628469654,0.00698818154470069,0.00287567064474612,0.00298302645166634,1.00285588014461e-05,0.00300901399428688,0.00286591438457128,0.00304253595157325
"img_02299.jpg",0.796012658279623,0.0851448019945052,0.00731407905196586,0.0126116223200093,1.00297722866755e-05,0.0198133201514951,0.00770804861888607,0.0713854398112292
"img_02305.jpg",0.0227445249352265,0.172988512822854,0.00942449139372416,0.485986838049603,1.00500934072033e-05,0.0375555413253591,0.0167154416232813,0.254574599756545
"img_02307.jpg",0.694798068081042,0.0226424392136097,0.0030440978006369,0.00367363308997881,1.01046548148328e-05,0.0641085932820513,0.0126414213675686,0.199081642510298
"img_02309.jpg",0.980986560637283,0.00310072048442135,0.00286647490712463,0.00286669976887219,1.00396555816543e-05,0.00286662727924559,0.00286647277296688,0.00443640449450512
"img_02318.jpg",0.0103409461924768,0.00305844526842202,0.00291474054661822,0.00287061541210192,1.00285588756046e-05,0.0030888798943658,0.00292496945044931,0.97479137467669
"img_02356.jpg",0.0234366576331023,0.00372830705571551,0.00392006801442957,0.00603496928399618,1.00321207392661e-05,0.0046573430639745,0.00427849188179087,0.953934130946252
"img_02367.jpg",0.935378259149742,0.0233363362992247,0.00571548938485275,0.00799677693937268,1.02514167891682e-05,0.0104688891907355,0.00798375937516699,0.00911023824411662
"img_02379.jpg",0.116794640600018,0.0033577382035765,0.00290832331562591,0.00290882232433464,1.00557644569061e-05,0.00389270497227963,0.00449572402110658,0.865631990798602
"img_02384.jpg",0.720287934817522,0.0135676032428062,0.0046233917038361,0.003982826385869,1.01100894000681e-05,0.0485045793992312,0.00741360473747357,0.201609949623862
"img_02398.jpg",0.879828334012054,0.0269575721346323,0.0102705718754585,0.0187198920583072,1.00511263205923e-05,0.026026834864518,0.00401804450460099,0.0341686994241081
"img_02400.jpg",0.927266727420036,0.00864608863700689,0.0191744881664231,0.00511841454366702,1.00293642433049e-05,0.0256715524236303,0.0032040045365698,0.0109086949084235
"img_02406.jpg",0.00283933038839961,0.000823343732482898,0.00109739241460497,0.991973626358529,9.94909950392949e-07,0.00191769307082649,0.000522162378113476,0.000825456747092759
"img_02412.jpg",0.728086183157805,0.00346073361936864,0.00364506597343797,0.00294437157589468,1.00816613336178e-05,0.00330632289620791,0.00462775381006509,0.253919487305887
"img_02422.jpg",0.80656151998328,0.0382294538707467,0.00427414093711364,0.00679304795662643,1.00423970092021e-05,0.0127322596549029,0.0201852223031902,0.111214312897131
