"image","ALB","BET","DOL","LAG","NoF","OTHER","SHARK","YFT"
"img_00007.jpg",0.067191093211143,0.00873198644292013,0.00269613438516892,0.00286168265874979,1.00344488415892e-05,0.00161191113223571,0.00160820882489652,0.915288948896044
"img_00009.jpg",0.805463376390336,0.0844306622034195,0.00251979791628247,0.00207726064280731,1.02330959511668e-05,0.100691982423303,0.00168315685060048,0.0031235304773001
"img_00018.jpg",0.724792860156353,0.0331399740766999,0.00185146483808403,0.00471517112210015,1.00258615787312e-05,0.230076394021941,0.00154984163102937,0.00386426829221376
"img_00027.jpg",0.124633646601476,0.0233362155346798,0.00444642790503266,0.00207691563311912,1.00583057144664e-05,0.100676709872761,0.010072652371755,0.734747373775462
"img_00040.jpg",0.078775894584107,0.00455554951132101,0.0023225145854586,0.00173626284895417,1.0064344952638e-05,0.00761122532422386,0.881691368045291,0.0232971207556922
"img_00053.jpg",0.89283064843749,0.020027190049332,0.016117978501865,0.00211662572191606,1.02089003319667e-05,0.0566289652489653,0.00356648261459078,0.00870190052550872
"img_00071.jpg",0.00185673860251995,0.000275353934023651,0.00014944700674414,0.997179080003484,9.98850672192659e-07,0.000206623435121263,0.000144139050516883,0.000187619116918492
"img_00075.jpg",0.768407877144827,0.0448427381812816,0.00256988734931732,0.00318858419699469,1.00813148650127e-05,0.175222798535099,0.00223436844614949,0.00352366483146594
"img_00102.jpg",0.384056976520704,0.0131848507052416,0.00259411114551111,0.00360333748393191,1.01199952532944e-05,0.0219782653219948,0.00645531613591772,0.568117022691445
"img_00103.jpg",0.785091283991348,0.0546862742805177,0.0918629951248431,0.00306965062982436,1.00208218875306e-05,0.0235475931717134,0.00149056513645952,0.0402416168434065
"img_00109.jpg",0.958670139427327,0.0132241030185269,0.0017770943926169,0.00170893851355147,1.00172894901006e-05,0.0144879680685794,0.00227457569520465,0.007847163594704
"img_00120.jpg",0.69173859330937,0.0139510280565463,0.00190213618964978,0.0020243766801972,1.00257050094315e-05,0.00785862404438767,0.048014153693166,0.234501062321674
"img_00125.jpg",0.872798760281091,0.00799500761709281,0.00289440319835167,0.00539282630997255,1.00345373390969e-05,0.0190869461741914,0.00311830356428023,0.0887037183176808
"img_00128.jpg",0.0119290933346025,0.0695097691337543,0.394325560347684,0.00173452227800887,1.00460652322067e-05,0.00449434109090639,0.00200093195587503,0.515995735793937
"img_00129.jpg",0.0836451360262356,0.00424098215868339,0.00247488207229933,0.00182391115381914,1.00769901036359e-05,0.00582037917369662,0.883814682893286,0.0181699495318765
"img_00138.jpg",0.637156692560304,0.326460439490748,0.00327441301682823,0.00315138647252069,1.00343549552724e-05,0.00476420629230656,0.00243074209407773,0.0227520857182601
"img_00141.jpg",0.00316489426527177,0.00449971913331811,0.0067445561154304,0.00152383444807277,1.00207159071599e-05,0.00176942569093744,0.0016915313995769,0.980596018231485
"img_00152.jpg",0.0364801943447699,0.0356103459422243,0.00481861662727354,0.00199871906860467,1.00920747450273e-05,0.0177222908728228,0.00669935085952059,0.896660390210039
"img_00161.jpg",0.00224978882207898,0.00153447984930249,0.00144181579449057,0.00143187135779263,1.0014402125154e-05,0.00144975534580203,0.00143579877707114,0.990446475651337
"img_00170.jpg",0.0116188239902665,0.000684697670577553,0.000276336945352946,0.974597049400987,9.77063189467499e-07,0.000843207293534054,0.000158347467044962,0.0118205601690472
"img_00171.jpg",0.638313024252696,0.0197238338351878,0.0388176179306792,0.0250536245377686,1.02329659317316e-05,0.257845865969715,0.00587900240593054,0.0143567981020908
"img_00175.jpg",0.609351526479485,0.00674526469096755,0.00701812504483362,0.0111301331499594,1.03359988941331e-05,0.316736942774619,0.0024402724898083,0.0465673993714334
"img_00180.jpg",0.00812730792414796,0.00204356361193319,0.00225060511904435,0.00206484956341801,1.00182231710638e-05,0.00217173443045138,0.00224407324755842,0.981087847880276
"img_00212.jpg",0.291017153770004,0.00557293851444865,0.00180054645069871,0.0311801818932712,1.00189997168121e-05,0.00187850402087127,0.00176685079700769,0.666773805553981
"img_00223.jpg",0.880422424631107,0.0186049591921089,0.0472468546963403,0.004172373984166,1.00401609596856e-05,0.0232291649312865,0.00337245479199954,0.022941727612032
"img_00230.jpg",0.771202316449958,0.115350824200994,0.00195406888206683,0.00188532114802495,1.00464525153946e-05,0.0768180819380799,0.00183696141304306,0.0309423795153178
"img_00232.jpg",0.00417145033581986,0.00231736172007173,0.00150952375809674,0.00167898968976841,1.00574317427728e-05,0.00385755479909024,0.981707331159245,0.00474773110616475
"img_00244.jpg",0.79258908966247,0.0696396900522725,0.00202221129835762,0.00511221943635377,1.00441343710193e-05,0.068130477634591,0.00195292949691631,0.0605433382846677
"img_00272.jpg",0.889762839611247,0.0323555329218507,0.0381291389617629,0.0108189706362675,1.00517557491535e-05,0.0117271050037593,0.0021730636729079,0.0150232974364554
"img_00280.jpg",0.948477652236775,0.00696672246190458,0.00277959856173025,0.00159129092526515,1.01059760806648e-05,0.00358122402499822,0.00192402325783503,0.0346693825554116
"img_00282.jpg",0.734630117339209,0.0145736901971376,0.0117371610883363,0.0307764408234532,1.0112903492328e-05,0.189958174736814,0.00473091358950928,0.0135833893220491
"img_00285.jpg",0.630292279711832,0.0146215026216008,0.0024288296484034,0.00174327087627634,1.00724956003383e-05,0.0064096533616288,0.0184828827209586,0.3260115085637
"img_00289.jpg",0.95800210786818,0.00898978634740837,0.00610258412054975,0.00218282907640102,1.06714059745987e-05,0.00509585544900704,0.00309817560150044,0.016517990130979
"img_00292.jpg",0.749925494504056,0.0430775298681222,0.00264107989608793,0.00257674898963037,1.00835148554285e-05,0.0628453876551389,0.0184943317940631,0.120429343778046
"img_00302.jpg",0.0954581743178476,0.00408837126105492,0.00162341871428893,0.00164114535564824,1.01128975051862e-05,0.00551635592178244,0.874625360574067,0.0170370609578053
"img_00311.jpg",0.988046509151412,0.00280661067174946,0.00144273081849303,0.00217208971906982,1.00281666991696e-05,0.00162568505002979,0.00143264454652478,0.00246370187602229
"img_00320.jpg",0.973195803030905,0.00391942375297315,0.00160166938547734,0.00145449523952527,1.00214704770727e-05,0.00835992181221291,0.00156175996105294,0.00989690534737618
"img_00331.jpg",0.878912214660429,0.0235650036154887,0.00229266820202505,0.00235860977242228,1.00436722606054e-05,0.0346437353658499,0.00455361649282384,0.0536641082187005
"img_00358.jpg",0.422045753665986,0.0264604217633803,0.00283610764279273,0.00285276040387602,1.00701228806041e-05,0.0223309318094308,0.0281554902377522,0.495308464353901
"img_00374.jpg",0.708115497541621,0.0341486347832808,0.0019065288098003,0.00279146420118654,1.00221663542543e-05,0.00321336362453632,0.00210420823056505,0.247710280642656
"img_00375.jpg",0.0302558384276007,0.0216077932529783,0.909868787515829,0.00537979325608729,1.01125677158829e-05,0.0140543419009186,0.00369222642361284,0.0151311066552572
"img_00376.jpg",0.941362490148592,0.00577270484889693,0.00378296848271704,0.00150804887577976,1.00465452630105e-05,0.0325062484248101,0.00757273694102008,0.00748475573292129
"img_00380.jpg",0.952211006168826,0.0161129643133195,0.00186954929783742,0.00218086105041616,1.00362708676576e-05,0.0213060673933399,0.00156632408408282,0.004743191421311
"img_00383.jpg",0.920349717051551,0.00741580031028848,0.00193307447505692,0.00340025593650018,1.00605534934898e-05,0.00299273743978134,0.00185648405341808,0.0620418701799102
"img_00398.jpg",0.949082566761693,0.0177836720521484,0.00182167282195489,0.00448887757547589,1.00678494687967e-05,0.00494428408018154,0.00209989594433561,0.0197689629147423
"img_00407.jpg",0.967457955444614,0.00641364770111435,0.00227041350877457,0.00251056146535886,1.0030811425751e-05,0.0106194802658519,0.00197438441007884,0.0087435263927822
"img_00417.jpg",0.144951008838387,0.00973457791424882,0.00177483409719983,0.00921955330814923,1.00188578689581e-05,0.00165650903424749,0.00159183074118625,0.831061667208713
"img_00442.jpg",0.00181482080403853,0.0015871591280385,0.00143803539798487,0.00142547264223535,1.00143663806457e-05,0.00146241480279747,0.00144843219697422,0.99081365066155
"img_00446.jpg",0.928886025184811,0.00621641682819266,0.00162593069469157,0.00285470348294376,1.00307521451694e-05,0.0129538569296625,0.00204684453431865,0.0454061915932349
"img_00469.jpg",0.910814251414584,0.0190690022184467,0.00241513177249874,0.00666352278323004,1.00245946663384e-05,0.00810139566986934,0.00291929919505453,0.0500073723516502
"img_00473.jpg",0.959916726938139,0.00977517591063059,0.00214240662139376,0.00277629881002646,1.00534212869773e-05,0.00284766897778593,0.00173883933336806,0.0207928299873689
"img_00483.jpg",0.940654276887683,0.0429784437470752,0.00148322575116901,0.00178658594205102,1.00277493253574e-05,0.00248833662758639,0.00166166458869099,0.00893743870641943
"img_00484.jpg",0.10294557936925,0.0411973302057558,0.00318089989851408,0.00870342703275089,1.00186404265307e-05,0.00552238564165965,0.00264119364404946,0.835799165567594
"img_00486.jpg",0.903067988770241,0.0378483682664154,0.0193257458834729,0.0121263364652542,1.01016099157262e-05,0.00387043571864857,0.00540310229240814,0.0183479209936443
"img_00518.jpg",0.792099026922426,0.0171137898596407,0.00270119164698981,0.00310703410597319,1.01649645646447e-05,0.00697038148882922,0.00219030508666065,0.175808105924916
"img_00533.jpg",0.49240973097447,0.00982022629823293,0.00262975842042202,0.00372340906741732,1.01903900032726e-05,0.0277312267423835,0.010038869231098,0.453636588875973
"img_00538.jpg",0.771037618375703,0.0855216219501417,0.00190670243595573,0.00177560650238009,1.00204835905952e-05,0.00490657028968495,0.00188631116580497,0.132955548796739
"img_00543.jpg",0.979350056177008,0.00834837110366655,0.00171617912107065,0.00286505990228551,1.00834858454499e-05,0.00196799515311312,0.0015113748803508,0.00423088017665962
"img_00550.jpg",0.25689485710557,0.0400712794378734,0.0260438154444282,0.0102886877381847,1.03491140679828e-05,0.647628503401862,0.00267186015659989,0.0163906476014143
"img_00551.jpg",0.847408909344511,0.014032632953954,0.00222227320611115,0.00280240110758009,1.00237453465414e-05,0.0462224255803864,0.0179479566602989,0.0693533774018117
"img_00575.jpg",0.897081405112666,0.00784194611813909,0.00202751299901511,0.00182473127351019,1.00553829969696e-05,0.0180073150227843,0.0059811758497778,0.0672258582411102
"img_00582.jpg",0.893854635447212,0.0248966748524131,0.00265426863302203,0.0024573274933522,1.02079401487137e-05,0.0593895794635102,0.00188272684183265,0.0148545793285094
"img_00584.jpg",0.929472035645472,0.00259612498291644,0.00574911341499931,0.00269321207655382,1.03297190558755e-05,0.046442879270947,0.00357541611285358,0.00946088877720174
"img_00587.jpg",0.112312517712833,0.0199127195203637,0.00234718501964024,0.00185869854101239,1.00248324533876e-05,0.0158436058388037,0.00697112675315191,0.840744121781741
"img_00590.jpg",0.0649740092156896,0.111637937923667,0.00475849277324272,0.00181150635616786,1.00303643188281e-05,0.00599131596722641,0.00975168628124564,0.801065021118441
"img_00591.jpg",0.0780728247211497,0.00825169145191024,0.00263679496208692,0.00484489420652257,1.01356258503578e-05,0.0180258280791462,0.00409703411667789,0.884060796836656
"img_00598.jpg",0.962442576363857,0.0137678967118982,0.00202393455856197,0.00600635465056591,1.00399589336707e-05,0.00814219430732124,0.00199272362129087,0.00561427982757165
"img_00599.jpg",0.759568822636364,0.0103803036873674,0.00324375833402002,0.00225830198665815,1.00422715532983e-05,0.00387068932051699,0.0248140949748724,0.195853986788648
"img_00612.jpg",0.906994487655642,0.00199444151942665,0.00180137647258242,0.00168354274580215,1.00482941389936e-05,0.0621735206854281,0.0088236331415116,0.016518949485468
"img_00620.jpg",0.800980820624551,0.035615140816267,0.11660298311192,0.00269988283218487,1.03383316784922e-05,0.0251498690758132,0.00317413959964422,0.0157668256079422
"img_00642.jpg",0.00187724720448114,0.000651432015324583,0.000174889895962826,0.996576653161771,9.98407416643226e-07,0.000280837746122782,0.000144588947717486,0.000293352621203368
"img_00646.jpg",0.0207546486542698,0.0119063026827401,0.00575048179201651,0.00199340525531368,1.00362758434622e-05,0.00361990934626453,0.00458744417085377,0.951377771822698
"img_00648.jpg",0.980621456243285,0.00459035420276938,0.00186403595219461,0.00435447014392796,1.00801502774691e-05,0.00197926537036637,0.00155795309774043,0.00502238483943829
"img_00650.jpg",0.0863909169351669,0.0090882107562793,0.00365106510372234,0.00276838800407117,1.03434616380252e-05,0.596586960821205,0.272150568003936,0.029353546913981
"img_00664.jpg",0.915436051507411,0.0189957327315923,0.0015839349257145,0.00150486386079375,1.00195459638328e-05,0.0045112797379194,0.00211092425524049,0.0558471934353651
"img_00697.jpg",0.0026496968186845,0.00424465640925374,0.00313113768493393,0.00164031409702126,1.00423063119701e-05,0.00158410072313829,0.00293456858993711,0.983805483370719
"img_00708.jpg",0.765936346055148,0.0448120327185548,0.00331625854463712,0.00530049422120457,1.00517810437415e-05,0.103851870393674,0.0266220343507608,0.0501509119349768
"img_00716.jpg",0.11442647160558,0.146194283334773,0.0041256828482213,0.00320134582701952,1.0281198226555e-05,0.623216871682801,0.0116723329968868,0.0971527305064928
"img_00717.jpg",0.664900091632706,0.15141636104193,0.00366648389909935,0.00361020097574297,1.00246156121444e-05,0.16297889523699,0.00501131768446116,0.00840662491345734
"img_00718.jpg",0.960504917690409,0.00239517164061331,0.00200055566555574,0.00204920181591618,1.00220018315442e-05,0.00721376171763084,0.00171022358133297,0.02411614588671
"img_00724.jpg",0.0406423980652316,0.00275141455789309,0.00237583850904073,0.00187319167368713,1.00834354813076e-05,0.00840586136029124,0.215286165227504,0.728655047170871
"img_00726.jpg",0.981365952731149,0.0074629393548465,0.00143331513304461,0.00145162614334658,1.00151281071707e-05,0.00315593032184392,0.00163289536657216,0.0034873258210901
"img_00729.jpg",0.921555897282744,0.0155260123754876,0.00496582096144891,0.00216038221536808,1.08607780074158e-05,0.00969988726723176,0.00959329559489572,0.0364878435248167
"img_00730.jpg",0.0108481453933684,0.00323455203578295,0.00169086405117345,0.0014660908485875,1.00163813589826e-05,0.00246244999873469,0.00384088482150395,0.97644699646949
"img_00757.jpg",0.884483503807351,0.0267324079635145,0.0252260517943186,0.00561599002621238,1.01281626643778e-05,0.0374546062897548,0.00372525514941199,0.0167520568067725
"img_00760.jpg",0.00327757476048256,0.000380588563069304,0.00015464665959795,0.995439835631324,9.97398385810941e-07,0.000297645088003747,0.000162624283491152,0.000286087615645209
"img_00764.jpg",0.00518798085565961,0.00658153929089432,0.00483556825241092,0.00157845896270501,1.00188697681936e-05,0.00176293772027635,0.0015252824895538,0.978518213558732
"img_00765.jpg",0.0611545761122533,0.478726283163308,0.00241926583309795,0.0176474550915409,1.00651060269337e-05,0.139392511257904,0.0104137833063972,0.290236060129472
"img_00772.jpg",0.0962779085409235,0.0131012308726685,0.374347406633621,0.00162602671802137,1.01176672020076e-05,0.126454151312323,0.00448286532638321,0.383700292928857
"img_00777.jpg",0.562575969163626,0.0409603954257481,0.00384512786813029,0.00168781436986283,1.01638701871843e-05,0.377661176694824,0.0106798686550372,0.00257948395258455
"img_00780.jpg",0.0146179600586671,0.00366383734987699,0.00434168382149747,0.00171521252258508,1.01089060092457e-05,0.0221492939281414,0.0215932555595536,0.931908647853669
"img_00798.jpg",0.91155768351663,0.0374734388447363,0.00247557951300026,0.0233016114715717,1.00537817986784e-05,0.00630568108916436,0.00195745980117793,0.0169184919819206
"img_00808.jpg",0.824447128294872,0.1446037798572,0.00184528693186417,0.00172764947813546,1.00753885548375e-05,0.00805320307521545,0.00183456992145415,0.0174783070527034
"img_00816.jpg",0.949051835118156,0.0119873833278189,0.00157301941693191,0.00161105033795097,1.00447180798852e-05,0.00353519802546615,0.00335268095056999,0.0288787881050266
"img_00833.jpg",0.759982018083408,0.0302054774428355,0.00363717254646468,0.00432156380278029,1.00473216217871e-05,0.0742708308794924,0.027266484770646,0.100306405152751
"img_00837.jpg",0.884509292069761,0.0143614837399273,0.00187814178353107,0.00189518836689222,1.01418997356969e-05,0.0914278268493462,0.00173618758323084,0.0041817377075758
"img_00855.jpg",0.846753388463824,0.0397471502050744,0.00396305470285195,0.00210837350953103,1.04480504455672e-05,0.0574123738019342,0.00688631813708885,0.0431188931292499
"img_00857.jpg",0.974284902567715,0.00791212874384674,0.00146690758873084,0.00144860598415234,1.00268320457326e-05,0.00948646947524154,0.00159998999015026,0.00379096881811765
"img_00858.jpg",0.958919649605561,0.00672854352964017,0.00184211378229923,0.00163248789097743,1.01839944542123e-05,0.0102620037165954,0.00418042648642591,0.0164245909940467
"img_00865.jpg",0.864506074673185,0.0929805426490636,0.00174977565720411,0.00290563100073371,1.00288801716737e-05,0.0213722377918811,0.00391829524021956,0.0125574141075412
"img_00902.jpg",0.0041248990902813,0.00315069854012655,0.00152090298856258,0.00175568468155514,1.00433413033973e-05,0.00344826579218416,0.980055564622636,0.00593394094335086
"img_00914.jpg",0.00182391434834163,0.00208358917672194,0.00147619576086443,0.00141971210753887,1.00150013337954e-05,0.00142618860277969,0.00143000404579896,0.990330380956621
"img_00921.jpg",0.775551682197142,0.00510340810812033,0.0031424624758482,0.00205709850672604,1.0090006067736e-05,0.0777979752683291,0.0806075953422983,0.0557296880954678
"img_00927.jpg",0.0684246701000733,0.0678072639523038,0.00353272385171975,0.00184790754083866,1.00264086337791e-05,0.00823102622517263,0.00998873254512187,0.840157649376136
"img_00943.jpg",0.900273661657272,0.0788398914396152,0.00159649667652999,0.00220422862438047,1.0027853048923e-05,0.00248547514069196,0.00197057129817871,0.0126196473102829
"img_00959.jpg",0.949362713036995,0.00392351428566499,0.00155519015637458,0.0014461582609009,1.00306384200407e-05,0.00745463701310914,0.00251404695369782,0.0337337096548373
"img_00962.jpg",0.0368001578503608,0.00901352233536036,0.00469971927714889,0.00163574424505961,1.03268611568388e-05,0.0129624789848863,0.0201513894262492,0.914726661019778
"img_00964.jpg",0.00179489266170242,0.00372854501788504,0.979858387795304,0.00170409330165211,1.00159555555177e-05,0.00177259419760013,0.00150138944621561,0.00963008162408481
"img_00974.jpg",0.926447146177216,0.0166773758068137,0.00455885502790767,0.00234294563706986,1.00159510535756e-05,0.0114960254422289,0.00178455731507987,0.03668307864263
"img_00979.jpg",0.00884652946079966,0.00897281826657686,0.0112986341793664,0.00171577500784168,1.00774906469095e-05,0.00413575320490411,0.00401321537315525,0.961007197016709
"img_00982.jpg",0.783991588885566,0.15183606729577,0.00572514016275584,0.00281424822829059,1.01920650267843e-05,0.021915635425677,0.00479850426252615,0.028908623674387
"img_00985.jpg",0.718321234579884,0.0386463943610748,0.00195777194953112,0.00213803388085461,1.00659913916012e-05,0.0289139298005889,0.013714524915057,0.196298044521618
"img_00999.jpg",0.733863166670033,0.0133103357896928,0.0020393811899053,0.00295215956490854,1.00245127561283e-05,0.0273042002463606,0.0967448289074943,0.12377590311885
"img_01022.jpg",0.958877559193541,0.00437244691239157,0.00208590673384331,0.00252499707028517,1.00762180937315e-05,0.0220719057427835,0.0018661824720844,0.00819092565697738
"img_01031.jpg",0.751059039212688,0.00454163878998356,0.00596574645788671,0.00190000768252304,1.00459828848858e-05,0.227595434995643,0.00506197663635621,0.00386611024203472
"img_01035.jpg",0.555491784669142,0.0252038282383625,0.00318703635416747,0.00225752509882708,1.01653455811403e-05,0.404200059657401,0.00736867208675164,0.00228092854976685
"img_01058.jpg",0.930233598566338,0.0109951656249877,0.00341523603352792,0.00197999433192482,1.05066677508602e-05,0.00501843302821378,0.00243678869362776,0.0459102770536288
"img_01059.jpg",0.0190260912388794,0.00730229610042786,0.0018630867234952,0.00186120477186831,1.00342868815995e-05,0.0237135713077731,0.00441174525368051,0.941811970316994
"img_01102.jpg",0.215088413905485,0.453421508326519,0.002467408992429,0.057947370838811,1.00336312418329e-05,0.0038343695411036,0.00199450526907556,0.265236389495335
"img_01103.jpg",0.0167415563994511,0.0228333669097881,0.00495040152598582,0.00571995502072552,1.0100556505037e-05,0.00276350685050963,0.01093986575687,0.936041246980165
"img_01116.jpg",0.833038779899228,0.0452474611584591,0.00904728838997053,0.0164185499137018,1.00216909411584e-05,0.0742393492974707,0.00270025837630339,0.0192982912739252
"img_01134.jpg",0.869421703599172,0.0151563491624453,0.00418203460118464,0.00317797783837539,1.0023678440236e-05,0.0152230133000873,0.00246084444457839,0.0903680533757163
"img_01179.jpg",0.974955873877803,0.00411708025665598,0.00199296313507129,0.00215279383935297,1.00274817618003e-05,0.0131341506985343,0.00159453432111977,0.00204257638970083
"img_01188.jpg",0.0734295077346218,0.435726544193553,0.00377363201994417,0.0192355433023989,1.01623522045214e-05,0.233490330208596,0.0236044471601315,0.21072983302855
"img_01211.jpg",0.912870202037537,0.0730416068823777,0.00171658051860185,0.0030808334634944,1.00587213617447e-05,0.00196336000836794,0.00156068150850394,0.00575667685975572
"img_01213.jpg",0.729405476513721,0.221911292815506,0.00231124807989501,0.00358216256669016,1.00592423012315e-05,0.0125045757466886,0.00205774212933451,0.0282174429058632
"img_01222.jpg",0.730149253514,0.0855350987866483,0.00333776031311479,0.0426002842758715,1.00805389727126e-05,0.0131678856134188,0.00749335321510175,0.117706283742872
"img_01224.jpg",0.0146904529468571,0.0303299622388433,0.0831537570293303,0.00457253447875955,1.00212092494874e-05,0.00253654900824119,0.00403241771944964,0.860674305369269
"img_01253.jpg",0.00223714632477449,0.0014778113375046,0.00143762782995069,0.00142111685736308,1.00141845013664e-05,0.00142048496036407,0.00142167193381127,0.99057412657173
"img_01286.jpg",0.0880377014688831,0.00686123081186825,0.00184983954794067,0.00252468677954261,1.01838772404259e-05,0.00387598192196506,0.00153492686875206,0.895305448723808
"img_01289.jpg",0.024619310360485,0.0185979174982733,0.00177135265429185,0.00202154227437337,1.00397946816736e-05,0.0140886789626978,0.00498063886489932,0.933910519590298
"img_01328.jpg",0.879708235911816,0.100574431873419,0.00172124079264826,0.00289648230246923,1.00514723120485e-05,0.00727269114559158,0.0014970362105076,0.00631983029123604
"img_01366.jpg",0.515421497236592,0.007556925542131,0.0114288120460905,0.00875413485286276,1.02291070655189e-05,0.435648708562017,0.00246527553032753,0.018714417122913
"img_01371.jpg",0.971504034335757,0.00396712104394424,0.00157347033563926,0.0015996316632074,1.01191381742373e-05,0.00278443267070665,0.00176017731337709,0.0168010134991937
"img_01379.jpg",0.861164087353458,0.0256064700428709,0.0268412431026009,0.00582463415661013,1.00339246692159e-05,0.0562419939851609,0.00181486425335227,0.0224966731812782
"img_01384.jpg",0.386644276722701,0.0369595779555932,0.0292121053322722,0.00543965024750438,1.03064751823942e-05,0.522370715882144,0.00194582987979961,0.0174175375048032
"img_01388.jpg",0.91154267797381,0.0564290252048129,0.00164645476481031,0.00155932527932054,1.00259264264733e-05,0.0215983391789528,0.00198207178418123,0.00523207988768626
"img_01392.jpg",0.00345982407121448,0.00861427904476103,0.946581572422125,0.00195559175785137,1.00656109372336e-05,0.00220288127922298,0.00204487406891387,0.035130911744974
"img_01399.jpg",0.00944949640324587,0.887819328105617,0.00805201251584137,0.00190628299924951,1.00600695831992e-05,0.0246374351838933,0.00283921296159026,0.065286171760979
"img_01404.jpg",0.94070225320936,0.00554446248807926,0.00158154768007112,0.00289550062479491,1.00190134629946e-05,0.0119724146252252,0.00146433555664582,0.0358294668023603
"img_01405.jpg",0.802628667346655,0.019401574956304,0.00334476084777736,0.00284926850894355,1.00595811687829e-05,0.167472965667116,0.00177405184293088,0.00251865124910486
"img_01413.jpg",0.985988517458459,0.00337546131083885,0.00152829307471357,0.00180657386912897,1.00669866465826e-05,0.00337902216175983,0.00168978365701565,0.0022222814814374
"img_01426.jpg",0.0734019581924475,0.14283673315426,0.00222536423206512,0.00168175399384891,1.00468893653221e-05,0.00605698609135088,0.705607615025548,0.0681795424211151
"img_01431.jpg",0.00250140001612694,0.000449049922782877,0.000162825590369427,0.996031512586628,9.97832171797279e-07,0.000406199293706719,0.000156973491885175,0.000291041266328716
"img_01441.jpg",0.00299364068989387,0.00208125901687077,0.00152868991803617,0.00145537814101087,1.00180910755901e-05,0.00157302056946248,0.00193374006782616,0.988424253505824
"img_01444.jpg",0.113600982231784,0.00599292058577575,0.00193700683233392,0.00340385872984211,1.004209317821e-05,0.00822516699677731,0.0522446746808301,0.814585347849478
"img_01490.jpg",0.00833236799723085,0.00495158884685544,0.0156008728342745,0.00169609176684891,1.00495577733187e-05,0.00269981462008911,0.00180211749901038,0.964907096877918
"img_01495.jpg",0.681784307690191,0.0373216663528659,0.00373456679663043,0.00242864169206401,1.00282721559139e-05,0.00864234115820931,0.00232500233906148,0.263753445698822
"img_01511.jpg",0.876384962513709,0.0300430003437259,0.0665860503107078,0.00270108034690503,1.00469208220657e-05,0.0123301099260621,0.00325222774713665,0.00869252189093136
"img_01519.jpg",0.335485389011565,0.0491498144557362,0.0045141317003293,0.00738025731554097,1.01012500917154e-05,0.118252082890851,0.200678658547888,0.284529564827998
"img_01530.jpg",0.959830146744583,0.0200004171389542,0.00153448138310226,0.0021293413821442,1.00955451895732e-05,0.00219482249697485,0.00158019963962115,0.0127204956694305
"img_01537.jpg",0.79822861813018,0.0378991154801686,0.0219340475350401,0.00155670509618244,1.01498111501545e-05,0.0876769016434984,0.003531875720177,0.0491625865836032
"img_01538.jpg",0.895181402034774,0.0456389442376528,0.00568811239289486,0.00210952308243573,1.0063226173065e-05,0.033229733003494,0.00214611289758263,0.0159961091249932
"img_01543.jpg",0.976501245158547,0.00436082882388984,0.00146857054742077,0.00163277866443857,1.00601757431362e-05,0.00182812839265839,0.0016473917853128,0.0125509964519896
"img_01548.jpg",0.942660970182429,0.00365214954615227,0.00232055490358965,0.00149835356472979,1.00942317764073e-05,0.0372090100894299,0.00460593407306437,0.00804293340882821
"img_01552.jpg",0.953513638282829,0.00173055596365092,0.00143938591699029,0.00142605203872314,1.00174711369945e-05,0.0369604981826481,0.00145783589695628,0.00346201624706535
"img_01562.jpg",0.690020603734956,0.0099552739039767,0.0031680350568448,0.00212690121765704,1.00407626559454e-05,0.0100059197595558,0.0519557317378392,0.232757493826515
"img_01571.jpg",0.937674111378372,0.0465139504326193,0.00151233833790969,0.00161648182396217,1.00208534990259e-05,0.00166464513453879,0.00360336092900471,0.00740509111009452
"img_01593.jpg",0.531838053593418,0.262158520399692,0.00424297971289251,0.00409866779185379,1.00607275063329e-05,0.0231098465890415,0.0116151594019929,0.162926711783603
"img_01616.jpg",0.84282038231771,0.127234609618261,0.00203594210514445,0.00246818744478893,1.00478325285932e-05,0.00390351998288229,0.00195144312504295,0.0195758675736421
"img_01618.jpg",0.938264497123768,0.00542621834538342,0.00214912169503533,0.0021327150511397,1.0620265404309e-05,0.0212350205866568,0.0246288962386377,0.00615291069397483
"img_01627.jpg",0.903723595647655,0.0621630060258356,0.00153813028241861,0.00160251078867445,1.0015660167199e-05,0.0185334532198582,0.00231718853067724,0.0101120998447135
"img_01633.jpg",0.873192566836597,0.00806752047263899,0.00226451747880133,0.00279124454570218,1.00446794688652e-05,0.057005997724203,0.00521040858156045,0.0514576996810282
"img_01640.jpg",0.979556354193825,0.00735640227887556,0.00155215343526562,0.00294047953991841,1.0054296224904e-05,0.00185982663191619,0.00149029744007521,0.00523443218389932
"img_01646.jpg",0.946009619593876,0.0235585187393533,0.00145653489550608,0.00150844189362286,1.00153180928832e-05,0.0190427277334533,0.00146616429103953,0.00694797753505653
"img_01649.jpg",0.914160508222968,0.0183801095111109,0.00380021641708809,0.00400749316654327,1.04941273487135e-05,0.0195092694850616,0.00993989846260896,0.0301920106072702
"img_01657.jpg",0.0294676720041143,0.00418687940926314,0.25276572241032,0.00152306029010257,1.00699967983938e-05,0.00756360601098152,0.00188296855375468,0.702600021324665
"img_01669.jpg",0.00270951244540107,0.000544283571028188,0.00016981008972392,0.99574308839469,9.98051626771436e-07,0.000307421785638138,0.000186345208585211,0.000338540453306365
"img_01681.jpg",0.114033172430676,0.011185271516656,0.00596788164945702,0.00194030913757634,1.00434814995468e-05,0.00496049559577364,0.00664823986578705,0.855254586322575
"img_01684.jpg",0.95773069267941,0.00825011255297275,0.00163610069772147,0.00424558464140437,1.0019943978072e-05,0.0103803378106595,0.00164757830641907,0.016099573367435
"img_01687.jpg",0.773228588660475,0.00880372395156968,0.00211629748677587,0.00193213578578423,1.00290095963218e-05,0.00461130512275211,0.0111141824815775,0.198183737501469
"img_01688.jpg",0.0211047504007906,0.0160842762344344,0.00163112980360286,0.00207648102033815,1.00346955290472e-05,0.012119952129344,0.00440830167666717,0.942565074039294
"img_01689.jpg",0.00597801048779642,0.00461739543501053,0.00659535254146364,0.0015229307631479,1.00366085696632e-05,0.00736080795966775,0.00482184134105351,0.969093624863291
"img_01724.jpg",0.887865900684137,0.00909716263608215,0.00631507350810723,0.00160024399805156,1.04363078256061e-05,0.031445218876144,0.00464729622263796,0.0590186677670147
"img_01745.jpg",0.898990402767076,0.0586457389964542,0.0135187793071706,0.00611428846016011,1.01188976085131e-05,0.0116889631432653,0.00299649340429472,0.00803521502397082
"img_01771.jpg",0.899750434565216,0.0401246888049695,0.00494839984215908,0.00658455306408503,1.02238550585573e-05,0.00603203205367995,0.0103059745727733,0.0322436932420589
"img_01773.jpg",0.718923161305375,0.0171572164932138,0.00207355349857865,0.00162768562392716,1.00196928682158e-05,0.00342476712140302,0.0188052488434992,0.237978347421135
"img_01824.jpg",0.778990754706795,0.0084838841399368,0.00265106770329664,0.00285950074737984,1.00806068793522e-05,0.160855746820731,0.00990507208877341,0.0362438931862078
"img_01831.jpg",0.0113947290768397,0.0045286929679623,0.000236801311747519,0.980462014590202,9.82484205394802e-07,0.00091695857699215,0.000166351988227701,0.00229346900382348
"img_01834.jpg",0.00831175920028052,0.00858144865100251,0.268384817146752,0.00190987591596009,1.00813023482538e-05,0.00229145711858374,0.00223424513772841,0.708276315527345
"img_01847.jpg",0.367196531822017,0.0143770464630084,0.00224815049747768,0.0032853128569955,1.00599495626007e-05,0.00997726229665537,0.0058592377336805,0.597046398380603
"img_01853.jpg",0.0625109553973111,0.0999189723468184,0.00350035942036938,0.0021593018022632,1.00352593172539e-05,0.00877543599948015,0.0108810715303367,0.812243868244104
"img_01856.jpg",0.947667309786413,0.0072552798463673,0.00423616660793478,0.00190050159015448,1.0184929236017e-05,0.00405638730517042,0.00216209570847133,0.0327120742262527
"img_01860.jpg",0.956880734055393,0.00283106554643546,0.00213619405249179,0.00156071096584362,1.02090802233204e-05,0.0199895510509599,0.0113082542586474,0.00528328099000563
"img_01862.jpg",0.773392126948408,0.00443260498758483,0.061187837493851,0.00154367076322786,1.03567199956023e-05,0.131867197642317,0.00430060659997131,0.0232655988446441
"img_01874.jpg",0.834644262353558,0.00339307152157951,0.00164629721337623,0.00150002500359972,1.00257903716897e-05,0.00987382062790165,0.0320941509136339,0.116838346575979
"img_01888.jpg",0.0893355224639867,0.246249258432853,0.00286281726714301,0.0128031967066519,1.00484519965017e-05,0.301655710146152,0.0121550575220611,0.334928389009156
"img_01918.jpg",0.0043900134991468,0.000730802291456191,0.000196121733426766,0.993168511655259,9.96316570537637e-07,0.000387762641953652,0.000246353179143995,0.000879438683042927
"img_01930.jpg",0.958263084228266,0.0142291938498142,0.0035879664255114,0.00233585267847635,1.0019140865953e-05,0.0162095346834031,0.00204710071051377,0.00331724828314912
"img_01932.jpg",0.836631830735924,0.0117739259687421,0.00380400319632803,0.0104836119936639,1.00363452133317e-05,0.00944028099205416,0.00287382660386889,0.124982484164206
"img_01955.jpg",0.00198400254968599,0.00178464960843138,0.00144869634189766,0.00143163021567691,1.00146957086467e-05,0.00142136421248205,0.00143054148450786,0.99048910089161
"img_01963.jpg",0.963263439575365,0.0113120605894335,0.00451624217496138,0.0042266402709344,1.0067834716231e-05,0.00608169091642552,0.00222575250296975,0.00836410613519407
"img_01966.jpg",0.935324640625013,0.0430314200402929,0.00145305222433929,0.00148288658929728,1.00162648662793e-05,0.00726919997729198,0.00154132788667014,0.0098874563922294
"img_01983.jpg",0.933141377411338,0.00807768699060885,0.00634641517178651,0.00194087171502581,1.01831799653618e-05,0.0146272647584525,0.00186324827405804,0.0339929524987647
"img_01984.jpg",0.160024235813681,0.0105389692345046,0.00179803418671311,0.00316908780466189,1.0035299035782e-05,0.00911071216479678,0.00169129799862403,0.813657627497983
"img_01995.jpg",0.035141846270703,0.268073852749234,0.00577378510932863,0.238831285575809,1.01449097076891e-05,0.144349760075554,0.00957773883773804,0.298241586471925
"img_01996.jpg",0.0277629771387625,0.00492031983740361,0.00203845577332997,0.00208783361974449,1.02462068543516e-05,0.936012946993873,0.00691886672413909,0.0202483537058933
"img_02001.jpg",0.38719937239225,0.00441276710008625,0.00410046757406649,0.00282208410188274,1.00353379655264e-05,0.211628225959007,0.254703323961303,0.135123723573439
"img_02006.jpg",0.33052833837513,0.0506653899808091,0.209084600243729,0.230283993014952,1.00405344404988e-05,0.0128099556894667,0.00189736556414406,0.164720316597328
"img_02066.jpg",0.959447480439997,0.00587628138089027,0.00197470706155904,0.00175792946661695,1.00369023704285e-05,0.00772786862930961,0.00240599597590745,0.0207997001433493
"img_02074.jpg",0.977237284552859,0.00191984400470638,0.00221284464827583,0.0022190022622463,1.00435241170859e-05,0.0122970708636264,0.00162131945976162,0.00248259068440696
"img_02076.jpg",0.029388002123005,0.942854822485889,0.00168684396757032,0.00176686676802646,1.00278502260035e-05,0.00189489519258848,0.00160430294415125,0.0207942386685435
"img_02077.jpg",0.00354892564509943,0.000505684386582901,0.000570551274478633,0.993894537382281,9.95583230329833e-07,0.000507627266702414,0.000200043268024324,0.000771635193601417
"img_02096.jpg",0.986980962040567,0.00237905399572852,0.00143446072650542,0.00148437912580946,1.0015425990093e-05,0.00301894755426464,0.00188530945752771,0.00280687167360753
"img_02119.jpg",0.871279734175509,0.0212234924690793,0.0655700653292985,0.00460096750787055,1.00632622007936e-05,0.0152804446261408,0.00326166382639234,0.0187735688035082
"img_02124.jpg",0.0120435707616699,0.00219615642946609,0.00362889420743851,0.00156284882731122,1.00440538494371e-05,0.970809195093669,0.002410085359825,0.00733920526677111
"img_02172.jpg",0.842556819386521,0.0280323843946449,0.0168933239436962,0.00158758037689898,1.02467169957329e-05,0.056989909178052,0.00630714648510109,0.0476225895180901
"img_02180.jpg",0.864859518762667,0.0159622236257359,0.00463231648831475,0.0051613208950785,1.01782321742774e-05,0.0499422871552619,0.006463428703358,0.05296872613741
"img_02188.jpg",0.728535936158976,0.00785109417305365,0.00283147175104865,0.00230937536634978,1.00773663731084e-05,0.086324376131429,0.012597865697322,0.159539803355448
"img_02209.jpg",0.0221603888504479,0.00273714693047689,0.00350242567896564,0.00246930685549166,1.00614771775531e-05,0.952711189147826,0.0068863513780378,0.00952312968157691
"img_02231.jpg",0.0230213217270697,0.00046761862665687,0.000679293502744762,0.971624154151593,1.0166269403687e-06,0.00217506454085395,0.000199019465706507,0.00183251135843461
"img_02235.jpg",0.0695751439649335,0.157759966153536,0.00611295798241744,0.474856949440552,1.01940681042876e-05,0.127177637504282,0.00918466855559848,0.155322482330576
"img_02252.jpg",0.968400920583042,0.00986650057904959,0.00360033307654996,0.00226732214605674,1.02002310046827e-05,0.00572849034777072,0.003234126747947,0.00689210628857916
"img_02268.jpg",0.823846837365521,0.0264630395964498,0.0104141889872234,0.0505141887129802,1.01091141063238e-05,0.00667780338794786,0.00544398469186592,0.0766298481439055
"img_02270.jpg",0.954632055651476,0.0191070813997844,0.00507290635664595,0.00237975999528026,1.01899054687444e-05,0.0101246403731768,0.00245700130640602,0.00621636501176169
"img_02281.jpg",0.00310083958260929,0.000359057375950322,0.000182155669279495,0.995729337416843,9.97319127977031e-07,0.000286362501369988,0.000146209207631397,0.000195040927188232
"img_02282.jpg",0.00239817088011932,0.00201163212149225,0.00146935002761907,0.00143671183883186,1.00168524443218e-05,0.0016201942484999,0.00226074762150492,0.988793176409488
"img_02291.jpg",0.977359719435187,0.0104915714818839,0.00145857356245946,0.00168563442238309,1.00273608928893e-05,0.00238649570759204,0.00150957299342954,0.00509840503617181
"img_02299.jpg",0.847497889769885,0.0346695684731719,0.00279646332786076,0.0259084466156946,1.00765410255631e-05,0.015051741084417,0.00522400056759526,0.06884181362035
"img_02305.jpg",0.0420845515836267,0.279781341528691,0.00509279611223966,0.241238727459795,1.01693621127009e-05,0.0683734246484876,0.00836934375485033,0.355049645550197
"img_02307.jpg",0.726220998861745,0.0117309614533497,0.00161087843459334,0.00216156262978558,1.0083676106485e-05,0.125624844003608,0.0223204354160154,0.110320235524797
"img_02309.jpg",0.979654430347984,0.00597447450558819,0.00156020859784086,0.00249969279979157,1.00509753301663e-05,0.00225668237895865,0.00164762778730249,0.00639683260720376
"img_02318.jpg",0.019952689704946,0.00388102021874977,0.00198816106503348,0.00167499825904925,1.00275979539173e-05,0.00176766070658722,0.00182528624071277,0.968900156206968
"img_02356.jpg",0.0251150698421202,0.00280077889725783,0.0023123347591086,0.00583115071852626,1.00171243210998e-05,0.00290556878248623,0.00259336590586723,0.958431713970313
"img_02367.jpg",0.91203059689506,0.0309813722787102,0.00247790564907649,0.00337725877565296,1.01122012668708e-05,0.0204771323639143,0.00777559996704024,0.0228700218692786
"img_02379.jpg",0.108347485498681,0.00961638657182795,0.002217122088194,0.00173962717941142,1.00231974026359e-05,0.003153035762993,0.00305789587682614,0.871858423824664
"img_02384.jpg",0.823693451741451,0.0154282845359101,0.00236742715047747,0.00207941024693228,1.0044472484988e-05,0.0680302467425494,0.00502686438673179,0.0833642707234632
"img_02398.jpg",0.933175016524232,0.0213442324103498,0.0016136526197676,0.00263357782582574,1.00170468536124e-05,0.0286069894422993,0.00153067436869319,0.0110858397619792
"img_02400.jpg",0.956148534102789,0.0070263500076815,0.00533174743347559,0.00153832001290754,1.001949183363e-05,0.0226840171775093,0.00210495477705952,0.00515605699674389
"img_02406.jpg",0.0023985633835858,0.000344175130253634,0.000499313371614456,0.995661743894212,9.97205492526317e-07,0.000294645316702105,0.000203219952170276,0.000597341745968905
"img_02412.jpg",0.854474076339123,0.00269650411335628,0.00166459396524736,0.00194805069377625,1.00561852120098e-05,0.00198511609367937,0.00234922484645625,0.13487237776315
"img_02422.jpg",0.836067008632751,0.0284803603078046,0.00348298352196729,0.00391798836386383,1.00447603542731e-05,0.0145747762843262,0.0217603434490098,0.0917064946799226
