"image","ALB","BET","DOL","LAG","NoF","OTHER","SHARK","YFT"
"img_00005.jpg",0.0501439080674542,0.0188802064576092,0.0318369533351581,0.00793528227565974,0.820457249322046,0.0214777215983423,0.020051521492135,0.0292171574515955
"img_00007.jpg",0.210122332530846,0.043501309370174,0.010455300588803,0.0108684264855523,0.011618031673006,0.00532479164325481,0.00536509921312707,0.702744708495237
"img_00009.jpg",0.584925401684536,0.144105475262684,0.00833147418867369,0.0112441390369635,0.0761236770027046,0.152948021814514,0.0108169647948456,0.0115048462150796
"img_00018.jpg",0.653705547367915,0.124893653823511,0.00557454860370358,0.0194677093292504,0.00853679879136941,0.165897276971525,0.00516375984786712,0.0167607052648581
"img_00027.jpg",0.224859866834424,0.0711830153046451,0.0211709927631615,0.00719802927213929,0.00925553311842712,0.321352395377354,0.0372318694686561,0.307748297861193
"img_00030.jpg",0.278584997015677,0.0276961241323934,0.0114166164066636,0.0732893378862546,0.527852179156207,0.0596070167113869,0.00722987252982897,0.0143238561615886
"img_00040.jpg",0.242887673175937,0.0238198642634254,0.00771130263234907,0.00620359595717398,0.0275134794201428,0.0302306203537195,0.572693344099728,0.0889401200975244
"img_00046.jpg",0.433631497059526,0.00992047254736931,0.0138362472336232,0.0052349906014348,0.490337126299301,0.0144889682213166,0.0143211274342559,0.0182295706031731
"img_00053.jpg",0.729148932484018,0.0496604435400383,0.00953693818412426,0.00768188787559226,0.0582031600514617,0.106187090166754,0.0118366867862213,0.0277448609117907
"img_00071.jpg",0.0495188170185812,0.00652453609814161,0.00296071852666248,0.925888122479699,0.00367077433680573,0.00449487399271471,0.00280050394487796,0.00414165360251761
"img_00075.jpg",0.45974108134944,0.212307570013478,0.015609522442412,0.0297767805534014,0.00643640605404815,0.251050373169387,0.0113356910181271,0.0137425753997065
"img_00102.jpg",0.362075447918367,0.0285443661503504,0.00894284938551307,0.0115243637846471,0.0387539315605994,0.0556900139860772,0.0157164301838618,0.478752597030584
"img_00103.jpg",0.841257307408497,0.0284034382119332,0.00536696239767725,0.0102888192140085,0.00712323288558676,0.0410433513235424,0.0112579524772415,0.0552589360815129
"img_00109.jpg",0.844350029613101,0.0385299292722162,0.00591781529144483,0.00569225747750994,0.00586954965549144,0.0467917692622382,0.00772248042608205,0.0451261690019166
"img_00119.jpg",0.00779804124455032,0.00650741181573749,0.00676706508274743,0.00502060203244818,0.922178072625725,0.00569477286513249,0.00606958196843525,0.0399644523652239
"img_00120.jpg",0.517691855016172,0.0477667347235044,0.00679827115808039,0.00727079759298577,0.0054312660831574,0.0260280577262501,0.0885236061733834,0.300489411526467
"img_00125.jpg",0.575109510302874,0.0432536675919309,0.0120987115432501,0.00571567563829121,0.0115555709388947,0.119190454509919,0.0235852517779003,0.209491157696939
"img_00128.jpg",0.0356501396177755,0.0585336532879805,0.268836262513345,0.00578454081219999,0.0143980522119157,0.013320251159095,0.00710216765007624,0.596374932747612
"img_00129.jpg",0.219915022120276,0.0206329665425928,0.00916733833508477,0.00661327918844994,0.0131398468179648,0.0288623310926692,0.546151225275745,0.155517990627217
"img_00133.jpg",0.180402250504347,0.0308814717062868,0.0190947120864953,0.0145539573423647,0.676397411786743,0.0444992393233115,0.00650730984085786,0.0276636474095937
"img_00138.jpg",0.651868164946485,0.254577084924575,0.0174309382138934,0.020652413360401,0.00912530903686436,0.024254323277314,0.00829090341832088,0.0138008628221462
"img_00141.jpg",0.0118345092231091,0.0164274294888011,0.0253186854316869,0.00509357442255613,0.00712007308262398,0.00618522935952513,0.00565139971247218,0.922369099279226
"img_00152.jpg",0.0705137177970174,0.0964699742699287,0.0288645189236003,0.0071630832817324,0.0285362300460906,0.0652627426147856,0.0167858278481517,0.686403905218693
"img_00161.jpg",0.00851267109504544,0.00511600195116516,0.00480753302565739,0.00477447858536454,0.00506196794850252,0.00486089676674497,0.00478755114524409,0.962078899482276
"img_00164.jpg",0.0126880682528014,0.00627245845871422,0.0056061964910965,0.00509643985345096,0.944881584179646,0.00575561812591056,0.00936435438764929,0.0103352802507309
"img_00170.jpg",0.104725341835312,0.0103518301830062,0.00662919349130642,0.820733465910144,0.00451137868849062,0.0174270325830964,0.00282002323583458,0.0328017340728094
"img_00171.jpg",0.301776546553861,0.0632193823209436,0.0334802512848114,0.0816905388221615,0.0814303383549818,0.385700243259579,0.0194628581631019,0.0332398412405594
"img_00172.jpg",0.133880949682713,0.167412430636592,0.0371473531841408,0.00875827155159213,0.494974656425048,0.1190524482378,0.00688923757364021,0.031884652708475
"img_00175.jpg",0.288855798775882,0.0154396154085236,0.0240999338146283,0.0385195940705121,0.104384887869339,0.486705975845915,0.00735354162197988,0.0346406525932201
"img_00180.jpg",0.0516199447259104,0.0189308011848435,0.0127689065814387,0.0494964011559707,0.00521179430068829,0.00829586177242112,0.0172206649244337,0.836455625354294
"img_00196.jpg",0.0244332532161668,0.00818561944054916,0.00742712639710164,0.00507459281378283,0.928762987944917,0.00964111246463413,0.00596239199798127,0.010512915724867
"img_00212.jpg",0.16472613359606,0.0177882094227957,0.00586866452224494,0.0138648936123077,0.00656537908938102,0.00644470358014838,0.00582279365201391,0.778919222525049
"img_00223.jpg",0.636922965815313,0.0497250677344821,0.109346058836803,0.0192881897041803,0.0133459100561775,0.0869414175403553,0.0120203417643933,0.0724100485482955
"img_00230.jpg",0.647598976007078,0.19369367909411,0.00671398458118021,0.00785648484737706,0.0155963626395902,0.0960651896301616,0.00611920497553855,0.0263561182249644
"img_00232.jpg",0.014604130430751,0.00804398890150838,0.00535095848655336,0.00571563421275616,0.0192465049259575,0.0144287749903109,0.903902778497462,0.028707229554701
"img_00244.jpg",0.469500066784727,0.190491826568017,0.00705346947810709,0.017348076233132,0.0147502607773159,0.144069555301831,0.0174808785285698,0.1393058663283
"img_00272.jpg",0.587980580796394,0.0938171612760194,0.156175042685099,0.0246988655799844,0.0283934772861445,0.0437073964171469,0.00926707471869681,0.0559604012405149
"img_00280.jpg",0.83919363267124,0.0225328027996358,0.0115443109935632,0.00564038304588695,0.00907750714997897,0.0104490620936361,0.00704224157220514,0.0945200596738538
"img_00282.jpg",0.375108982815831,0.0398856403555322,0.0289551433949267,0.0882625993404811,0.0264625066710985,0.369983364276313,0.0148472583305025,0.0564945048153154
"img_00285.jpg",0.441271271619726,0.0524645909630804,0.0144168185085372,0.00613416644166458,0.0109319252815521,0.0266016444669189,0.0621775508534082,0.386002031865113
"img_00289.jpg",0.677626194783959,0.0225807198160617,0.0180080045155573,0.00679963824955532,0.212305739004518,0.0159210974106948,0.00967737929638329,0.0370812269232702
"img_00292.jpg",0.551626775729008,0.0358431359626143,0.00983309932052188,0.00746964788949461,0.0170103706875059,0.0606801050101693,0.0502806979922113,0.267256167408475
"img_00302.jpg",0.275421842384186,0.0204041732869923,0.00532541088482253,0.00578764796508204,0.0382233780423428,0.0202868692761639,0.569400892366285,0.065149785794125
"img_00311.jpg",0.951843332615614,0.00927199980270974,0.00481836712851709,0.00723921225111679,0.00837177971429086,0.00542622181162068,0.0047848594634845,0.00824422721264636
"img_00320.jpg",0.903373856427274,0.0138896507984319,0.00535453143846528,0.00486529928335154,0.00666279075769613,0.0281913672272355,0.0052220814028141,0.0324404226647317
"img_00331.jpg",0.69285425054592,0.0728490753893342,0.00777949865385908,0.00794869176630887,0.00785982445710339,0.118173510051101,0.0258929967504326,0.0666421523859403
"img_00358.jpg",0.396397624203645,0.0763167213013133,0.00934317510675707,0.00945182615326001,0.0226644966354715,0.074881872684623,0.0439941343593186,0.366950149555611
"img_00374.jpg",0.527184542567495,0.0528622811976577,0.00641988468531,0.00954939342191339,0.00751721692860146,0.0108934113907388,0.0069590979978176,0.378614171810466
"img_00375.jpg",0.116067484772424,0.0705857333403793,0.642829252441768,0.0136694572205251,0.0379728135480761,0.0562404591710803,0.0110953692641114,0.0515394302416354
"img_00376.jpg",0.746398633865547,0.0246858458411356,0.0194257338257354,0.00505688024902087,0.017550378575621,0.116515365038744,0.036652866244455,0.0337142963597413
"img_00380.jpg",0.739063475319537,0.0541620244122257,0.00659139047643622,0.00783031283358247,0.0116133417074649,0.163791137462395,0.00523972450037837,0.0117085932879797
"img_00383.jpg",0.718863346676886,0.0208686713451371,0.00641792799930528,0.0112462795185299,0.0201497562041211,0.0102860629029605,0.00616416461234728,0.206003790740713
"img_00398.jpg",0.803607372324405,0.0596267911098654,0.00612115112906691,0.0149513486587561,0.0195101300306045,0.0161865576594602,0.00913748740898652,0.0708591616788555
"img_00407.jpg",0.83208040643961,0.0163162340992089,0.00806531211946196,0.0389273190173137,0.0103824660348368,0.0475723713397711,0.00664628896149369,0.0400096019883037
"img_00417.jpg",0.0864906057077714,0.0302203102930112,0.00590700139962572,0.0155376323054729,0.00655220685407279,0.00547737753889062,0.00529697565969548,0.84451789024146
"img_00432.jpg",0.510682361714446,0.0523428191933089,0.0432660320197312,0.0109475386988897,0.0824345149531479,0.219517611876459,0.00773823976940268,0.0730708817746146
"img_00442.jpg",0.00645505525794213,0.00536450937618838,0.00478997724753632,0.00474816468381901,0.00506230731974611,0.00491889259246859,0.00482444820971107,0.963836645312588
"img_00446.jpg",0.731992224985915,0.0200757860412438,0.00559861901062631,0.0117742058836147,0.00924793495131748,0.0589693752624129,0.00711501183066412,0.155226842034206
"img_00469.jpg",0.696056309675894,0.0771004708316406,0.00848228245302363,0.023510352319875,0.00744548411822505,0.0382452113668909,0.0103400555064793,0.138819833727972
"img_00473.jpg",0.861628634081954,0.0242244808936554,0.00715530053876295,0.0092490018976356,0.014861057871891,0.00932295849388434,0.00580207988426546,0.0677564863379509
"img_00483.jpg",0.832585354899547,0.100739970382501,0.00495749234177439,0.00596221871851366,0.00935348676064236,0.0088133381258123,0.00558548149639819,0.0320026572748109
"img_00484.jpg",0.248722978473034,0.230387497622163,0.00761735759882098,0.0143339455574923,0.00627435759660396,0.0165634188210673,0.00884927614126443,0.467251168189554
"img_00486.jpg",0.656950014921777,0.107744684942017,0.0653712249054241,0.0423124204529408,0.0443109705338546,0.0142342634641818,0.0189576305876886,0.0501187901921164
"img_00487.jpg",0.138673290539968,0.0969933803178976,0.0349682511476054,0.0778471955722384,0.498783473285591,0.0288965313424128,0.0296413568918699,0.0941965209024168
"img_00493.jpg",0.0400707114133046,0.00635238488906973,0.0129371240185526,0.00504217023156492,0.864891268927099,0.049758023514374,0.0120805785384895,0.00886773846754557
"img_00518.jpg",0.664607715645562,0.0331620677771239,0.010204558769914,0.0101056745844713,0.0205322916837451,0.0463229246470897,0.00721319658568609,0.207851570306408
"img_00533.jpg",0.506115825643016,0.0398417083759141,0.00853754903795723,0.0128234121985685,0.0604118758559483,0.027539521350578,0.0218797474064805,0.322850360131537
"img_00538.jpg",0.654096280653585,0.0642243145919361,0.00627139107621559,0.00585666521713295,0.00694810842802027,0.0104464437827529,0.00625922175845259,0.245897574491905
"img_00543.jpg",0.904002192457511,0.0275925032274695,0.00568542511636486,0.00948310064295263,0.0274351108834298,0.00654378256348204,0.00500840846353077,0.0142494766452597
"img_00550.jpg",0.36910345304314,0.0618146403783342,0.0705017433937506,0.0218970506983244,0.0114245236689643,0.406369380255954,0.0108087880739792,0.0480804204875537
"img_00551.jpg",0.69382239815682,0.0375673835001345,0.0178863707300129,0.0396173908894948,0.00623755067306207,0.117084676699596,0.0216144514864205,0.0661697778644592
"img_00564.jpg",0.0683417916480829,0.0238142620328344,0.0286795228416842,0.0333444397304107,0.746782946952594,0.0435944458442177,0.0130034586128451,0.0424391323373306
"img_00575.jpg",0.641459340836736,0.025071027730181,0.00707628789966969,0.00645809317128919,0.00678142081369381,0.0638154175425906,0.0231692641572309,0.226169147848609
"img_00582.jpg",0.778694903273766,0.0514795551818254,0.0109260373853249,0.0095046445059063,0.0106163828336728,0.0993550618221719,0.00763948236680917,0.0317839326305236
"img_00584.jpg",0.815777006064538,0.00921023986528119,0.014203720736796,0.0111244906078178,0.0625813033295461,0.0461397575374859,0.011931278942053,0.0290322029164818
"img_00587.jpg",0.262657814480927,0.0658263391967802,0.0104346706007076,0.00637434590773947,0.00562420053662504,0.0848372440970593,0.0307511113242843,0.533494273855877
"img_00590.jpg",0.266696239787494,0.112558960149599,0.0184157148950213,0.00622568853342864,0.00654822464444886,0.0228724541531638,0.035589843977983,0.531092873858861
"img_00591.jpg",0.301439902651531,0.028291979339731,0.0109492885580152,0.0160117876611389,0.0448064414632909,0.074797281753595,0.0160903999408068,0.507612918631891
"img_00598.jpg",0.839182505881754,0.0302721756520353,0.00756555051073244,0.0466205332288375,0.00617538840403377,0.0367755182207919,0.00743214684751056,0.0259761812543045
"img_00599.jpg",0.70220715938373,0.0330584704874193,0.0129980108734867,0.00809754264587851,0.00739960092166661,0.0133877406094895,0.0372063776952163,0.185645097383113
"img_00612.jpg",0.757598855742225,0.00659258841914425,0.00636967404659887,0.00575793182160934,0.00554156220401105,0.137957644740055,0.0299956157736713,0.0501861272526856
"img_00618.jpg",0.586709976196247,0.0960801549448348,0.0471115376735385,0.0309114482326355,0.107015506522436,0.0147344993430554,0.0278083141136824,0.0896285629735708
"img_00620.jpg",0.538442372039586,0.125604343006589,0.0574438088427466,0.0195949880700738,0.105698944091693,0.0946488187418846,0.0139846881695934,0.0445820370378335
"img_00642.jpg",0.0612449426396935,0.0188796868838239,0.00655776469507283,0.877664024794567,0.00397312670824615,0.0198727389321083,0.00260406350856207,0.00920365183792674
"img_00646.jpg",0.0371950383543555,0.0379915609945679,0.0170270674569252,0.00663829345945637,0.0123077393853739,0.0126266259089621,0.0151425309182549,0.861071143522104
"img_00648.jpg",0.909986628616063,0.0150591841918899,0.00618503219955723,0.0144197986473643,0.025759173622989,0.00659545501857472,0.00517287612967778,0.0168218515738841
"img_00650.jpg",0.253895588819336,0.028320415836515,0.0132591714300134,0.0120896662980108,0.118374982861734,0.365828812969711,0.141555365881148,0.0666759959035313
"img_00654.jpg",0.639403859245651,0.0440879406996172,0.037100772867454,0.0121142434480678,0.0762239423312242,0.0547911852067971,0.0199676076237557,0.116310448577433
"img_00664.jpg",0.847143022024584,0.0632951260293671,0.00530258675486026,0.00497994550710928,0.0064694288813694,0.0136115685309849,0.00780593362476882,0.0513923886469567
"img_00667.jpg",0.00535028445132088,0.00485688669151585,0.00536399309346053,0.0048084243204869,0.961913376456465,0.00509978184001648,0.00483598983339507,0.00777126331333907
"img_00676.jpg",0.00549588699289723,0.00755879226129195,0.00669932174609131,0.00491030192236815,0.937345879315388,0.00597952166423286,0.00498243097719665,0.027027865120534
"img_00697.jpg",0.00919534247905593,0.0140909024859878,0.0105686182510037,0.00544658430210285,0.0143266286848737,0.00525999492268795,0.00974255662009544,0.931369372254193
"img_00708.jpg",0.404957889305538,0.152794101866301,0.0199769830890848,0.0198347906373575,0.0105277405315755,0.151278749963117,0.0642398669414811,0.176389877665546
"img_00716.jpg",0.273773921660957,0.149841073029564,0.0107382984162413,0.00925229372128648,0.0864378819717833,0.252423229178813,0.0464004711249243,0.17113283089643
"img_00717.jpg",0.568094775617165,0.199833551326408,0.00949184088631658,0.0143423048014862,0.00827576871744712,0.160313913963179,0.0110802003553339,0.0285676443326645
"img_00718.jpg",0.824255336130033,0.00977605031125053,0.00691651396546799,0.00896730582920973,0.00754410558955241,0.0505656171699426,0.00576020371354479,0.086214867290999
"img_00723.jpg",0.216479530328536,0.0379868627337999,0.00959212762651307,0.00651061599203423,0.647825894815081,0.0372419902982234,0.00650041375821302,0.0378625644476001
"img_00724.jpg",0.196866628054611,0.00837151279759292,0.008890676946373,0.00540944069594211,0.0143107108430167,0.0273163473864055,0.236830979934206,0.502003703341853
"img_00726.jpg",0.933628427316723,0.0237211620585512,0.00479027889925552,0.00485122991696332,0.00530417623981686,0.0103868244722337,0.00561420131742659,0.0117036997790301
"img_00729.jpg",0.487512327895753,0.0302587030740347,0.0145737410832357,0.00658996177838098,0.32401012216689,0.0237490995522256,0.0270724437009697,0.0862336007485105
"img_00730.jpg",0.0475977605668574,0.0121537646706501,0.00595846436889625,0.00491961364690496,0.00522008186511547,0.0095303645873832,0.0159036657568703,0.898716284537322
"img_00757.jpg",0.669038875772675,0.0822190316863822,0.0173525516345479,0.024197291355631,0.0413458256094267,0.0980315671937915,0.0123760451304218,0.055438811617124
"img_00760.jpg",0.0810097839180598,0.00805926167061699,0.00271296743168815,0.867038357774717,0.00274603403630613,0.0283653969152334,0.00286630487988482,0.00720189337349348
"img_00763.jpg",0.00616130495741352,0.00511083034878775,0.00904952344284516,0.00480264867965839,0.947722198732847,0.0135980647115497,0.00503267943326236,0.00852274969363598
"img_00764.jpg",0.0164460940589204,0.0149497897658143,0.020276686913326,0.00527449909109731,0.00652937910370201,0.00588324266257905,0.00509808371134401,0.925542224693217
"img_00765.jpg",0.152366607767696,0.138639991013654,0.00913579573153046,0.0717564754234394,0.0209380442770486,0.267765192831045,0.0382451439402643,0.301152749015322
"img_00772.jpg",0.0460595513506909,0.0297623184450054,0.37918127757347,0.00537106712925825,0.0389689715919602,0.153840138426017,0.0133469454000138,0.333469730083585
"img_00773.jpg",0.693307888306054,0.166119207446887,0.0198817002909507,0.00826407908434871,0.00813402171786726,0.0890247111909245,0.00718025856357089,0.00808813339939686
"img_00777.jpg",0.439375579028411,0.103500725372631,0.0140401317243797,0.00868462556664712,0.0465720752143025,0.353663683984011,0.0257300636275506,0.00843311548206681
"img_00780.jpg",0.0456008114810652,0.0123614543330961,0.0163958913129287,0.00569949122316853,0.0361285354087791,0.0359518253134132,0.0365052350805132,0.811356755847036
"img_00798.jpg",0.691019468638511,0.136475090783058,0.00923739996172002,0.0860279068074608,0.00753421480959456,0.0240067864159559,0.00812408510437084,0.0375750474793283
"img_00808.jpg",0.821748104474555,0.0382628425854411,0.00639068909482266,0.00593265544983881,0.0251380463926513,0.0279093395814095,0.00609666475220722,0.0685216576690741
"img_00816.jpg",0.835215321499144,0.0374424437750403,0.00532555673456137,0.00543925574727755,0.0107015667816829,0.012001190686708,0.0119286517063134,0.081946013069273
"img_00828.jpg",0.0104933259032068,0.00540980133340868,0.071445181216594,0.00496417285076854,0.882361371739096,0.00976154166190928,0.00522283366987817,0.0103417716251382
"img_00833.jpg",0.341290233897093,0.0859440359626028,0.0150790262722426,0.0153253245753039,0.0117764242436348,0.15112681291442,0.0825867539167089,0.296871388217995
"img_00837.jpg",0.71103215698472,0.0444803538132129,0.00753078008216565,0.0079055494100045,0.0401346829736473,0.165126550472059,0.00686783432952009,0.0169220919346703
"img_00855.jpg",0.453918962063572,0.130733461890534,0.0172121960237606,0.0206453127321061,0.134690798857188,0.126514214156364,0.0215632231309627,0.0947218311455116
"img_00857.jpg",0.90717011071256,0.027206871499834,0.00494546686169099,0.00488462881317759,0.00599862035284369,0.0316266650742539,0.00538789178045033,0.0127797449051892
"img_00858.jpg",0.799513166207194,0.0166847634039679,0.00609852215811677,0.00550969648021789,0.0595345128760656,0.0395032878892719,0.0130600823064277,0.0600959686787387
"img_00865.jpg",0.811783843429934,0.0648908524754182,0.0057977722450792,0.00966547433855634,0.00981518115431566,0.0681411419780251,0.00627086380374177,0.0236348705749297
"img_00876.jpg",0.00511102724750528,0.00496959549719967,0.0052397996037025,0.00485876105213945,0.950095617696478,0.00542427714177318,0.00512963625778521,0.0191712855034171
"img_00889.jpg",0.0880827621811152,0.0185793660820831,0.146549198043279,0.00599392349153877,0.315428480567861,0.00984355949367419,0.0452361180457894,0.370286592094659
"img_00894.jpg",0.693057795002688,0.00924589725313289,0.00719452813090363,0.00596665259341726,0.230485550955752,0.00931616883416605,0.00507939640741037,0.0396540108225297
"img_00902.jpg",0.0142743754997382,0.0103128197054686,0.00510263174438791,0.00600326389981698,0.0144135759181829,0.0129514501449672,0.913796985549692,0.0231448975377464
"img_00914.jpg",0.00646610794391186,0.00708130014386951,0.00491293403650511,0.00472493721435756,0.00528232501016712,0.004746493194692,0.00475919228779237,0.962026710168704
"img_00921.jpg",0.497184239409834,0.0166397265086401,0.0114407933693977,0.0054379639064546,0.00643759859464225,0.128954157031942,0.155859999940207,0.178045521238882
"img_00927.jpg",0.274859302075141,0.207401753084419,0.0134148333942573,0.0063757489723601,0.00578925956173976,0.0176808608982806,0.0359587339332106,0.438519508080591
"img_00943.jpg",0.776592960047575,0.143556388862888,0.00532203361971497,0.00734032047849932,0.00950147782327621,0.00838194227439116,0.0065636848950007,0.042741191998655
"img_00948.jpg",0.361466789977982,0.0110417853860158,0.0143134492494592,0.00597118017420962,0.508027184154268,0.0421539000534595,0.0136892100856146,0.043336500918992
"img_00950.jpg",0.0345944153499368,0.00984142326477423,0.0174895657416911,0.0057446955376523,0.887670627213611,0.0150262138658155,0.011700651564834,0.0179324074616854
"img_00959.jpg",0.890259920386373,0.0109292123409034,0.00526460908284737,0.00490338166665933,0.00597396217261501,0.0179085837937914,0.0142794931011145,0.0504808374556965
"img_00962.jpg",0.120838124225758,0.0345750266979166,0.0450924381722845,0.00534645744315389,0.105758386942993,0.0420295103165193,0.0651116340553845,0.58124842214599
"img_00964.jpg",0.006415654516794,0.0152209493519939,0.912826220033809,0.00600867959596577,0.00552180287223749,0.00634058172839969,0.00509527670597312,0.042570835194827
"img_00966.jpg",0.639113201176855,0.010279915500609,0.00867871268177162,0.00487504163560716,0.196248976183141,0.058884098116043,0.00585759033219045,0.0760624643737832
"img_00974.jpg",0.769547186015995,0.0701030203040632,0.010018317925891,0.00965939760086681,0.00535995004184637,0.0118559383987656,0.00607568915763333,0.117380500554938
"img_00979.jpg",0.031949779643596,0.0294725105055552,0.0462853683821698,0.00570100447765844,0.0258605767752163,0.0145443383737355,0.013313170791537,0.832873251050532
"img_00982.jpg",0.452278747682636,0.272974697503087,0.017560151923577,0.0113706709790165,0.0948862486929524,0.073565730956537,0.0212328542088128,0.0561308980533814
"img_00985.jpg",0.715091562768725,0.0289531930295082,0.00526464256789927,0.00772099087535625,0.0141184282666798,0.0310445432290263,0.0256369267877379,0.172169712475067
"img_00999.jpg",0.657868306560887,0.033239231018339,0.00641282611574354,0.0097616474325289,0.00777559635829286,0.0267616109426587,0.0256202151720994,0.232560566399451
"img_01022.jpg",0.833960862568733,0.0179679140971121,0.00791183867873557,0.010188503756875,0.0080980366393593,0.0848426906208406,0.00680255941142849,0.0302275942269156
"img_01031.jpg",0.585785822476405,0.020543305716672,0.032628106099054,0.0103573680895571,0.00738554236259793,0.306912812596928,0.0195223602082789,0.0168646824505065
"img_01035.jpg",0.524629119277029,0.0833755191925135,0.0107817305023584,0.00788034212872083,0.0514696712774105,0.290748308923227,0.0236716451464058,0.0074436635523351
"img_01043.jpg",0.159707318304923,0.012144406770716,0.0172032050735996,0.00578269507175436,0.57908350741391,0.0559158756496058,0.142061742161175,0.0281012495543154
"img_01058.jpg",0.665304681973901,0.0359429946456511,0.0120370053427164,0.00632804799501672,0.131059293346072,0.0188365238376398,0.00777722864249503,0.122714224216508
"img_01059.jpg",0.212980655999438,0.0304204142651593,0.00654906798906362,0.00669631505053476,0.0110003572964878,0.050885909326282,0.0183523688123699,0.663114911260665
"img_01090.jpg",0.0135780166504181,0.0236587994151794,0.0216040117023145,0.00512431119766432,0.908924583746297,0.00658743659893867,0.0101083534746206,0.0104144872145673
"img_01102.jpg",0.196212947750205,0.506219150650727,0.00957428746697585,0.0250055504292693,0.013227045528515,0.0101170928596635,0.00749166457838019,0.232152260736264
"img_01103.jpg",0.0960829063156454,0.0923789438117257,0.0167762537804197,0.0214090120299249,0.0333758789346209,0.00956835940037844,0.0385868327844565,0.691821812942829
"img_01116.jpg",0.578674484550856,0.0313771831086999,0.0196725684871475,0.0555482622956839,0.00731869293173999,0.180070794552027,0.0052121922910797,0.122125821782766
"img_01134.jpg",0.715385936054082,0.0466222152852262,0.0351647342417368,0.0472139269695321,0.00803979796921913,0.0600599609721648,0.00826185708906583,0.0792515714189733
"img_01142.jpg",0.469734487065621,0.0415737674408813,0.0642125622177019,0.0119756768961916,0.379094846468195,0.011469793343199,0.00616800553516361,0.0157708610330462
"img_01168.jpg",0.0923391587494909,0.0942406406395963,0.00841672833688712,0.0261514321945442,0.0270680870358292,0.532563068749299,0.062739569655444,0.156481314638909
"img_01171.jpg",0.00694161896913806,0.00519293147594248,0.00628644264326758,0.004812032130715,0.955651277292154,0.00624008176717357,0.00485982989844276,0.0100157858231661
"img_01177.jpg",0.675133873762594,0.0710791357200546,0.0323345790765552,0.00940731328199854,0.0834543431066156,0.0556384798825382,0.0251316744961295,0.0478206006735144
"img_01179.jpg",0.905559864332805,0.0138894769392062,0.0076245286778305,0.00818086596940516,0.00557716073014141,0.0468323967653698,0.00540305368217507,0.00693265290306644
"img_01188.jpg",0.199301494431502,0.110136053488182,0.0141211277216442,0.0725391161320016,0.0515047192701311,0.248921543003194,0.0230699757540526,0.280405970199292
"img_01198.jpg",0.25353107871562,0.0588467853171891,0.0218873317858541,0.0195826662424465,0.387214282754088,0.0363357040994972,0.169450880722234,0.0531512703630711
"img_01204.jpg",0.00500508240120692,0.00502745157089206,0.00534140893306473,0.00478510482853751,0.960874167612509,0.00491574746261521,0.00498587684194106,0.00906516034923308
"img_01208.jpg",0.0521270206921998,0.00881516235917906,0.0121480019890034,0.00648732092153933,0.875394185132433,0.0195188879462391,0.0118113206020791,0.0136981003573275
"img_01211.jpg",0.705783623307819,0.230247617599872,0.00572487221052429,0.0102398821859002,0.0167986712699792,0.00654258053710937,0.00520830306758363,0.0194544498212132
"img_01213.jpg",0.599477556896592,0.21968305100093,0.0148868505506972,0.0180241004769794,0.0156691111542545,0.0442810547250667,0.011551103497588,0.0764271716978929
"img_01222.jpg",0.320436282825643,0.198898922097652,0.0114023273014695,0.124118994352137,0.0267106919930213,0.0447560223770224,0.0112674748525547,0.262409284200501
"img_01224.jpg",0.0535907872708261,0.0408090347441869,0.144627720958655,0.0152063461097507,0.00720781719891611,0.00918423463617878,0.0136016555114645,0.715772403570022
"img_01237.jpg",0.252377662567491,0.0211797527898612,0.0120188520398445,0.00518521455861196,0.506303379872803,0.0341227678402673,0.011306452703821,0.1575059176273
"img_01249.jpg",0.216685643425643,0.0632910961168856,0.0383742541015701,0.011871112247166,0.572817529428145,0.0505188616682129,0.0107152664315206,0.0357262365808567
"img_01253.jpg",0.00850324815758732,0.00491785983177169,0.0047840792864961,0.00472914698020971,0.00501291615796581,0.00472704363467926,0.00473099459911048,0.96259471135218
"img_01286.jpg",0.368674518563986,0.0267151846535401,0.007032175028182,0.00633112330210646,0.0063063787414272,0.0182240297972084,0.00566141750229519,0.561055172411255
"img_01289.jpg",0.234967789003188,0.0608749617072043,0.00594000648761203,0.00735486256532571,0.0131592048835327,0.0545944666276713,0.0207789461061011,0.602329762619364
"img_01325.jpg",0.173620367971529,0.030290170796517,0.015793756417839,0.0065058646301152,0.695003210158803,0.0087053195178856,0.0284752388215306,0.0416060716857812
"img_01328.jpg",0.846623825264748,0.0536795643104915,0.014381109965407,0.0139009798288676,0.0163674512060754,0.0268078274972251,0.00607273982590416,0.0221665021012817
"img_01366.jpg",0.278334155172194,0.0185974243783329,0.0313984767972502,0.0491980703231953,0.072156616903341,0.475107037731138,0.00766168022322212,0.0675465384713263
"img_01371.jpg",0.876553916382519,0.0132318879005121,0.00583535815329878,0.00577159204440661,0.00849728585337065,0.00974673929161982,0.0067504698862173,0.0736127504880555
"img_01373.jpg",0.0620239714816723,0.00918840244724337,0.0355103047787944,0.00597724674643453,0.590498909429869,0.280926811789607,0.00553247526777431,0.0103418780586049
"img_01377.jpg",0.119330862007952,0.0484345070984872,0.0108066827892353,0.00531599747984123,0.698668650950865,0.0978813259679261,0.00750316659715231,0.012058807108541
"img_01379.jpg",0.755895782383872,0.0776864142447909,0.0545658973147977,0.0195774497885171,0.0102263733993514,0.0343966782419269,0.00623364462242381,0.0414177600043206
"img_01384.jpg",0.291035155266238,0.0175120660561604,0.0423384432106323,0.0108959060373732,0.0757262525390106,0.503780328389658,0.00726258076264529,0.0514492677382817
"img_01388.jpg",0.789853286602907,0.118950684846791,0.00566817320292932,0.00524212621592366,0.00683652589268744,0.0451776987051148,0.00664397367057158,0.0216275308630754
"img_01392.jpg",0.0118806599492491,0.0340559023323809,0.759549636701457,0.00675914997306968,0.0215848621149327,0.00750876556564947,0.00702745727450765,0.151633566088754
"img_01399.jpg",0.0323206722983781,0.505513907919129,0.0312627325667533,0.00638939048330523,0.0201178535518626,0.0827454735744299,0.00945001084152502,0.312199958764617
"img_01404.jpg",0.774817207429641,0.0177889883987448,0.00574547977836569,0.0254653322183898,0.00536678630841814,0.0426270178977912,0.00560235821990664,0.122586829748743
"img_01405.jpg",0.665877776632576,0.0662290412638409,0.0111740832127912,0.0124701344799812,0.0108358480456369,0.218554581137346,0.00628437232543048,0.00857416290239785
"img_01413.jpg",0.94247102131694,0.0114525677265149,0.00536778493194806,0.00669711981787725,0.00650445056850456,0.0130058066776941,0.00596760603121839,0.00853364292930241
"img_01426.jpg",0.108084023376976,0.299602293710563,0.00781396353086551,0.00678019421761854,0.0157261514621384,0.0145166381030305,0.383349970794882,0.164126764803926
"img_01431.jpg",0.0830271864435723,0.0129153707043195,0.00315203109504095,0.875194028504017,0.00377316109097425,0.0114707666765156,0.00295471458274736,0.00751274090281296
"img_01441.jpg",0.0110121388144898,0.00693262292261283,0.005182128174036,0.00485063844718225,0.00628841191524524,0.00540989029365542,0.00644227506888623,0.953881894363892
"img_01444.jpg",0.225518398958768,0.0243204844718985,0.0102651202856644,0.00719858757068402,0.0140769599477682,0.0346539462480766,0.0686494049400696,0.61531709757707
"img_01490.jpg",0.0245661008472577,0.0169414280969717,0.0643716580157554,0.00563905906619007,0.016669335056948,0.00886487635893604,0.00602841611754051,0.856919126440401
"img_01495.jpg",0.638786584035139,0.0961991640308901,0.0103007431005538,0.00835449065674916,0.0095836528045304,0.0314772702263918,0.00756910309590261,0.197728992049844
"img_01505.jpg",0.0114298178993407,0.00559143139377182,0.00739244532883101,0.0053311634059541,0.949672953372201,0.00576504365432117,0.00612372676616048,0.00869341817942001
"img_01511.jpg",0.624131977599402,0.0958696385389896,0.168401965105245,0.0101250416997553,0.0149081176740696,0.0481109778678999,0.0112937047187564,0.027158576795883
"img_01519.jpg",0.349082660720985,0.124095932040059,0.0162852590585881,0.0263784775927836,0.0291492335924219,0.232726590486287,0.084119133894232,0.138162712614643
"img_01530.jpg",0.846700698996619,0.0668157173293763,0.00539048177513116,0.00769592984512982,0.00663119827026588,0.00802214212231647,0.00551563434593507,0.0532281973152258
"img_01537.jpg",0.5792933983248,0.123619434325398,0.0276181716394527,0.00609159658572286,0.0374983772049556,0.0878556593163492,0.0129676902618128,0.125055672341508
"img_01538.jpg",0.621233717289647,0.150018936240365,0.018758070720778,0.00703895822409062,0.021097723490147,0.13092451685026,0.00717613866758926,0.0437519385171234
"img_01541.jpg",0.0103103565044572,0.00563027724755682,0.111356774294253,0.00482688983503447,0.831410793866366,0.0242833093489058,0.00506112744448298,0.00712047145894393
"img_01543.jpg",0.914786375910283,0.0142459291428322,0.00499377658737471,0.00577472638724329,0.00851308103871365,0.00616621869588665,0.00558540126598072,0.0399344909716855
"img_01548.jpg",0.807166555228067,0.012206545902139,0.00943322690679111,0.0049622107211551,0.0394990694440558,0.0815129197094621,0.0153774523168577,0.0298420197714726
"img_01552.jpg",0.862786955434743,0.00590867603604941,0.00480576660516618,0.00476297068503157,0.00536610692945378,0.0999854938223711,0.00486862669429329,0.0115154037928912
"img_01561.jpg",0.121552353940827,0.01427807160007,0.0368174280347118,0.00918569158510949,0.753195825119217,0.0144378211628776,0.0211997571858743,0.029333051371313
"img_01562.jpg",0.492440264801047,0.0341155064307837,0.00921580994762235,0.00780610230519617,0.00608835858080477,0.0283682618280192,0.0996713147619708,0.322294381344556
"img_01571.jpg",0.855885561580751,0.0914616685495682,0.00503151233284251,0.00537788556742365,0.00718071205577231,0.00553667635313398,0.00737499351179969,0.0221509900487086
"img_01593.jpg",0.400136521848238,0.177886563595646,0.0158003822598539,0.0137765228694398,0.0193031222589147,0.0658449826147472,0.0283081408342354,0.278943763718925
"img_01595.jpg",0.0647804346057735,0.0571410487389301,0.0724032762845688,0.0122939590691147,0.614509407084086,0.0130600439602317,0.0118450821913423,0.153966748065953
"img_01616.jpg",0.699878833501661,0.208428854992164,0.00686383813753941,0.00829406017012071,0.00711868434963373,0.0137865730669767,0.00668302950872633,0.0489461262731791
"img_01618.jpg",0.590255048052605,0.0201531112661112,0.00684264137761323,0.00715841471228262,0.19348333250216,0.0839451707865898,0.0789096637687139,0.0192526175339244
"img_01627.jpg",0.795427344991879,0.0828598965555887,0.00730903824708654,0.00765742233781747,0.00539419654899906,0.050858670323168,0.00773968241226839,0.0427537485831931
"img_01632.jpg",0.727206993200684,0.0150482425622886,0.0117164831877912,0.0052105587299826,0.166846528510645,0.0393412016761455,0.00650831505619301,0.0281216770762697
"img_01633.jpg",0.556419956365986,0.0273245772834516,0.00775823666537776,0.00966448550340429,0.00761250815941397,0.214867668125485,0.0170724446153004,0.159280123281582
"img_01640.jpg",0.915196857918549,0.0243766998813052,0.00516411798932076,0.00976678946651067,0.0171607401382071,0.00619534057860202,0.00495904937248638,0.0171804046550186
"img_01646.jpg",0.806059912913984,0.061497413343348,0.00487833949773709,0.00514222256454475,0.00519637066610875,0.0903769659561356,0.0049100130628751,0.0219387619952672
"img_01647.jpg",0.0170792549032318,0.00539855592665343,0.00550166654341028,0.00477645589733835,0.94659177758746,0.00939438558722607,0.00544775197549059,0.00581015157918996
"img_01649.jpg",0.538580071219456,0.0301161490892443,0.0126459360593694,0.016475726167459,0.234038333365514,0.0706370219736907,0.0421710234820438,0.0553357386432229
"img_01657.jpg",0.00914695486900133,0.00907633389165141,0.795186541593487,0.00503755864050445,0.0233899534027028,0.00551017842667141,0.00627860007654306,0.146373879099438
"img_01669.jpg",0.0717300430045241,0.0125035923651245,0.00325618603975645,0.883500512725284,0.00303993850926251,0.0141791966301661,0.00359081023992506,0.00819972048595753
"img_01673.jpg",0.474965414841762,0.00808972910164484,0.00717409115315282,0.00572349190443354,0.438608720903846,0.0245887271069547,0.0217304595830674,0.0191193654051388
"img_01681.jpg",0.291011994444602,0.0334233394603329,0.0198610101093503,0.00649959693963096,0.0105336599348912,0.0188677606111867,0.0226579666797537,0.597144671820252
"img_01684.jpg",0.787426973860256,0.063881467835413,0.00552667923860673,0.0167637224869894,0.00676249763584374,0.0212852063291639,0.00547559356677238,0.0928778590469547
"img_01685.jpg",0.174188706493573,0.031824908208184,0.112301626230209,0.0138935839571444,0.279871948863367,0.284987573678167,0.0132630008537267,0.0896686517156286
"img_01687.jpg",0.494182238588207,0.0273414525625214,0.00989008374782298,0.00642765719486572,0.00975326614162096,0.0156006580311903,0.0277392957755416,0.40906534795823
"img_01688.jpg",0.217184779703152,0.0633530817440866,0.00551219813005613,0.00767256234535617,0.0114799639104564,0.0500566559879277,0.0180186983671331,0.626722059811832
"img_01689.jpg",0.0220569330786068,0.0157891146428647,0.0283994924530258,0.00511550209893812,0.0123597367283762,0.031004832239687,0.0166955359803395,0.868578852778162
"img_01716.jpg",0.0141027454022543,0.00586716646397742,0.133687586475545,0.00483350663900316,0.79905713957408,0.0268654346221278,0.00548557603236509,0.0101008447906474
"img_01717.jpg",0.144847656539459,0.00947286303848639,0.00574172135885809,0.00749405658214787,0.700125542620108,0.0150361891812113,0.0876318294283527,0.0296501412513763
"img_01724.jpg",0.57668587059418,0.0287851489397615,0.0345675603528462,0.00543411008342914,0.125655722470649,0.0986157682777252,0.0148052107972215,0.115450608484187
"img_01745.jpg",0.749732914267621,0.0463556591737156,0.0518905201847535,0.0288195679756441,0.054815889145327,0.0265068674814339,0.0110625603574437,0.0308160214140616
"img_01771.jpg",0.581233388518798,0.133176669620057,0.0164943313440048,0.0243426700149829,0.072729892824988,0.0221502864641912,0.0350011446698678,0.11487161654311
"img_01773.jpg",0.570116601472999,0.0567594493240286,0.00763296376261651,0.00552514014073056,0.00541550418077557,0.011541190921964,0.0436827024773193,0.299326447719566
"img_01781.jpg",0.0598365503839449,0.00890948113100252,0.00620685129178727,0.00535581347790849,0.890894109745753,0.00977105566313126,0.00954408931009158,0.00948204899638065
"img_01782.jpg",0.0257218336523402,0.00636890858383189,0.00911548700169984,0.00481294154428057,0.926544754517302,0.0149778668820706,0.00540341769240737,0.00705479012606738
"img_01802.jpg",0.578049851947279,0.0151516021162828,0.0119350768444501,0.0129657518597894,0.332269397060901,0.00744070407648523,0.011032058075228,0.0311555580195848
"img_01803.jpg",0.0156634073487481,0.033097120586313,0.761006019956778,0.00820118240844806,0.0254386266470188,0.0119346807833803,0.00916154920890688,0.135497413060406
"img_01824.jpg",0.547363036024719,0.028503454513557,0.0100502534369082,0.0102578038838765,0.00887438297220218,0.243369736728849,0.0270885628827776,0.12449276955711
"img_01825.jpg",0.0266864609955485,0.200446341906658,0.0362923943679762,0.0201190357319885,0.651847365599261,0.0121865388413704,0.0299305935973984,0.0224912689597984
"img_01831.jpg",0.0944606659934731,0.0056780084392884,0.00516606253233512,0.838670545884456,0.00382406802717102,0.0203025877126686,0.00303828078745766,0.0288597806231498
"img_01834.jpg",0.0284617719033792,0.028305279127912,0.247657471101946,0.00643148648935387,0.0270743204544262,0.00814306466453621,0.00741288758547267,0.646513718672974
"img_01847.jpg",0.313969579928967,0.0486236646743651,0.00755678402109584,0.0108154945531869,0.0196024421223353,0.0275361339704021,0.0137887284290604,0.558107172300588
"img_01853.jpg",0.284712824362472,0.184228467064247,0.0139412796150483,0.00759350753931755,0.00913842640539667,0.0209892260770079,0.0336394125545225,0.445756856381989
