"image","ALB","BET","DOL","LAG","NoF","OTHER","SHARK","YFT"
"img_00005.jpg",0.10726986493724,0.0450225428498554,0.0227949210259142,0.0104033093430153,0.178798091935295,0.0120613774160797,0.0113482376265256,0.612301654866074
"img_00007.jpg",0.515559919355061,0.117824811292095,0.00385058851409496,0.00477258339007162,0.00407142015980099,0.124789551994403,0.00439915504650871,0.224731970247965
"img_00009.jpg",0.519434326870379,0.122927685108454,0.00583493142166567,0.0199912564262582,0.0363248266618903,0.277237589480168,0.00385764144921599,0.0143917425819683
"img_00018.jpg",0.263232365597865,0.0697865529367098,0.008953741363,0.00475063140883514,0.00254155721993861,0.292510058392439,0.0256624546445059,0.332562638436706
"img_00027.jpg",0.236850212104593,0.0349050993131017,0.00704575406961103,0.00514369944790527,0.00284738929599775,0.04486651417176,0.476136288461276,0.192205043135755
"img_00030.jpg",0.821532247026723,0.0281545530628232,0.0085124639626614,0.0402480803982913,0.038005337795512,0.0392367557402872,0.00479633999315728,0.0195142220205442
"img_00040.jpg",0.0910791362268352,0.0092471888037069,0.00512129137364872,0.638029891532377,0.00355545942083971,0.0126608119825483,0.233127792998101,0.00717842766194329
"img_00046.jpg",0.663073561817853,0.0361734274038037,0.00905540000656116,0.0114931702858837,0.166083817301947,0.0919748759078491,0.0104271001201289,0.0117186471559733
"img_00053.jpg",0.533293704795905,0.0360795684493441,0.0076281079625051,0.00465956139009285,0.0272916841590594,0.0735629801614081,0.012990020487454,0.304494372594231
"img_00071.jpg",0.4823050026989,0.0622261465669217,0.169505903773559,0.250267155597806,0.00115131206211833,0.0189778908705745,0.00365432774140312,0.011912260688717
"img_00075.jpg",0.788954098977077,0.0621828891784674,0.00532320294392404,0.0041188989029769,0.00132632398534785,0.115345994057796,0.00447497568904955,0.0182736162653609
"img_00102.jpg",0.556445061108687,0.0312363374044158,0.00661223589635766,0.00902200244069868,0.0176382572198669,0.0406215705717375,0.0967473349335143,0.241677200424722
"img_00103.jpg",0.66763449603435,0.0259723998388845,0.0103543656352994,0.00664205616573881,0.00182434288185758,0.0833416936788157,0.00825825674865404,0.1959723890164
"img_00109.jpg",0.218317174363926,0.0300151971529126,0.337717339713666,0.00414760858876848,0.00119838558288445,0.0260642732326932,0.00650502837097199,0.376034992994177
"img_00119.jpg",0.173135176557823,0.0167696714799391,0.00586017961671947,0.00537763164469662,0.24930704348674,0.0143828297991174,0.473836652060588,0.0613308153543753
"img_00120.jpg",0.835748705587922,0.100191472941147,0.00873452491229118,0.0107819605058407,0.000958955399969779,0.0119722918403271,0.005116974154029,0.0264951146584728
"img_00125.jpg",0.228500329569896,0.0152111057374482,0.0147504994157383,0.00378158376115866,0.00404011996214731,0.0186048836446282,0.00419470617473194,0.710916771734251
"img_00128.jpg",0.0724670414620266,0.0501524126032941,0.0830389889682587,0.00440107526955501,0.0054571264186043,0.0454289660281906,0.0385850674618458,0.700469321788225
"img_00129.jpg",0.01599213543264,0.00394418174727014,0.00449623210493937,0.00365582258862119,0.0047615611768755,0.00685224431948359,0.232304299602856,0.727993523027314
"img_00133.jpg",0.24591699410309,0.0172810502660004,0.0117775726084905,0.488480101045054,0.132052070671438,0.0494176804952528,0.00498704650859277,0.0500874843020811
"img_00138.jpg",0.3594637104612,0.142846592297914,0.20067154847753,0.0629275036946049,0.00282283787918485,0.212991092135168,0.00622383316617236,0.0120528818882249
"img_00141.jpg",0.413692438444504,0.0165843213778126,0.0187470021173119,0.0274485036620884,0.00182875064895023,0.270293956328001,0.00467091998318044,0.246734107438152
"img_00152.jpg",0.0638087970001681,0.0512361941874469,0.0126772368488541,0.00746244923292972,0.0125175970066717,0.0318314717032335,0.0133596390623331,0.807106614958363
"img_00161.jpg",0.0879008403089701,0.00532678819924037,0.00364976996749542,0.00380560357645331,0.000793843181399682,0.00500281382441749,0.00363907134952227,0.889881269592501
"img_00164.jpg",0.557695613136125,0.0108597115354154,0.102183941750341,0.0117339401424779,0.242944605082718,0.0521313121299418,0.00779884138833926,0.0146520348346413
"img_00170.jpg",0.52079303422267,0.103234107720759,0.0055355196901889,0.227847046343461,0.00176406739247528,0.118830809451803,0.00374316181039051,0.0182522533682514
"img_00171.jpg",0.111069897666921,0.0215195849726564,0.0076311848995645,0.00397820879270929,0.0294667358409682,0.0894835848371228,0.716464363927655,0.0203864390624028
"img_00172.jpg",0.388887301755733,0.127222829138621,0.0212225592352161,0.00776102691338039,0.0150583824351922,0.319125520427479,0.00622623533479808,0.11449614475958
"img_00175.jpg",0.772748793505137,0.00504633758060088,0.012297782328072,0.00401187281894967,0.0504687888036303,0.123668071953452,0.00596329679944912,0.0257950562107092
"img_00180.jpg",0.432901447667197,0.0270427918482107,0.0225893498431268,0.06663791292938,0.000874218175241839,0.183000397187575,0.0049411693597854,0.262012712989483
"img_00196.jpg",0.200687824697518,0.0276106492358912,0.00811325012740177,0.00443073330955837,0.244055241906928,0.0171195448118242,0.0269705615823305,0.471012194328548
"img_00212.jpg",0.783202704636243,0.00953384257528921,0.0041330831561796,0.008131133021943,0.00154921312145055,0.00378499414030265,0.00411021002506169,0.185554819323531
"img_00223.jpg",0.490964441543521,0.119510883720281,0.00746845659577621,0.0146450993992702,0.00494797004775274,0.0509215844962251,0.0575296826868289,0.254011881510345
"img_00230.jpg",0.328807713358577,0.0863757588044054,0.00461013332617771,0.004991653149578,0.00608174713176923,0.0505785134112027,0.463781365840117,0.0547731149781728
"img_00232.jpg",0.722602546686733,0.00878413884896992,0.00369232251930766,0.00393705553114599,0.00788762133958244,0.00557268693197789,0.236522596330009,0.0110010318122739
"img_00244.jpg",0.854152047568483,0.0588960234110028,0.00411626899044307,0.00919116149711346,0.00563843180332879,0.0538591638401983,0.00394664200386829,0.0102002608855627
"img_00272.jpg",0.841336270557202,0.047789094097177,0.00461285921292103,0.00430741176083025,0.00118563327566195,0.0375158752768444,0.0135384949037013,0.049714360915662
"img_00280.jpg",0.645307468326567,0.0252719133983907,0.0045332825632311,0.00406113875588498,0.00260545366844529,0.099645547719745,0.0275138505353145,0.191061345032421
"img_00282.jpg",0.523485903021554,0.150525646819832,0.00784820960222583,0.0050893369806055,0.0114320752542012,0.110475078649074,0.00768047787088033,0.183463271801628
"img_00285.jpg",0.183255914461322,0.0574969240330239,0.5287521844239,0.0102903345946879,0.00363326471205787,0.0422504184606131,0.025727962959534,0.148592996354861
"img_00289.jpg",0.636278091050719,0.0219081270869384,0.0207132404707381,0.0047838799526874,0.101998383813006,0.150979222520398,0.0276378969222058,0.0357011581833072
"img_00292.jpg",0.899012186336439,0.0111237292404978,0.00627012727084358,0.00609781955831441,0.00670790341751769,0.0405466584621556,0.0214723482967423,0.00876922741748955
"img_00302.jpg",0.726393889246551,0.00922304889164058,0.00378026924193474,0.00364694002778906,0.00394596540703168,0.0072342003965072,0.238944706532023,0.00683098025652244
"img_00311.jpg",0.882398535541427,0.0394238011533728,0.00367932874582812,0.0048898448914499,0.00244478317362584,0.00409934096530443,0.00366258903833101,0.0594017764906607
"img_00320.jpg",0.903926580521254,0.0148037794633288,0.00618600804655512,0.00889682578812771,0.00158914295099008,0.0398402868500951,0.00390352064984625,0.0208538557298026
"img_00331.jpg",0.194397586812896,0.038610843210449,0.00489551595053235,0.00647013452106666,0.00214340043331249,0.045200893161703,0.00475626558618882,0.703525360323852
"img_00358.jpg",0.105978916812027,0.035043782537184,0.00578357094253612,0.00583843911285512,0.00958976360999869,0.0178039762620425,0.0124159983515706,0.807545552371786
"img_00374.jpg",0.802794225986509,0.0225599052875121,0.00476799643080409,0.012109923793928,0.00202286124349897,0.0330095180015416,0.00517426336350138,0.117561305892705
"img_00375.jpg",0.569770348651439,0.0209752463909071,0.226229996585015,0.00412879615456893,0.0163705899120107,0.0243443646025991,0.00502970613585148,0.133150951567608
"img_00376.jpg",0.895561950664601,0.015914704896688,0.00408580695746816,0.00372773144784624,0.0050278941167658,0.0461693074141877,0.00538742890668226,0.0241251755957612
"img_00380.jpg",0.791009263672139,0.132150613715883,0.00387761783143904,0.00415833494035238,0.00406508699220885,0.029274740263057,0.0039621174159871,0.0315022251689334
"img_00383.jpg",0.34526097083983,0.0939863972647102,0.00691219927487347,0.0144521882847728,0.00833653821549938,0.0137884313552427,0.00491229781636471,0.512350976948707
"img_00398.jpg",0.594223590163327,0.274897888933179,0.0448413102504871,0.015760013297141,0.00801170196163993,0.0118287296115946,0.00741293412607209,0.0430238316565594
"img_00407.jpg",0.928729578238279,0.01537178195931,0.00472771004618892,0.00404785753567026,0.00350890463504376,0.0180110948027871,0.0048537325375123,0.0207493402452092
"img_00417.jpg",0.275064203393156,0.0320842651534202,0.00589169949879178,0.00948557617983583,0.00154217572331537,0.0137903600663443,0.0160043343503911,0.646137385634745
"img_00432.jpg",0.639138086166376,0.0967047872805795,0.00585849103713878,0.0046150732788808,0.0083105123072427,0.0966327149391888,0.00411959415639657,0.144620740834197
"img_00442.jpg",0.726510693646217,0.00376055609951468,0.00361438376965648,0.00359348240207297,0.000794729602773189,0.00369320402877216,0.00363161936093426,0.25440133109006
"img_00446.jpg",0.465416238216505,0.0343343747852184,0.0524839540326229,0.0171310417171227,0.00294024349867488,0.324966163678958,0.0104054067059907,0.0923225773649078
"img_00469.jpg",0.773271808671563,0.0368395964435771,0.00699956872931901,0.0190579474837246,0.00198173207795315,0.0995058981906517,0.00597636647184036,0.056367081931371
"img_00473.jpg",0.793283137205713,0.0345230665541106,0.00560487515981187,0.00664587049993737,0.00568984496924189,0.0349531819373609,0.015893797667317,0.103406226006507
"img_00483.jpg",0.880510386230621,0.0365460825029585,0.00781429113716697,0.00628189205502743,0.00303478341273795,0.0437975782041576,0.00600767925374171,0.0160073072035891
"img_00484.jpg",0.595850344602699,0.0266227032008933,0.0286056758861887,0.0103463088537943,0.00146798914871819,0.0189035712777979,0.0458908273698038,0.272312579660105
"img_00486.jpg",0.244809813698511,0.0665536775436286,0.0257860767225162,0.0182410024248752,0.0097013408188988,0.0679019799289411,0.036245754124598,0.530760354738032
"img_00487.jpg",0.209469341177812,0.0815021041053362,0.0296010403573196,0.0405913435467771,0.0740035641930478,0.0235525780866126,0.0463186987315335,0.494961329801561
"img_00493.jpg",0.278096380369274,0.00907697055313824,0.00777201849266787,0.00438590873371505,0.217648438847659,0.0596284208240871,0.00899929161217497,0.414392570567284
"img_00518.jpg",0.794932803989768,0.0308876509155936,0.00826260951341348,0.0237069063181688,0.00827631690472609,0.0421728975621701,0.00717717739437433,0.0845836374017856
"img_00533.jpg",0.427851826125684,0.0374518296527518,0.0128502966771282,0.00931773242758717,0.0284646830597018,0.018288749682928,0.0358746595185485,0.429900222855671
"img_00538.jpg",0.738557994837993,0.0301459710401119,0.00556367782756839,0.00456743978097003,0.00174648024520146,0.0721494770356996,0.0169233044975075,0.130345654734948
"img_00543.jpg",0.693190274478831,0.165716339328162,0.0225876109330088,0.00837523759409563,0.0119828684308169,0.0818737915778853,0.00564393295364434,0.010629944703556
"img_00550.jpg",0.161983212192267,0.0338980752350817,0.00495612106651274,0.621646214295187,0.0036810242370735,0.162032305716958,0.00379387892137233,0.00800916833554721
"img_00551.jpg",0.198130264005349,0.0254597998259867,0.0083909257173067,0.00362761256699392,0.00136806646417797,0.0235855671536982,0.0119590485677774,0.72747871569871
"img_00564.jpg",0.75213284160909,0.0162432553659993,0.0153518376071048,0.0178406576146536,0.14837615164264,0.020070331513647,0.00685238362984646,0.023132541017019
"img_00575.jpg",0.299106193712326,0.0245032628808749,0.00896326437572367,0.00904946765805541,0.00157910087840383,0.452723606810269,0.138855170500636,0.0652199331837116
"img_00582.jpg",0.791207224555676,0.0392204468059608,0.0263624855282183,0.0106436805664383,0.00316071873939168,0.0637835234270822,0.0161278123577212,0.0494941080195111
"img_00584.jpg",0.84084848022189,0.0335683407440051,0.0102972144520172,0.00407285768759482,0.0292273252004391,0.0262393880907961,0.00992196750923362,0.0458244260940241
"img_00587.jpg",0.100524224025944,0.0250543395951647,0.00469240492529844,0.00414207412863398,0.00105445907296162,0.00731207444466914,0.00377544987507589,0.853444973932252
"img_00590.jpg",0.256808476323308,0.0815932078822506,0.00895963235169223,0.00921955037410406,0.00152035088629039,0.353411257259657,0.0397159140166844,0.248771610906013
"img_00591.jpg",0.150657001282645,0.139929179653796,0.00868259080249596,0.0124267659371971,0.0206726232906447,0.487045703284478,0.0404784480853819,0.140107687663361
"img_00598.jpg",0.581801138124061,0.243732175449412,0.00392256316773681,0.012414547496989,0.00129815376513394,0.136919152474808,0.00930841702586561,0.0106038524959943
"img_00599.jpg",0.86866870897755,0.00777284478273586,0.0046811404093655,0.00585300294897068,0.00191394091137881,0.021838768117299,0.00599008319409498,0.0832815106586056
"img_00612.jpg",0.297078386070362,0.00480761817153412,0.00739606602621759,0.0041556690429596,0.000999273568198594,0.037712523215439,0.174064028803263,0.473786435102026
"img_00618.jpg",0.786495184328498,0.0497802041362842,0.0247707120106235,0.0166706522809403,0.0463597153110519,0.00869019436338761,0.0157393873400992,0.0514939502291157
"img_00620.jpg",0.704495652267303,0.110579798279893,0.027450685785744,0.00569447377136751,0.0512627447907066,0.0504392556234321,0.010824726174574,0.0392526633069793
"img_00642.jpg",0.217041352499316,0.0113832387062227,0.00508667762372785,0.245586032943156,0.00143082278585195,0.00913150578042974,0.0154472605180872,0.494893109143209
"img_00646.jpg",0.677814407292194,0.0242557116176776,0.0110571373515958,0.0242653950506558,0.00441830716519454,0.0320706337063805,0.00942895566691204,0.216689452149389
"img_00648.jpg",0.382096800234839,0.0200362865209006,0.00478971318511987,0.550068911342411,0.0111376180691335,0.0120465955222609,0.00484254325131285,0.0149815318740224
"img_00650.jpg",0.0452906334302221,0.0089552792575417,0.0143423884691952,0.00401757296077611,0.0497986086215222,0.0765500316254214,0.0607836878959563,0.740261797739365
"img_00654.jpg",0.236007210896284,0.421176463737832,0.00837045241177697,0.0327704714647288,0.00235213860113198,0.207654590461843,0.0123312632744143,0.0793374091519897
"img_00664.jpg",0.230939091908248,0.0271701736223362,0.39293500091557,0.00378416244240115,0.00149590710121306,0.063412064584307,0.00477801465944435,0.27548558476648
"img_00667.jpg",0.522544168389964,0.00868937776254564,0.0175203581514957,0.00612015856338786,0.250149624497554,0.170743348042659,0.0186318119968415,0.00560115259555168
"img_00676.jpg",0.334989506536055,0.0524743886236914,0.00573990167964522,0.00394206921650997,0.250154128441714,0.338247339510105,0.0103944149510975,0.00405825104118217
"img_00697.jpg",0.0537409447737639,0.00966798349351884,0.0142574338674202,0.00402724981845479,0.00542633224145433,0.0357968903617931,0.0218145282756817,0.855268637167913
"img_00708.jpg",0.715624901769635,0.120934767126619,0.00723713902410407,0.059145129182668,0.00349808795394664,0.0323585051148171,0.00769243013937156,0.0535090396888379
"img_00716.jpg",0.622627058212252,0.188024781531768,0.00511906551554037,0.00534468841231751,0.0414495686635876,0.0469043785672359,0.00526572553855532,0.0852647335587433
"img_00717.jpg",0.708587110293284,0.0778326602166071,0.00605885110115215,0.00435973808480396,0.00240701038133589,0.0291573021881689,0.0065930301999242,0.165004297534724
"img_00718.jpg",0.624414225719707,0.0429342595511874,0.0101281850655411,0.00739849045569743,0.00203913492695305,0.173545615467632,0.0622141215609728,0.0773259672523096
"img_00723.jpg",0.694571696803487,0.0334313770577081,0.00779954644523231,0.00662618902114152,0.132948506554314,0.0922174501889041,0.00493300368412096,0.0274722302450914
"img_00724.jpg",0.474023066650753,0.122316793686347,0.012566871997097,0.00515018798694383,0.00537198219899681,0.0615087881295112,0.0700337915024088,0.249028517847943
"img_00726.jpg",0.940833633063592,0.0166342567796618,0.00368130369641671,0.00371175711245229,0.000919839835555405,0.0230479364953924,0.00380651572018268,0.00736475729674694
"img_00729.jpg",0.729456464520565,0.0389864544819902,0.00860760753149139,0.00493401468534089,0.0659566582605404,0.0456954998184925,0.0277344144641819,0.0786288862373982
"img_00730.jpg",0.486280573007579,0.22258671749781,0.00373400977473364,0.0036647717311204,0.000869538928408888,0.0207115364640775,0.00388725341951823,0.258265599176752
"img_00757.jpg",0.137130607552693,0.0417340210242658,0.00874572983526027,0.00447322806826082,0.0189284260283702,0.0440903234586987,0.719457199989004,0.0254404640434477
"img_00760.jpg",0.00576552982902095,0.00436925914240986,0.00361344617535008,0.251865281892683,0.000890253691560041,0.0036505257650721,0.00356204627273156,0.726283657231172
"img_00763.jpg",0.497920600197367,0.00512782183788615,0.0119023984810305,0.0039997332492525,0.242797331831937,0.0767348482758601,0.0675331572478405,0.0939841088788264
"img_00764.jpg",0.155435620296998,0.0592327320550956,0.0147677140857375,0.00476965949496337,0.00153223277436655,0.0170483921222506,0.0349142344205079,0.71229941475008
"img_00765.jpg",0.595821921875237,0.206635327864271,0.00479402694163357,0.0170116207478283,0.00872646727809995,0.0128104914732374,0.0136601904518167,0.140539953367876
"img_00772.jpg",0.728295072775985,0.0147731523875648,0.0861780127266469,0.00389636775727199,0.0177541387742086,0.0888299180534804,0.00773307651965836,0.0525402610051844
"img_00773.jpg",0.1619720124074,0.0837040509889458,0.0126847575833114,0.00368689440529347,0.00230356660605045,0.0442214664898015,0.00422627153073795,0.687200979988459
"img_00777.jpg",0.0543799684727076,0.04121099508638,0.674036802877279,0.0050965669835285,0.0215153610348664,0.14905240813482,0.00936429224757173,0.0453436051628466
"img_00780.jpg",0.665759376547606,0.05058380901726,0.00801633362351319,0.00700510308659219,0.0163268478416078,0.0237587102723535,0.0195954368325128,0.208954382778555
"img_00798.jpg",0.200340160272508,0.0385036554913275,0.0345451346867833,0.01553837441659,0.00195373607659923,0.0114021849857375,0.00386534413867186,0.693851409931782
"img_00808.jpg",0.463998540176877,0.215964201476737,0.0115626165986463,0.00817495089073145,0.010893788264172,0.24395259469614,0.0153052989958206,0.0301480089008766
"img_00816.jpg",0.566256635510263,0.0527280930679591,0.00411577703576282,0.0064816198902632,0.00359445293582983,0.0350377472444256,0.0166013651296269,0.315184309185869
"img_00828.jpg",0.493197858321245,0.0215929954048204,0.0370451631306953,0.00383534259799714,0.211018855260537,0.0121973460373109,0.106238163160207,0.114874276087187
"img_00833.jpg",0.717942517257855,0.0388145463313813,0.00795297403285081,0.0127392153679479,0.00415764452068684,0.0789950824325315,0.0114547096843651,0.127943310372381
"img_00837.jpg",0.709183278444357,0.0295464640972557,0.0211356220823663,0.00596019982100601,0.018294591585135,0.194676053915497,0.0133144486415824,0.00788934141280049
"img_00855.jpg",0.380578118415138,0.0502454129162308,0.00944844082335017,0.00583477288529622,0.0655571222215227,0.45720558814972,0.0161086456841303,0.0150218989046113
"img_00857.jpg",0.299552802358076,0.0391758497113862,0.00506177057348168,0.00558422231096303,0.00124040123098536,0.0634757832905329,0.0182070876314544,0.567702082893121
"img_00858.jpg",0.228144127056914,0.1090532242253,0.00611449200989042,0.0088340107493272,0.0280234462970895,0.00888065141625459,0.0170306111228862,0.593919437122338
"img_00865.jpg",0.816084869156967,0.0291867487168251,0.00428624137358116,0.00984978932595453,0.00317032689052301,0.113029595647269,0.00443244691785704,0.0199599819710235
"img_00876.jpg",0.647114604417697,0.00415642155375566,0.0140873940564817,0.00807309690977047,0.25034196762926,0.0513012283264557,0.00419811392524108,0.0207271731813385
"img_00889.jpg",0.0530179077152415,0.0541958429507086,0.00805141749352987,0.0190460992432827,0.156070863558562,0.627230366878206,0.0429212028622194,0.0394662992982501
"img_00894.jpg",0.907343749652137,0.00576451502708788,0.00612044499596092,0.00715080938872102,0.0355999129169427,0.0190149538932011,0.0038115499362748,0.015194064189675
"img_00902.jpg",0.128312504781666,0.393822403865123,0.00614117023921567,0.0200895158994741,0.00547084357643673,0.171382943679287,0.237145003559207,0.0376356143995899
"img_00914.jpg",0.513154597117014,0.0316118455653686,0.0113211262400366,0.00451041825590169,0.00105273710521018,0.0199907317550628,0.148577571139463,0.269780972821943
"img_00921.jpg",0.714918241116797,0.122555168441871,0.00403100310177079,0.00372593575555686,0.00142475570139769,0.0311369352467469,0.0660700136858611,0.0561379469499987
"img_00927.jpg",0.553586577581352,0.235050718516323,0.00521509584119184,0.0123831892786677,0.00114163278107866,0.0253154820067088,0.00379763744155316,0.163509666553125
"img_00943.jpg",0.481669721413605,0.199490846427797,0.00621703756148818,0.0926571250625127,0.0030135739854793,0.0435194009127002,0.00649983395357639,0.166932460682842
"img_00948.jpg",0.0813319601070263,0.0079012538751264,0.0662258451338016,0.00423005927366664,0.169193939244025,0.0221017286863251,0.00877139162862398,0.640243822051405
"img_00950.jpg",0.0201017492513933,0.00609275943780176,0.00991683063909624,0.00404439555039955,0.214083676275838,0.00854977979192808,0.00702237355031036,0.730188435503233
"img_00959.jpg",0.436204166419037,0.0162671224820378,0.00528947242189879,0.00443984549948397,0.00128321879191477,0.0204635462912058,0.0056275075083096,0.510425120586112
"img_00962.jpg",0.146117605882231,0.058338836745062,0.0066042792511103,0.00643552434298992,0.0511423267745372,0.0707013544276305,0.0499976235373736,0.610662449039065
"img_00964.jpg",0.528285939333021,0.179265032937791,0.252954113182124,0.00910438216323552,0.0010248212319846,0.0135973855296842,0.00371038657750021,0.0120579390446598
"img_00966.jpg",0.512685977199143,0.0172529725488194,0.0183896032892089,0.023138692639982,0.065574063281229,0.325997709410854,0.00552332020635897,0.031437661424404
"img_00974.jpg",0.868884170279647,0.0201141108308364,0.00549086733999953,0.00439923200886636,0.00102727627588747,0.0052376987818411,0.00576433886645626,0.0890823056164659
"img_00979.jpg",0.205512233304961,0.0210397521345272,0.0205318987908105,0.00714775631409884,0.0117658026929744,0.510127182767712,0.0110499860698736,0.212825387925042
"img_00982.jpg",0.703337119815416,0.0386954287768889,0.144223719333524,0.00598081182268638,0.00772083192558639,0.0454562466590323,0.00682098115456532,0.0477648605123008
"img_00985.jpg",0.802830361335558,0.0171328661645774,0.0328469095627464,0.00896332099445774,0.00531542245116803,0.0776351891068033,0.0112413571153115,0.0440345732693775
"img_00999.jpg",0.701935596028237,0.162379472155414,0.00499175904534064,0.00613829288871106,0.00214986024448751,0.0325276108109822,0.0105582408745413,0.0793191679522856
"img_01022.jpg",0.225800301870303,0.0285976450614699,0.567894229790297,0.00473691066158384,0.00218388780772678,0.0217395108965057,0.00483528562794564,0.144212228284168
"img_01031.jpg",0.147379323581028,0.601756378993021,0.0165671771410213,0.00380688401044902,0.0018970800415824,0.106505330922879,0.00649816448057233,0.115589660829446
"img_01035.jpg",0.75314437876166,0.049325562685665,0.00478186801169203,0.0132833515966277,0.023984196008088,0.128585488283916,0.00828257142243796,0.0186125832299136
"img_01043.jpg",0.480108484378002,0.0210469896408392,0.0107975426771243,0.0110789937202778,0.057527130534002,0.330449435092285,0.0732829374564176,0.0157084865010527
"img_01058.jpg",0.879260892746203,0.0180759731490123,0.00634607398870075,0.00602303026359652,0.0225503560054754,0.0124595720960779,0.00559276437964978,0.049691337371284
"img_01059.jpg",0.0415561999228963,0.202369530408194,0.00572456186300198,0.00370478502759318,0.00375875419712127,0.00607861988365014,0.411544748249949,0.325262800447595
"img_01090.jpg",0.1158674287387,0.0179750960354038,0.0113381324152457,0.583686351950995,0.239604547860785,0.0167703790286087,0.00449292935013169,0.0102651346201294
"img_01102.jpg",0.0448919887004084,0.120204114492781,0.00441703411805777,0.00845202170286554,0.00288353147211908,0.00437364065886932,0.00401000746265188,0.810767661392247
"img_01103.jpg",0.188100974447685,0.0201376998389096,0.00950264892204801,0.00950868240195994,0.0149503327157541,0.0238978844608664,0.0179556837948555,0.715946093417921
"img_01116.jpg",0.114014927149526,0.0141422631535994,0.0514974825602784,0.027242208901449,0.00192171785192285,0.088943842613264,0.0038685761879266,0.698368981582034
"img_01134.jpg",0.72993000897602,0.0964557193431595,0.00544999443716746,0.00536292632358565,0.0022822272203758,0.0380308197304833,0.00522423836286938,0.117264065606339
"img_01142.jpg",0.508376247398023,0.0502676843530531,0.196794040565925,0.0105349250716037,0.182775095911569,0.0192571985474372,0.00584250432795431,0.0261523038244355
"img_01168.jpg",0.210654578345824,0.0826114359268487,0.0220192320716363,0.012224978326554,0.00721803036946106,0.527718119433913,0.0303949543256491,0.107158671200114
"img_01171.jpg",0.510914042928834,0.199535112501654,0.00467350798536268,0.00504721298495924,0.247769507240603,0.00612071267210003,0.00387545033209597,0.0220644533543904
"img_01177.jpg",0.594389259756502,0.0404934111927166,0.0209447710586944,0.00515042369663224,0.0342982223906468,0.248706102496244,0.0130805870152705,0.0429372223932931
"img_01179.jpg",0.687442030919945,0.199058123784242,0.00446910127782262,0.00367436973649462,0.00102442709351341,0.0931666448071477,0.00420384779217735,0.00696145458865719
"img_01188.jpg",0.739529548309334,0.0420923610660957,0.00661643594517918,0.0280756219347249,0.0240150708756306,0.0197576328723963,0.0115340707992546,0.128379258197385
"img_01198.jpg",0.78547775588363,0.0291574358907191,0.0111298145533649,0.0110401347173994,0.109807473369003,0.0166408261596052,0.00630932042238943,0.0304372390038892
"img_01204.jpg",0.724946669245926,0.00414275203182348,0.00363310004535741,0.00359710146582678,0.250383063528583,0.00555829106583405,0.00369889761512646,0.00404012500152267
"img_01208.jpg",0.485952131403785,0.0190220259163533,0.0117663336032115,0.0070837036410912,0.208168881944422,0.035292528022917,0.107811050653757,0.124903344814464
"img_01211.jpg",0.795143767842841,0.158548453037748,0.00407537649223924,0.00633288172832539,0.00665270358997788,0.0044842317274051,0.00461144418237827,0.020151141399085
"img_01213.jpg",0.286017261838006,0.372307552469168,0.0117231033121324,0.00645715338305967,0.0060690676359159,0.0590729555147165,0.0279199807808216,0.23043292506618
"img_01222.jpg",0.683226759469719,0.0645697000251237,0.00600062999585512,0.058244886489772,0.0116303555675476,0.00794251989237801,0.00647647855537515,0.16190867000423
"img_01224.jpg",0.582294289683058,0.025376710480472,0.0471511699440026,0.0103552349799347,0.00186849132009352,0.153478351983726,0.0077722700461574,0.171703481562557
"img_01237.jpg",0.716279482573397,0.0885497543634378,0.00728720769668202,0.00420411925278149,0.0509061363013084,0.052030784008956,0.00529863197362588,0.0754438838298116
"img_01249.jpg",0.804084452264065,0.0334381434999939,0.0195838020012798,0.00718300471369353,0.0734517971929234,0.0319997983237595,0.00648510491243411,0.0237738970918503
"img_01253.jpg",0.601087944008047,0.00652044235010572,0.00464785344241369,0.00518949695037556,0.000773905487882207,0.0672359583175935,0.0137754869928916,0.300768912450691
"img_01286.jpg",0.733245589114964,0.00968122439338656,0.00383347510068891,0.00380386687375442,0.00110649499663507,0.00448872247790663,0.00361642972374837,0.240224197318916
"img_01289.jpg",0.660182902620076,0.0595030895154444,0.00405496945368404,0.00381113905178436,0.00484076291989039,0.027587672400187,0.00410537995078413,0.23591408408815
"img_01325.jpg",0.71936389730732,0.0115251520456077,0.0118352177804126,0.0115233226994934,0.134131207046162,0.0510793323023595,0.0382578500441799,0.0222840207744651
"img_01328.jpg",0.237121334615195,0.00678272236244878,0.556067491579692,0.00425547310760606,0.00644002993086796,0.0100346006489344,0.00443591224229214,0.174862435512964
"img_01366.jpg",0.219360478802763,0.0256357314712326,0.0081730657783732,0.563663930095054,0.0343263436222459,0.124973960864713,0.00661234908629121,0.0172541402793271
"img_01371.jpg",0.395153361372925,0.0190726530584284,0.00398043076985349,0.00406311380645689,0.00227797344910051,0.0142839015438016,0.0069457520272258,0.554222813972208
"img_01373.jpg",0.643802842222766,0.0320203660020799,0.013244938819913,0.0147533016495591,0.0781623342461968,0.154028585599506,0.00391584677056569,0.0600717846894135
"img_01377.jpg",0.404890511185069,0.0317435785455023,0.00778214953214481,0.00385268649214716,0.132313155333391,0.0517908116186137,0.0250130180184574,0.342614089274675
"img_01379.jpg",0.248194145364388,0.0983863847856584,0.026836112849412,0.0132996920054034,0.00336714757215184,0.0600300494450051,0.0169487704686898,0.532937697509292
"img_01384.jpg",0.0258882361881729,0.00617206089849116,0.0275875338313563,0.00370847614378649,0.00503925878682202,0.258851140874088,0.00620948945419257,0.666543803823091
"img_01388.jpg",0.851457509367796,0.0438295667403906,0.0108281482637277,0.00400066709447331,0.00168886710628971,0.0566093268308596,0.00631809215008754,0.025267822446376
"img_01392.jpg",0.614956026263101,0.046988471363848,0.259527418522805,0.0217270411057643,0.00908733718003274,0.0161782462503924,0.00741896945202537,0.0241164898620312
"img_01399.jpg",0.619928238609867,0.176453513602225,0.0130620046312168,0.0103716830054359,0.00832214459195574,0.0541594403883486,0.00600804628408511,0.111694928886866
"img_01404.jpg",0.525171183612837,0.0292373049903169,0.00676329331232399,0.00446169960874571,0.000939576287981609,0.0230738410490168,0.0450590972573839,0.365294003881394
"img_01405.jpg",0.831912607441575,0.0286994278360583,0.0145068223904334,0.00415863481807275,0.00368769615185585,0.103527354004116,0.00446004237115398,0.00904741498673481
"img_01413.jpg",0.250085830109428,0.0235657456841504,0.637747316715746,0.00582863365232647,0.00139794639499352,0.00604142649226036,0.00613589432094841,0.0691972066301467
"img_01426.jpg",0.380542621294452,0.0138668374703736,0.00847825362412521,0.0065204901001501,0.00614265292470612,0.32317608829862,0.183644752158413,0.0776283041291601
"img_01431.jpg",0.155064167190303,0.00466382976024969,0.00567389740671352,0.759336119381775,0.000877086837544329,0.0332906002786433,0.00467514358508603,0.0364191555596851
"img_01441.jpg",0.0270435402810708,0.00681060640248341,0.052282534397736,0.00406930499693706,0.00140712251718331,0.00578513697440685,0.0045193010317503,0.898082453398432
"img_01444.jpg",0.308123389355813,0.0390695844535698,0.00529524992263061,0.00463318072803434,0.00530149053377968,0.0185785276000643,0.0266629464438917,0.592335630962217
"img_01490.jpg",0.148928134900559,0.0568190801759295,0.0216326155489794,0.00569123662301048,0.00660150512537348,0.0215877920390092,0.0348304770658032,0.703909158521336
"img_01495.jpg",0.824170767088251,0.0456094431629421,0.00861281017152661,0.00487740360422534,0.00305424019653101,0.010330502453385,0.00500442563116428,0.0983404076919741
"img_01505.jpg",0.691936396951009,0.00744127596945035,0.00656306059439715,0.00408560014852586,0.243580144784249,0.0295797433627297,0.00531039809595475,0.0115033800936836
"img_01511.jpg",0.429809762312779,0.0446247904822588,0.0889382785181332,0.00477948107590279,0.005731136750826,0.3929654877384,0.00743794492526294,0.0257131181964376
"img_01519.jpg",0.621384474182872,0.13061578948617,0.00784549572487962,0.0108951083581896,0.0128199294396229,0.0660223293835543,0.053881611475419,0.0965352619492929
"img_01530.jpg",0.282785157667823,0.0968047435459284,0.00625547181885023,0.033055746382056,0.00142463120351483,0.184583165686604,0.00835622530122872,0.386734858393994
"img_01537.jpg",0.261303072077133,0.0727906676763062,0.00852414447267982,0.552178648595577,0.0169250154399458,0.0501766837686768,0.00716062803576244,0.030941139933919
"img_01538.jpg",0.767516803369347,0.0787116073742989,0.0146355893031167,0.0089763838849296,0.00881223762154328,0.0940563177539238,0.0047961419986979,0.0224949186941426
"img_01541.jpg",0.494718688233826,0.0153670157843399,0.0583408942438079,0.00488329864723156,0.184037580015285,0.029324200261425,0.00512265945710541,0.208205663356979
"img_01543.jpg",0.232463548876692,0.00823336607433427,0.00360631837120034,0.00360275979816869,0.00245807713209534,0.00419350969029893,0.00390310097559464,0.741539319081616
"img_01548.jpg",0.878160984388261,0.0255112213757668,0.00520148425563231,0.0038729115490091,0.00967524408754899,0.0426440157031669,0.00884461120325598,0.0260895274373594
"img_01552.jpg",0.77988348587206,0.0927984407875486,0.00373935801098315,0.00361011734525597,0.00094084541377872,0.100494113630683,0.00369364623690261,0.0148399927027873
"img_01561.jpg",0.697596209458595,0.0215716990067211,0.0343070455588558,0.00856628474894121,0.147697951191863,0.0314687492285605,0.0140920590739305,0.0447000017325338
"img_01562.jpg",0.297947792595541,0.0221695978655658,0.00364902605596081,0.0166739181542947,0.00125970968794147,0.0172969544001749,0.00411639526694388,0.636886605973578
"img_01571.jpg",0.211246079353939,0.508592551760715,0.00814402862208764,0.10815606964578,0.00185512519331912,0.0556292490565556,0.0220884833140663,0.0842884130535382
"img_01593.jpg",0.190107946226164,0.0970722882995191,0.00651539553686438,0.0100253974604521,0.0079088123005957,0.546788280131013,0.0144736934421743,0.127108186603218
"img_01595.jpg",0.172617625671067,0.0917394094127954,0.0492291756191252,0.00751527880881205,0.0823818673825756,0.0881884921669855,0.157921168151117,0.350406982787522
"img_01616.jpg",0.54022323182598,0.105152738851592,0.104534447552222,0.0753842741820194,0.00176399747432348,0.0274662735648653,0.0052738702264401,0.140201166322558
"img_01618.jpg",0.767484880016482,0.0264416712576517,0.00702070043762685,0.00541652097556195,0.0950047236438793,0.0412086599725006,0.0402650237415433,0.0171578199547546
"img_01627.jpg",0.919356981804375,0.0159555326708061,0.00767384052224862,0.00768757507599801,0.00096874141050661,0.0273271625461068,0.00535008304776077,0.0156800829221983
"img_01632.jpg",0.213825580706745,0.563914728535276,0.00653738653249174,0.00471305089627279,0.0740956787676715,0.020960288543741,0.0040882094142523,0.111865076603549
"img_01633.jpg",0.212711205688183,0.0257116201420167,0.0177261611862155,0.58702582087009,0.00204869817335023,0.0689016697081,0.00776156166636228,0.0781132625656823
"img_01640.jpg",0.948076587268815,0.0137585836993783,0.00376970621120644,0.00607104281778677,0.00683533614719174,0.0061825597016539,0.00366760567649549,0.0116385784774727
"img_01646.jpg",0.731914778437657,0.0329311752542197,0.137228046506455,0.0109912961841891,0.000860374245169136,0.0566440332467056,0.00826571613846658,0.0211645799871376
"img_01647.jpg",0.0537879863238881,0.0075060648222793,0.0149891796421308,0.00431698238719812,0.246573456504341,0.630534694458056,0.00840651126166804,0.0338851246004393
"img_01649.jpg",0.48160703869803,0.0995573046552443,0.0154177770342557,0.00564826852255852,0.0383279327401221,0.31038418812057,0.00951118436122824,0.0395463058679912
"img_01657.jpg",0.567657348834704,0.054067713622649,0.207554415941095,0.00490915134473993,0.00984917784829684,0.0349603341035667,0.00735091455023583,0.113650943754713
"img_01669.jpg",0.488263888866515,0.0386550522891752,0.00642038323167626,0.252102669820047,0.000983917043157279,0.0294738052312528,0.01468716558821,0.169413117929967
"img_01673.jpg",0.166577771618972,0.0107598787601451,0.0150042466632472,0.00931639496097579,0.165268803985826,0.555135845775233,0.0337783036677164,0.0441587545678843
"img_01681.jpg",0.136220408833976,0.224445245741899,0.0196906978909299,0.2091179506506,0.00350157052435809,0.0704968567977152,0.0365583100045223,0.299968959555999
"img_01684.jpg",0.894097054634671,0.0313542710038207,0.00438417220442859,0.004124361135597,0.00164360874190794,0.0417312212985799,0.00393659940774122,0.0187287115732541
"img_01685.jpg",0.690042572251947,0.035399911360053,0.0337230793324283,0.0223953983543521,0.0654010948543005,0.111873018069911,0.00645290029058524,0.0347120254864222
"img_01687.jpg",0.808216586458509,0.0375758152945119,0.0190044880599754,0.00901089616691834,0.00315971804543911,0.0323593385598589,0.0143274605726486,0.0763456968421392
"img_01688.jpg",0.0999861988367288,0.0152163374290983,0.00571946903679698,0.612039120786375,0.00400106175395321,0.0112906962131517,0.0044115661161139,0.247335549827783
"img_01689.jpg",0.0097040738310672,0.00823515359829649,0.0044439606693956,0.0036899852282543,0.00444220234466013,0.00590615141291368,0.00837106143865273,0.95520741147676
"img_01716.jpg",0.73060471472322,0.00550184714797945,0.0680309259043308,0.00360387092288894,0.16836889122545,0.0147919397585088,0.00392990657105772,0.00516790374656436
"img_01717.jpg",0.483288411958309,0.0755351726557537,0.00924758362106654,0.0125034622652885,0.16116893419607,0.054987702377235,0.0506627622322498,0.152605970694027
"img_01724.jpg",0.128423750948259,0.198895159265827,0.0104366676171118,0.322169121148723,0.0609963015184646,0.0686609745543952,0.0262553308693338,0.184162694077885
"img_01745.jpg",0.510100494499382,0.046521315332145,0.00536400838209976,0.005224019144237,0.00367871772683385,0.142580126373871,0.0135602627237723,0.272971055817659
"img_01771.jpg",0.823546538581665,0.0556174999050581,0.00882134628930548,0.0102953426787802,0.0346261310524604,0.00761606297195942,0.0179653926825992,0.0415116858381726
"img_01773.jpg",0.251980343530448,0.0245891520528149,0.00372327749733099,0.00377385159889601,0.000961314525694395,0.0055563801582355,0.00414618451605619,0.705269496120524
"img_01781.jpg",0.0424132904789328,0.00629340464661368,0.00856402357731428,0.00868808328412576,0.238791809224107,0.0128137026466581,0.0109518188152524,0.671483867326996
"img_01782.jpg",0.686133974112399,0.0130018907565747,0.00644566368045683,0.00477197249196233,0.23681436354667,0.0363362569780659,0.00696027495575631,0.00953560347811505
"img_01802.jpg",0.269160696049502,0.0106776539608417,0.00720055484453101,0.00779102918355204,0.120376964651842,0.00901509873708507,0.00675229314346454,0.569025709429181
"img_01803.jpg",0.423730606227339,0.0181820608958602,0.210126853228948,0.00521039151434361,0.0107616858266864,0.241938091871018,0.0148936322494136,0.075156678186391
"img_01824.jpg",0.75103991646646,0.0358346571528702,0.00484538128339829,0.0109830157082686,0.002620886712239,0.111165512558015,0.00824048553765827,0.0752701445810905
"img_01825.jpg",0.696067801201988,0.0125805922334142,0.0131781589651372,0.00461835138133835,0.230308120124417,0.0230321764256102,0.00487044130982524,0.0153443583582697
"img_01831.jpg",0.0724089159315236,0.00971950805437681,0.0202910607043827,0.856057322016736,0.00140111209247821,0.010190346920305,0.00667350360804735,0.0232582306721504
"img_01834.jpg",0.428675884242512,0.0195002880570626,0.0993493660721536,0.00436824512454213,0.0118152788447894,0.00595288379752376,0.00687343806736517,0.423464615794051
"img_01847.jpg",0.524617314326288,0.0863012916319058,0.00788936643560305,0.0150452655616716,0.00806461254883202,0.0285310784589137,0.0269910565370133,0.302560014499772
"img_01853.jpg",0.703823296585963,0.0953328367242315,0.00510039692673673,0.0042736759270661,0.00281271664896777,0.00832065422658346,0.00384591801043532,0.176490504950016
"img_01856.jpg",0.749619597454102,0.0336486219332986,0.00816192605873295,0.00438691984216223,0.0286638689194076,0.00703281181260615,0.00481670450156274,0.163669549478128
