"image","ALB","BET","DOL","LAG","NoF","OTHER","SHARK","YFT"
"img_00005.jpg",0.00616060622787975,0.00474605484574732,0.00506629360152694,0.00474605484574732,0.964365445798204,0.00474605484574732,0.00474605484574732,0.00542343498940036
"img_00007.jpg",0.242613409084586,0.0876498004385887,0.0127792594008239,0.0146611039467702,0.0054260623155358,0.00535541997312594,0.00535541997312594,0.626159524867444
"img_00009.jpg",0.929776373758347,0.0274750955471953,0.00533967574165078,0.00568931516671435,0.00551130521670279,0.0114018326836939,0.00570918700413763,0.00909721488155783
"img_00018.jpg",0.843648255887152,0.0721824728593537,0.00563856456030855,0.0308695389686345,0.00538408343950379,0.024972713740345,0.00529684463678361,0.0120075259079186
"img_00027.jpg",0.150944068255706,0.0669080454266456,0.0165460873462964,0.011197426531172,0.0100975373377298,0.559171466290752,0.0478957852394861,0.137239583572212
"img_00030.jpg",0.016578968291454,0.00480713562814999,0.00480713562814999,0.00480713562814999,0.953377647356748,0.00480713562814999,0.00582008775137137,0.00499475408782673
"img_00040.jpg",0.457974425210072,0.0454344600659648,0.0100764669654474,0.0116785567104004,0.0438138853838305,0.0365144737209301,0.227495230474891,0.167012501468463
"img_00046.jpg",0.307125410522059,0.0048029822659935,0.0048029822659935,0.0048029822659935,0.659739850008121,0.0048029822659935,0.00871035575425661,0.00521245465158937
"img_00053.jpg",0.877647586427906,0.025674722238413,0.0176125222808954,0.0134285419059033,0.0101474316072461,0.0210004333333941,0.010402971072425,0.024085791133817
"img_00071.jpg",0.417807804174907,0.0227806564532859,0.0134721242054291,0.498261654882214,0.00993949745777548,0.0137220285263516,0.00973245085929305,0.0142837834407436
"img_00075.jpg",0.724624362801357,0.0595253962877265,0.0111655580913034,0.0234322862998561,0.0103713292299298,0.125605607148335,0.0158054701065708,0.0294699900349214
"img_00102.jpg",0.198115361064242,0.0332523187826981,0.00718210316630343,0.00861295333006443,0.00535759024363788,0.0781065125640501,0.00812524468179212,0.661247916167212
"img_00103.jpg",0.721672814650734,0.0255720731148938,0.00528027846586764,0.0085784443238589,0.00537223739849417,0.193557904511968,0.020708316662451,0.0192579308717319
"img_00109.jpg",0.942918203767574,0.00585327268033574,0.00519483014889395,0.00519483014889395,0.00533136989660018,0.00664689793936231,0.00565414335749213,0.0232064520608474
"img_00119.jpg",0.0062775703312823,0.00635259232075935,0.00639266029648226,0.00486385005882837,0.925098856118555,0.00542135013280687,0.00583517605497708,0.0397579446863088
"img_00120.jpg",0.21631401280816,0.0673627107157026,0.0146889721696915,0.0153102388126176,0.0228284062971891,0.0660925739123818,0.245480202138368,0.35192288314589
"img_00125.jpg",0.659857440877654,0.0288845557985725,0.0107092707058485,0.00581997715464534,0.00544951957724576,0.0871271729781273,0.0320105914994097,0.170141471408497
"img_00128.jpg",0.0247394431568826,0.0403004942674402,0.288599925693907,0.0126203326038341,0.00996088492492181,0.0128866593469245,0.0142766708128883,0.596615589193201
"img_00129.jpg",0.264179188855064,0.0309280119219506,0.0205198748005578,0.0149658331303235,0.010139110272046,0.0622838321081447,0.465687100812688,0.131297048099226
"img_00133.jpg",0.10600003936873,0.00969075070872982,0.00969075070872982,0.0135427281725175,0.827604355238318,0.0131818748711572,0.00969075070872982,0.0105987502230877
"img_00138.jpg",0.789467794337208,0.054203154050332,0.0517912117225783,0.032479743312768,0.00998770324931002,0.0193776788863677,0.0112794860177474,0.0314132284236887
"img_00141.jpg",0.00881221293846501,0.0316758908065896,0.0131666877504153,0.00528240885427831,0.00543897782752505,0.00603873577421401,0.00528240885427831,0.924302677194234
"img_00152.jpg",0.0149697040523388,0.00573363064424507,0.00632056383657169,0.00554180657328111,0.00547429073333489,0.00754751553857763,0.00551556582259584,0.948896922799055
"img_00161.jpg",0.0146883835880605,0.00957694315434145,0.0105934463923882,0.00957694315434145,0.00993812728025792,0.0097122616232056,0.00957694315434145,0.926336951653063
"img_00164.jpg",0.00954817471187625,0.0108378718217693,0.0102355883166549,0.00954817471187625,0.920993973033847,0.00954817471187625,0.0150767757400275,0.0142112669520722
"img_00170.jpg",0.30179339004828,0.0105595504603248,0.0242936536094556,0.512537665352238,0.00996910378931148,0.0681611563246326,0.0104321477299489,0.0622533326858087
"img_00171.jpg",0.195558038424365,0.059975774356635,0.0511438622680938,0.162609492280565,0.0480024220553828,0.45333597435953,0.0130718941401611,0.0163025421152672
"img_00172.jpg",0.0047311007696158,0.0047311007696158,0.0047311007696158,0.0047311007696158,0.966362359211803,0.0047311007696158,0.0047311007696158,0.00525103617050158
"img_00175.jpg",0.166019974292684,0.0347113865966408,0.0353427410466446,0.0719455342560985,0.0257254884205485,0.636083396721491,0.0109265002958499,0.0192449783700432
"img_00180.jpg",0.0780882706156492,0.0226242254536618,0.0140063383906584,0.0190098145811545,0.00544371717601319,0.00798557231878537,0.0158753117823859,0.836966749681692
"img_00196.jpg",0.0337476134787018,0.0155043894699285,0.0141070948758416,0.00981392133710692,0.884396784859805,0.0175118605028472,0.0108732546448667,0.0140450808309027
"img_00212.jpg",0.231650431383892,0.0112030977897525,0.0108729126594789,0.00960668087844609,0.00993851688445319,0.0114231740016524,0.00960668087844609,0.705698505523879
"img_00223.jpg",0.418951827724036,0.0413514945930863,0.344765103429174,0.038734461572013,0.00994100597679862,0.0892174830694081,0.0140556003160368,0.0429830233194474
"img_00230.jpg",0.884259485594448,0.0694456199241954,0.00534094939316278,0.00862523618011864,0.00547813801610253,0.0112622446439609,0.00534094939316278,0.0102473768548485
"img_00232.jpg",0.00954134809910098,0.0120092183452534,0.0133729116310277,0.00552165503842429,0.0051725496834923,0.00925540605513722,0.929494458177769,0.0156324529697948
"img_00244.jpg",0.196509726887865,0.154073640021957,0.00632453513884809,0.00643788345086052,0.00545822143530129,0.0427777514696396,0.0133630495476649,0.575055192047864
"img_00272.jpg",0.393822581589145,0.0157357291826566,0.309867333990785,0.0472025666279894,0.0550954129811889,0.0547759452171582,0.0182170602970829,0.105283370113994
"img_00280.jpg",0.84686343432707,0.00555848026261933,0.0377950375790664,0.00888805950559373,0.005662988173125,0.0133877276956699,0.00822895751359215,0.073615314943264
"img_00282.jpg",0.214357344632905,0.0683752921402069,0.0390931651683995,0.173789566252665,0.0444252414722528,0.42997260874979,0.012664228781022,0.0173225528027589
"img_00285.jpg",0.666307012415407,0.0251119862080515,0.0173947525149376,0.00599828908198672,0.00565044931801522,0.0190846450370444,0.0217250392419478,0.23872782618261
"img_00289.jpg",0.923447037008954,0.00948563706795037,0.00948563706795037,0.00948563706795037,0.0196391405833441,0.00948563706795037,0.00948563706795037,0.00948563706795037
"img_00292.jpg",0.354070793031077,0.052306763229968,0.0152785372314538,0.0125581136544999,0.0101108607081281,0.099501752523944,0.0286985543053909,0.427474625315538
"img_00302.jpg",0.521695800647961,0.0400467170803366,0.00993490303930101,0.0113947174160453,0.0636723521803296,0.0314751611173558,0.197428116400049,0.124352232118623
"img_00311.jpg",0.945576575226026,0.00528900715054264,0.00528900715054264,0.00528900715054264,0.00544323624909942,0.0208290862285045,0.00528900715054264,0.00699507369420009
"img_00320.jpg",0.878070361531066,0.0443667267931301,0.0097204634251088,0.0097204634251088,0.00995312617706104,0.0133808706251456,0.0097204634251088,0.0250675245982706
"img_00331.jpg",0.566355555484567,0.0193455223667851,0.0121678031913972,0.0161936053936324,0.0100777306833559,0.24779815757489,0.0738693518721513,0.0541922734332211
"img_00358.jpg",0.468858704524664,0.0508693504355978,0.00996941653640118,0.0165294987552796,0.00995319062520318,0.116084003875115,0.0428872686204488,0.284848566627291
"img_00374.jpg",0.623936403701472,0.0822766258288212,0.0141113354211832,0.0135667329431284,0.0099392856843434,0.0247372122146118,0.0167863149660401,0.2146460892404
"img_00375.jpg",0.163139900858286,0.165365855629699,0.320432204512196,0.0626074349298946,0.00995762569382034,0.195294608271369,0.0295395227136579,0.0536628473910766
"img_00376.jpg",0.718979219737171,0.0339262099368431,0.0372181938400771,0.0099342791403092,0.0180166919033457,0.0639491553612538,0.0665823049160626,0.0513939451649378
"img_00380.jpg",0.65045701842615,0.0163287205934049,0.0491448464806465,0.0372242841693017,0.00995126419344016,0.21451382845868,0.00984364953948982,0.0125363881388864
"img_00383.jpg",0.95919156074114,0.00612497370583043,0.00512961345106325,0.00512961345106325,0.00534237375766258,0.00759515629088283,0.00512961345106325,0.00635709515129497
"img_00398.jpg",0.864638210988911,0.0188308681338093,0.0097073527353679,0.0097073527353679,0.010003140861515,0.00985552498474447,0.0097073527353679,0.0675501968249163
"img_00407.jpg",0.698578779816167,0.0340367265141212,0.0511341600946201,0.0839085799768532,0.00994062837151987,0.078407798593171,0.0098303017935251,0.0341630248400221
"img_00417.jpg",0.0656364536955623,0.0105209508210489,0.00954285277145468,0.00954285277145468,0.00993792844090039,0.00954285277145468,0.00954285277145468,0.87573325595667
"img_00432.jpg",0.538025094598327,0.0261735139372251,0.0791476942087212,0.0192899135166776,0.134635790068975,0.0964316685651333,0.013856804745958,0.0924395203589828
"img_00442.jpg",0.00617075413034213,0.0052691145079245,0.00505041263765478,0.00505041263765478,0.00530658375022998,0.00517878386590547,0.00505041263765478,0.962923525832634
"img_00446.jpg",0.848169045197395,0.0175685175311296,0.00570024025557898,0.0203172729362257,0.00539310112037203,0.0686572217571629,0.00934940592224429,0.0248451952798915
"img_00469.jpg",0.832930111308769,0.0556467066725403,0.00640960226617456,0.00887694053773352,0.00542292101597264,0.0186015551725831,0.00994560498896432,0.0621665580372629
"img_00473.jpg",0.932302438285326,0.00785428874916092,0.00663171424945946,0.00544677040484134,0.00554535529317016,0.00571557795998674,0.00544677040484134,0.0310570846532146
"img_00483.jpg",0.831017937762363,0.0471698624486175,0.00971341723991135,0.00971341723991135,0.00994080764673018,0.0231281933223296,0.0453405054900729,0.0239758588500645
"img_00484.jpg",0.198715699929323,0.178517413763641,0.00709066197510713,0.0118945167621554,0.005425032661698,0.0153918395929818,0.0181371217869228,0.564827713528171
"img_00486.jpg",0.837477486821218,0.0303615653153493,0.0387746846775003,0.0278114887705824,0.0101568914168134,0.0316859235058069,0.0133606590548934,0.0103713004378361
"img_00487.jpg",0.0724423665835268,0.0159376993101566,0.0108590204848354,0.00532332526885584,0.852291926428954,0.0243433267854815,0.0087230806414377,0.0100792544967525
"img_00493.jpg",0.071214870749945,0.0097000970825295,0.0108759576743193,0.0097000970825295,0.862197522106382,0.0150896206167833,0.0097000970825295,0.0115217376049821
"img_00518.jpg",0.790557706234124,0.00963833951420007,0.00963833951420007,0.00963833951420007,0.146974505308297,0.00963833951420007,0.00963833951420007,0.0142760908865785
"img_00533.jpg",0.118090865083167,0.0515766669772195,0.00958848023095759,0.00841277625813576,0.00526074613055096,0.0620661103417766,0.0237901139791692,0.721214240999024
"img_00538.jpg",0.898159751055654,0.0285901153272504,0.00551852149215566,0.00548976898053358,0.00537816749510567,0.00704540510539833,0.00529863002904893,0.0445196405148538
"img_00543.jpg",0.943788967998435,0.00520212954509516,0.00520212954509516,0.00520212954509516,0.00536758465939693,0.0239499793043351,0.00520212954509516,0.00608494985745205
"img_00550.jpg",0.408943891386218,0.0743283853197764,0.128412474093052,0.0417148281882191,0.161005682525098,0.0833191934202677,0.0227443982502974,0.0795311468170708
"img_00551.jpg",0.731081146134078,0.00636262135323875,0.0319692236330133,0.0641460955736772,0.00542258978614745,0.0981624488794817,0.00545683128969611,0.0573990433506674
"img_00564.jpg",0.0103555368611661,0.00485381984522332,0.00516590863147851,0.00485381984522332,0.951537925281139,0.0108892069472479,0.00648796222952625,0.00585582035899604
"img_00575.jpg",0.784906436308926,0.0246217973435784,0.0139835473014859,0.0109476003537712,0.0101814406758795,0.0370843639998605,0.0259059115095604,0.0923689025069379
"img_00582.jpg",0.758674269703218,0.0646787490081444,0.0156729184508173,0.0130238019136274,0.0111958893197256,0.107299970969418,0.0140437358929941,0.0154106647420553
"img_00584.jpg",0.911389534376593,0.0112495160927413,0.0119900941797998,0.0172460670519705,0.0108337759544836,0.0145776079249317,0.0107655712019883,0.0119478332174922
"img_00587.jpg",0.0639413932838817,0.0211999813135508,0.00971752886884883,0.00576695478139258,0.00539011665281718,0.126440629471916,0.0349758473119955,0.732567548315597
"img_00590.jpg",0.46411389664024,0.10733867851082,0.0462620822975572,0.011413187769258,0.0245439251434364,0.0560949812543178,0.0945465791133261,0.195686669271045
"img_00591.jpg",0.15582647781391,0.0201266680826513,0.0172786654395762,0.00980678977992881,0.00993931215674308,0.0788784509546138,0.0158849878851132,0.692258647887464
"img_00598.jpg",0.912459745892352,0.0105416402966903,0.0072567130988263,0.0180409230862324,0.00550915472844259,0.0239000504788914,0.00717521326568324,0.0151165591528813
"img_00599.jpg",0.744278168985332,0.0449291014474409,0.0247923266305762,0.0133787752920616,0.0100761178762358,0.0201247586746062,0.0490394920105314,0.0933812590832157
"img_00612.jpg",0.450691819277397,0.0107882470918097,0.0188446058669088,0.016186717060255,0.0100707688462226,0.395832314668366,0.0300706256397313,0.0675149015493094
"img_00618.jpg",0.910763429347308,0.00950062940260881,0.00950062940260881,0.00950062940260881,0.0316004923998694,0.00998421677114573,0.00950062940260881,0.00964934387124155
"img_00620.jpg",0.556883235633211,0.0275860856188766,0.284347727839621,0.0203923612195099,0.0100103961429797,0.059819180890855,0.0162723338937277,0.0246886787612192
"img_00642.jpg",0.421589833115252,0.062565690346048,0.0213138741494788,0.413211036115911,0.00993902577994349,0.0458849050953394,0.0129637957731149,0.012531839624912
"img_00646.jpg",0.015098757232408,0.0119576888661053,0.0196530668337253,0.00962564146589197,0.00993829691014611,0.012972548374366,0.00962564146589197,0.911128358851465
"img_00648.jpg",0.930852148707485,0.00852867527157044,0.00536866248183326,0.00541408209368466,0.00549585082021225,0.0296392690090401,0.00645240022268034,0.00824891139349426
"img_00650.jpg",0.352526068779359,0.0436059956693539,0.0214493684472599,0.0226094798300156,0.0405639800956415,0.439926268949713,0.0544451988988743,0.0248736393297828
"img_00654.jpg",0.760682624983809,0.0269334419700524,0.0370600394181431,0.0178679140811032,0.010662098306357,0.0419696156334883,0.0299248657032533,0.0748993999037936
"img_00664.jpg",0.849942228996599,0.0587234211948999,0.0100827880217228,0.00977514491365416,0.00994288675232912,0.0151952664581279,0.0140541618481215,0.0322841018145461
"img_00667.jpg",0.00479639406665116,0.00479639406665116,0.00520610647207796,0.00479639406665116,0.96311870225777,0.00479639406665116,0.00479639406665116,0.00769322093689609
"img_00676.jpg",0.00488538540544457,0.00751246707687358,0.00659305391729218,0.00485686272062031,0.938556345310161,0.00576968259376764,0.00488652837105691,0.0269396746047834
"img_00697.jpg",0.00632399130608366,0.00522753451265024,0.0119907809919948,0.00522753451265024,0.00543435241983456,0.00522753451265024,0.00522753451265024,0.955340737231486
"img_00708.jpg",0.265151679254603,0.0679190930089243,0.0914269993335684,0.0533144403667416,0.0100656770010868,0.196012533449133,0.146922121492784,0.169187456093159
"img_00716.jpg",0.0857402910277187,0.0641665927815858,0.009663430108713,0.00976180727108714,0.0150662205155688,0.252173727938669,0.0521022775998235,0.511325652756834
"img_00717.jpg",0.549904467447207,0.116343984510675,0.0154129773942267,0.0464286837558584,0.00993958536959291,0.188554497487436,0.0191827137512036,0.0542330902838
"img_00718.jpg",0.81763109331556,0.00973329873706261,0.0168631049393465,0.0328598420569417,0.00993896802312184,0.0632600061158959,0.00973329873706261,0.0399803880750085
"img_00723.jpg",0.087085429806825,0.00477002145383743,0.00477002145383743,0.00477002145383743,0.883453905623435,0.00477002145383743,0.00477002145383743,0.00561055730055276
"img_00724.jpg",0.168996057611916,0.0103558592085815,0.0190216921450872,0.0103807293983559,0.042155814529955,0.0706937113158284,0.323786048265282,0.354610087524994
"img_00726.jpg",0.935130621463558,0.0164092432449114,0.00814096887014113,0.00532582059497452,0.00539716056439464,0.00759983434125182,0.0155894879547799,0.00640686296598827
"img_00729.jpg",0.544782653437265,0.00968023795729091,0.00968023795729091,0.00968023795729091,0.387207908407359,0.00968023795729091,0.0183278935814046,0.0109605927448074
"img_00730.jpg",0.0373669512432185,0.0121447727187143,0.0149706759961795,0.00532387505623023,0.0053731847523449,0.00883036920128375,0.0265394747747538,0.889450696257275
"img_00757.jpg",0.920301029688986,0.00696589575802171,0.00781827003054091,0.0202186256271339,0.00547901957872699,0.0209668122584136,0.0057518761990464,0.0124984708591303
"img_00760.jpg",0.425695136092796,0.0940207001576779,0.020039038210631,0.371179611281628,0.0099690440265139,0.0447618389278412,0.0168162979357389,0.0175183333671739
"img_00763.jpg",0.00476745189877239,0.00476745189877239,0.00476745189877239,0.00476745189877239,0.963657154986141,0.00476745189877239,0.00476745189877239,0.0077381336212243
"img_00764.jpg",0.00632541053413243,0.00571456107337512,0.0228220527678088,0.00526534278436366,0.00543461616437292,0.00526534278436366,0.00526534278436366,0.94390733110722
"img_00765.jpg",0.159851502289891,0.0757195529972677,0.0112042944853794,0.0883825779313833,0.009953514573824,0.517391788935194,0.0256721753567761,0.111824593430285
"img_00772.jpg",0.00637526372533848,0.00526319583262143,0.63926292759605,0.00526319583262143,0.00526319583262143,0.00643957539803242,0.0065143478527338,0.325618297929982
"img_00773.jpg",0.793883755357151,0.0187390794521581,0.0450038901766472,0.0610026986778956,0.00994070503038576,0.0412281263421647,0.0110172029119033,0.0191845420516949
"img_00777.jpg",0.864181565589914,0.0223807704473712,0.0060658661369916,0.00553793456749519,0.00549839533550128,0.0808347020179172,0.0101018139885812,0.00539895191622797
"img_00780.jpg",0.0134706198120284,0.0185629725800632,0.0209204958211608,0.00760492614928979,0.00533690586855305,0.0299275205845984,0.0362014323626883,0.867975126821618
"img_00798.jpg",0.516500889002948,0.258202169522168,0.01270851194417,0.130308997080675,0.0101532962600414,0.0397465074689712,0.0126596897667827,0.0197199389542441
"img_00808.jpg",0.888064716678644,0.0432347005716796,0.00609377060338353,0.00602235590542953,0.00548878559918775,0.00894090849272322,0.00537098583696974,0.0367837763119831
"img_00816.jpg",0.939478603925619,0.00894292613979034,0.0054864640501995,0.00544869762070756,0.00556639668811617,0.00810817577744861,0.00736413882909403,0.0196045969690244
"img_00828.jpg",0.00482483105356838,0.00478570118742,0.00478570118742,0.00478570118742,0.96182951683394,0.00516147834581745,0.00478570118742,0.00904136901699389
"img_00833.jpg",0.267314703298201,0.055140637084529,0.024517553486595,0.017279106246637,0.0214995580315639,0.350961872160903,0.149552977326775,0.113733592364797
"img_00837.jpg",0.910954000313085,0.0174753863633568,0.00664148992636767,0.00691067940834638,0.00554724898680331,0.0175027885499066,0.00568280544457088,0.029285601007563
"img_00855.jpg",0.730762440381288,0.0882078808646685,0.018189425457249,0.0153824793165241,0.00547773747918927,0.0433505835013087,0.0349242440296226,0.0637052089701501
"img_00857.jpg",0.867314841601045,0.0549106441254225,0.0166346238620171,0.00982928228211414,0.0100025057413887,0.0170662099815875,0.00982928228211414,0.0144126101243114
"img_00858.jpg",0.812282371874723,0.054443323632034,0.00980116307251282,0.010262630539745,0.00995734793471337,0.0673056221581869,0.0170019931282275,0.0189455476598578
"img_00865.jpg",0.942434169739409,0.0180954859062218,0.00507930801572366,0.00507930801572366,0.0052654872034079,0.00705813218168367,0.00507930801572366,0.0119088009221068
"img_00876.jpg",0.00493602148037434,0.00492495457427545,0.0051524646289897,0.00485202992162258,0.950916112816841,0.00525844267633133,0.00485202992162258,0.0191079439799429
"img_00889.jpg",0.00679892141354592,0.00480521673590638,0.141598047705148,0.00501862778769626,0.504805210216521,0.00480521673590638,0.00480521673590638,0.327363542669369
"img_00894.jpg",0.579524280387145,0.0128071983665169,0.0134139463951027,0.0118482922145224,0.321603317193952,0.0161844743319104,0.00980085538257295,0.0348176357282776
"img_00902.jpg",0.00845621076226277,0.0108063375684088,0.0100055023470294,0.0084036826225548,0.00520324065056502,0.00900953761248055,0.942278369897272,0.00583711853942674
"img_00914.jpg",0.0116414953557681,0.024288023319791,0.0598256768828003,0.0255288782846966,0.00993770214625178,0.0131402138957038,0.00964918109696277,0.845988829018026
"img_00921.jpg",0.548436775360094,0.0231110651047793,0.058563345473433,0.0180196420305353,0.0101047309866766,0.118380926214047,0.0526481684517111,0.170735346378724
"img_00927.jpg",0.572784727956957,0.0658198512361253,0.027631016682933,0.0109547283913469,0.0100013941386183,0.0490591856631913,0.0556102473405495,0.208138848590278
"img_00943.jpg",0.832998680006647,0.0425760255175784,0.00968237900600006,0.00968237900600006,0.00993845663951459,0.0164072023799839,0.0537948772510635,0.024920000193212
"img_00948.jpg",0.53348028725727,0.0109482299042885,0.0122818943865242,0.00980871994001097,0.342287376570094,0.0221316182944054,0.0100636718246821,0.0589982018227246
"img_00950.jpg",0.0191217066296434,0.00953464319870226,0.00953464319870226,0.00953464319870226,0.922014752661935,0.0100761428341264,0.00953464319870226,0.0106488250794858
"img_00959.jpg",0.963047776954037,0.00519521325873661,0.00519521325873661,0.00519521325873661,0.00542786235357189,0.00519521325873661,0.00535643156689565,0.00538707609054913
"img_00962.jpg",0.0209984937541997,0.0204234934065892,0.103687864215925,0.0225133397084659,0.00993842671707603,0.0267339565272225,0.0101443962614572,0.785560029409065
"img_00964.jpg",0.00631563398306326,0.0127702968526167,0.924040521866573,0.00603016783265901,0.00538160256851099,0.00631322478885124,0.00537982217221093,0.0337687299355147
"img_00966.jpg",0.743579317647328,0.00971185086462061,0.0105749827893141,0.00971185086462061,0.133226259894408,0.00971185086462061,0.00971185086462061,0.0737720362104678
"img_00974.jpg",0.858535294741917,0.0627405893083943,0.00671585600287809,0.0119384488513335,0.00524750941920889,0.0105590142411302,0.0107118992927542,0.0335513881423838
"img_00979.jpg",0.0190443422328761,0.00533658297900173,0.050654728611151,0.00518478657194259,0.00528829594037615,0.00743155822965377,0.00522235057600232,0.901837354858996
"img_00982.jpg",0.217680581342325,0.472511949638274,0.0275480707723786,0.0197157215586461,0.161905566453538,0.0307823011386976,0.0322971911426234,0.0375586179535172
"img_00985.jpg",0.432437936096475,0.0569654725868411,0.0121974660199103,0.0134892233207717,0.0100989172494825,0.0706604650567555,0.0288093935591337,0.37534112611063
"img_00999.jpg",0.888298804760066,0.00756233302388472,0.0052573049837098,0.0052573049837098,0.00534652801630427,0.0223995337971041,0.00983719108177253,0.056040999353449
"img_01022.jpg",0.883316682582035,0.00733767491965058,0.00930217571376956,0.0114081057678078,0.00565398598761123,0.0603881414063554,0.00638238100067362,0.0162108526220967
"img_01031.jpg",0.695277949379145,0.0242783116458448,0.0905712924922373,0.0274359193587626,0.0101037859486969,0.0695906765697694,0.0264913850088951,0.0562506795966484
"img_01035.jpg",0.887052941046471,0.0130989562874274,0.00869410806720127,0.00661254642418848,0.00553244847473891,0.0610086143002502,0.0125962265718023,0.00540415882792003
"img_01043.jpg",0.0056656244404792,0.0047315889392031,0.0047315889392031,0.0047315889392031,0.965561964219193,0.0047315889392031,0.0047315889392031,0.00511446664431226
"img_01058.jpg",0.684739801459953,0.0150942019154513,0.0144882735177905,0.00986473391309352,0.175026426397224,0.0242722574314332,0.00986473391309352,0.0666495714519615
"img_01059.jpg",0.199265464168536,0.0282788535237763,0.00638764266879145,0.00679175678351941,0.00550414552863324,0.0557997722251259,0.0158341336585031,0.682138231443115
"img_01090.jpg",0.0102535906017087,0.0219019101445309,0.00782198608093147,0.0049928090375211,0.931222859214147,0.00550349583126255,0.00978822617821706,0.00851512291168106
"img_01102.jpg",0.149226469516378,0.543564984647328,0.0334688832749765,0.167896445404854,0.00997976190982921,0.0169936775797955,0.0119928512261911,0.066876926440647
"img_01103.jpg",0.0674140956937438,0.183580480595767,0.0557470616234671,0.0500524762619692,0.00993967889630854,0.012312958216207,0.0734539252245784,0.547499323487959
"img_01116.jpg",0.907897041618203,0.0205570172837066,0.00573127262206231,0.00813358404530738,0.00548452707773924,0.0143879801922311,0.00583568077904541,0.0319728963817049
"img_01134.jpg",0.87443546984917,0.0054594222585545,0.0205993575838238,0.011839708371858,0.0054594222585545,0.0459175967589108,0.00595516936927464,0.0303338535498536
"img_01142.jpg",0.445318265577756,0.00490369219207065,0.0104545245486896,0.00503787773035136,0.51505167225373,0.0083041146644744,0.00494096556076696,0.00598888747216015
"img_01168.jpg",0.0316802227678555,0.113109607972387,0.0146729042777799,0.0488384977057103,0.0282920034548524,0.656412496070169,0.0596975095764517,0.0472967581747947
"img_01171.jpg",0.00477885035785548,0.00477885035785548,0.00477885035785548,0.00477885035785548,0.96168341005849,0.00477885035785548,0.00477885035785548,0.00964348779437754
"img_01177.jpg",0.424036133250832,0.00757352990761888,0.0233129565181867,0.00672974839102287,0.516399583730399,0.00551912515024056,0.00869525619630965,0.00773366685538973
"img_01179.jpg",0.863424021241413,0.0113982598135554,0.0154096352912067,0.0187934885667023,0.0249983020674576,0.0454728321951064,0.00981093051224188,0.0106925303123165
"img_01188.jpg",0.387245749643943,0.0618022638818436,0.0129393358920966,0.0537196604290712,0.00997604320119953,0.307502893516179,0.0142904134562708,0.152523639979397
"img_01198.jpg",0.44149996642459,0.0372795408018442,0.138106255769924,0.0632587629196487,0.0118806852300453,0.0318511513844359,0.215982744797098,0.0601408926724138
"img_01204.jpg",0.00478168602195227,0.00499018539295282,0.00526760019982208,0.00478168602195227,0.961614407387267,0.00478168602195227,0.00478168602195227,0.00900106293214882
"img_01208.jpg",0.0189612430898892,0.00954747597533183,0.0100818784000196,0.00989051466642963,0.921162100160215,0.010350905679783,0.00954747597533183,0.0104584060529998
"img_01211.jpg",0.880691688296685,0.0344762851188824,0.00964973230365945,0.0178756566319384,0.00996507860463695,0.025971851786761,0.00964973230365945,0.011719974953777
"img_01213.jpg",0.913342745358256,0.0149391973901773,0.00603849128505483,0.0113437243507873,0.00547388644026455,0.023615440369683,0.00537204813507765,0.0198744666706993
"img_01222.jpg",0.243338030734054,0.191196132819218,0.0173541430726576,0.0354087009192304,0.00993967134890012,0.0749626774324011,0.0237924229547646,0.404008220718774
"img_01224.jpg",0.0551851999532896,0.0181737658373004,0.136398877502123,0.0153701405373705,0.00993950100924454,0.020165827782945,0.0108423423277623,0.733924345049964
"img_01237.jpg",0.0209035993225387,0.00483544128908589,0.00483544128908589,0.00483544128908589,0.905995432161725,0.0049200130973973,0.00818724188298895,0.0454873896680929
"img_01249.jpg",0.0525955108460358,0.0178539239797354,0.0241151493886522,0.00981720195711465,0.854883425293344,0.0146311149971156,0.0133688553291785,0.0127348182088243
"img_01253.jpg",0.0147913456420125,0.00946704922903448,0.00946704922903448,0.00946704922903448,0.00993766079940513,0.00946704922903448,0.00946704922903448,0.92793574741341
"img_01286.jpg",0.573622063910994,0.0961433395691191,0.0120968920132383,0.0226909158759926,0.010793276443355,0.105423671631219,0.0189589198782839,0.160270920677798
"img_01289.jpg",0.301436472131291,0.0362163878786142,0.00552615611607554,0.00713351881023267,0.00544834747560987,0.0412572208056227,0.0170379927274606,0.585943904055093
"img_01325.jpg",0.0125034043950705,0.0222359159093385,0.00620494670802811,0.00626573517971378,0.928520335940176,0.00488325597958428,0.0088039841722021,0.0105824217158861
"img_01328.jpg",0.914130547191359,0.0169068782228712,0.00552859483351116,0.00911179170553295,0.00538484694853223,0.0229973181717905,0.00629906774365618,0.0196409551827472
"img_01366.jpg",0.166749223072739,0.0325616276916671,0.0431353705473079,0.0610731551724174,0.0202177537955241,0.63413625565205,0.0130659121609604,0.0290607019073343
"img_01371.jpg",0.905701358080975,0.00568335039605765,0.00779246269972721,0.00562801030728963,0.00570804000499614,0.00717855383643843,0.00659859389203116,0.0557096307824846
"img_01373.jpg",0.0336381990422788,0.0121330654153864,0.0341613735596436,0.011871108130626,0.871357223325183,0.0147648925819417,0.0101643121514741,0.0119098257934666
"img_01377.jpg",0.0654954473739932,0.00964089963544763,0.0127509188753343,0.0101054815068506,0.87109370618895,0.0107953649943413,0.00964089963544763,0.0104772817896355
"img_01379.jpg",0.846222637577889,0.0167170507655475,0.0340363508250576,0.0273190416429357,0.00996448282469699,0.0300235687831164,0.0106054604009202,0.0251114071798367
"img_01384.jpg",0.528482885671742,0.0327440300677132,0.0814913103985741,0.0217334881375732,0.134304224837784,0.0862700511844395,0.0140688685936711,0.100905141108504
"img_01388.jpg",0.846355341249941,0.0535140931286417,0.0103824601903272,0.00970572032376267,0.00997854846648893,0.0337952549024664,0.00970572032376267,0.0265628614146091
"img_01392.jpg",0.00667737111402696,0.0203606919362969,0.84067835668115,0.00597941415920485,0.00542754731617267,0.00581068968854306,0.00590567803352161,0.109160251071083
"img_01399.jpg",0.0213760336888793,0.815079232039525,0.0199595984936973,0.00539178785772528,0.00537832293716864,0.0119326774118741,0.00881420188552429,0.112068145685606
"img_01404.jpg",0.895613572174362,0.0270651050358088,0.0100788912608917,0.0182111924935192,0.00996279315659233,0.0153692881085556,0.00973979069818377,0.0139593670720862
"img_01405.jpg",0.910763328788792,0.0217632924757714,0.00604736586807168,0.0222162163338483,0.00558713682893411,0.0202781320216552,0.00612122369147042,0.0072233039914569
"img_01413.jpg",0.953681349013936,0.00543430187244979,0.00549789052703395,0.00647324322318562,0.00550996139251309,0.0112394984388983,0.00565353684498501,0.00651021868699842
"img_01426.jpg",0.053468635609757,0.29130861975124,0.00795290694429747,0.00529566829785352,0.00529566829785352,0.00697860580541887,0.511269770590552,0.118430124703028
"img_01431.jpg",0.333367072204161,0.0553588434095567,0.0109851523769623,0.492142520575931,0.00995907336268264,0.0699128729181682,0.0107003870829151,0.0175740780696231
"img_01441.jpg",0.0169207265192728,0.00962392112899149,0.0205578263818625,0.00962392112899149,0.0099381133504138,0.0104684225575647,0.0177873203284554,0.905079748604448
"img_01444.jpg",0.0600732186041958,0.00831975911378823,0.0111688222780369,0.00560115347142398,0.00538955345334851,0.019646247334171,0.0261338979845003,0.863667347760535
"img_01490.jpg",0.013046995665588,0.0123552685261239,0.203565282550868,0.0172041257137405,0.00993869133066683,0.0139665694681342,0.0110049137460229,0.718918152998856
"img_01495.jpg",0.78478378365524,0.0503461430733831,0.0114288988026847,0.0123585602741851,0.00977410289846607,0.0484792237746132,0.00977410289846607,0.0730551846229613
"img_01505.jpg",0.00478435189438677,0.00478435189438677,0.00591142185038547,0.00478435189438677,0.964067037599054,0.00478435189438677,0.00478435189438677,0.00609978107862689
"img_01511.jpg",0.918699200857291,0.0261698203815655,0.0099176768328063,0.0121005965348616,0.00546471861012684,0.0152256011688578,0.00648777959118104,0.00593460602330984
"img_01519.jpg",0.462697036173906,0.105788553119991,0.0232882586511747,0.0255325867053984,0.0100022781692587,0.29349996093997,0.0215387718429938,0.0576525543973066
"img_01530.jpg",0.72297220313562,0.0193904542320677,0.0744180304575547,0.0511804689837864,0.0103764991080631,0.0240377834030747,0.0160637865650895,0.0815607741147435
"img_01537.jpg",0.609358461194262,0.0214331715957458,0.1847498306303,0.0132636860259574,0.010183639640686,0.0283381420297683,0.0196160560209872,0.113057012862293
"img_01538.jpg",0.934100714538522,0.00859552638079429,0.00538344492599142,0.00538344492599142,0.00551321327074614,0.0272330193486684,0.00552255855490026,0.00826807805438657
"img_01541.jpg",0.00506059366414703,0.0047859911089938,0.0047859911089938,0.0047859911089938,0.964841264635993,0.00549598629029016,0.0047859911089938,0.00545819097359485
"img_01543.jpg",0.95495393872031,0.00531726313002939,0.0103008872384219,0.00592526210063456,0.00549571026827205,0.00531726313002939,0.00531726313002939,0.00737241228227326
"img_01548.jpg",0.852017693088599,0.0102027958368465,0.0279243543825773,0.0099177023498131,0.0101078861473197,0.0111999403301362,0.0171763784623565,0.0614532494023522
"img_01552.jpg",0.926822610395455,0.0180831297242476,0.0106966477926106,0.00532414834574408,0.00524994471725937,0.0233390457048675,0.00513279178403531,0.00535168153578028
"img_01561.jpg",0.00817674465202382,0.00478758033464385,0.00478758033464385,0.00478758033464385,0.959483184292611,0.00499424664499031,0.00478758033464385,0.0081955030717991
"img_01562.jpg",0.225842999631586,0.0441134801443164,0.021525454686046,0.0165450484723799,0.0362738679975327,0.0736992487234521,0.27334639414115,0.308653506203537
"img_01571.jpg",0.867285279726577,0.00977532664873229,0.00963029943461273,0.00963029943461273,0.00993836207751663,0.0283983771583475,0.0426298030687645,0.0227122524508363
"img_01593.jpg",0.740776995703827,0.0221642658474852,0.0106985334138703,0.00681931134906958,0.00552119673118321,0.0525724234576785,0.0224815118274171,0.13896576166947
"img_01595.jpg",0.0368370588265486,0.00954672334424552,0.00954672334424552,0.00954672334424552,0.902510708768715,0.0120604715400809,0.00954672334424552,0.0104048674876732
"img_01616.jpg",0.628301558469731,0.230113763727175,0.0130795783861678,0.0200981056159058,0.0101047180833701,0.0314384431369793,0.0117242226453833,0.0551396099352874
"img_01618.jpg",0.752186767417221,0.0214998175130471,0.00979444304783762,0.0137410940883578,0.00996740782257289,0.172891130379036,0.00987583833984846,0.0100435013920795
"img_01627.jpg",0.820867144108867,0.0677116305449532,0.0156529496935627,0.0187626739201539,0.00537349445946049,0.0325879652049307,0.00710921899345321,0.0319349230746192
"img_01632.jpg",0.901643666330665,0.0154018305061799,0.015668567804072,0.00988364223260641,0.010092668290301,0.0139820588132708,0.0108981723446638,0.0224293936782407
"img_01633.jpg",0.431732934589809,0.0132516015073141,0.0110340095936887,0.0175337257529725,0.00999645506266856,0.411827681030038,0.0323767251988748,0.0722468672646345
"img_01640.jpg",0.9479484758926,0.00533016508881747,0.00533016508881747,0.00533016508881747,0.00550749598501901,0.0195445519436648,0.00533016508881747,0.00567881582344616
"img_01646.jpg",0.843459339315442,0.0499520978098654,0.00686398473513811,0.0276735604150104,0.00544016380016404,0.0352585436997438,0.00895038234354331,0.0224019278810932
"img_01647.jpg",0.0157495468311902,0.00510809245406892,0.00478079881634468,0.0047622963475617,0.954977380367238,0.0047622963475617,0.0047622963475617,0.00509729248847275
"img_01649.jpg",0.489452513267555,0.0147696590537798,0.0157838245328283,0.025594622286612,0.317854965627717,0.0605889383894558,0.0637491059484472,0.0122063708936049
"img_01657.jpg",0.00713720672124393,0.00567211689203928,0.887327581192905,0.00500601639123937,0.00540267025631855,0.00500601639123937,0.00600414253152177,0.0784442496234932
"img_01669.jpg",0.413086962192218,0.0949699301750464,0.0150243848811574,0.401145598374091,0.0099890397850488,0.0328110524042244,0.0126713743142402,0.0203016578739731
"img_01673.jpg",0.33499454368416,0.00639672498481538,0.00493600119106485,0.00493666673745165,0.609614634821448,0.013150832954241,0.0147077156047488,0.01126288002207
"img_01681.jpg",0.160267683733147,0.0112854152341802,0.00547275714514851,0.00623261039556964,0.00550177153642798,0.0177175683626062,0.00911376280982326,0.784408430783097
"img_01684.jpg",0.756771976289382,0.0482075455029465,0.0064982201185745,0.0164452307278822,0.00527720345608473,0.0169059317035475,0.00522296472054866,0.144670927481034
"img_01685.jpg",0.194989179006977,0.0423766582247199,0.125268388815489,0.019468970808958,0.301167612587856,0.149295498093525,0.0162224975513802,0.151211194911096
"img_01687.jpg",0.220172505278824,0.0129858540242326,0.0231734956497363,0.00974012996981791,0.00994033821129764,0.01172967553484,0.0178666677598208,0.694391333571431
"img_01688.jpg",0.230143300286196,0.0498898919311715,0.00568409718062231,0.00757897608325577,0.00550971623844974,0.0431818118461542,0.0148155824039821,0.643196624030169
"img_01689.jpg",0.0567323189187575,0.0126585066166437,0.0367260366437303,0.00694622930182455,0.00548880134692477,0.0387433256315637,0.0318717500101991,0.810833031530356
"img_01716.jpg",0.00511964612553058,0.00476070952193507,0.00476070952193507,0.00476070952193507,0.963823481658678,0.00510118558947675,0.00476070952193507,0.00691284853857442
"img_01717.jpg",0.0911094528087092,0.00476106264076101,0.00476106264076101,0.00476106264076101,0.879292118811014,0.00476106264076101,0.00476106264076101,0.00579311517647192
"img_01724.jpg",0.705244889174798,0.0104476531588171,0.123372609634067,0.0120626684331884,0.0102261504706576,0.0322071190047925,0.0130914555016191,0.0933474546220606
"img_01745.jpg",0.646205646368935,0.0199614570630654,0.097889223007578,0.0538475933338068,0.0979722205205242,0.0348945661248537,0.0166530772863645,0.0325762162948727
"img_01771.jpg",0.883484948101492,0.0436535992563162,0.00628780372864156,0.00891616507853336,0.0054971758477078,0.0126413169601005,0.00538442139557737,0.0341345696316312
"img_01773.jpg",0.319904360356102,0.0290921179587448,0.0213307167843339,0.0104656253067828,0.00996468941215441,0.0418966906007798,0.107653496185242,0.459692303395861
"img_01781.jpg",0.0506491731344373,0.00635351338938095,0.00486641573108317,0.00486641573108317,0.914817433055739,0.00608855926652706,0.00642235216689472,0.00593613752485444
"img_01782.jpg",0.0158533445421029,0.00476031196574207,0.00476031196574207,0.00476031196574207,0.954499152401439,0.00555830402602626,0.00476031196574207,0.00504795116746314
"img_01802.jpg",0.900454117651816,0.0117190060592767,0.0106545247424221,0.0106545247424221,0.0108945729432362,0.0106545247424221,0.0107927854252339,0.0341759436931708
"img_01803.jpg",0.013769379112544,0.0318514492380635,0.796170741627644,0.0211281369187798,0.00994483467869886,0.0108965190597143,0.0126378678174616,0.103601071547094
"img_01824.jpg",0.544986327511337,0.0122347518791516,0.0153831743897316,0.0164934238411461,0.0101615996285916,0.299905360272546,0.0374071259408131,0.0634282365366827
"img_01825.jpg",0.0208514912706386,0.385016489543352,0.0647856143453834,0.0376657234137111,0.385470960040565,0.0160406294493771,0.0551143064854365,0.0350547854515359
"img_01831.jpg",0.296840266996081,0.0102200509316794,0.0287864549040212,0.477746254392846,0.00995341824535489,0.0879744385678271,0.011105042539886,0.0773740734223039
"img_01834.jpg",0.0431764108774424,0.0174953207206739,0.113596246753829,0.0375276014080299,0.00538700281671866,0.00890873601940745,0.00643614464489809,0.767472536759
"img_01847.jpg",0.0464218879954221,0.0422930882082941,0.0182288040651584,0.00654388114649527,0.00524544003827493,0.0888859873196112,0.0376021860358922,0.754778725190852
"img_01853.jpg",0.569951360540873,0.0700504759839703,0.0321040932049312,0.0119593138412145,0.0099932097240182,0.0502238343736389,0.0616262628219593,0.194091449509395
