"image","ALB","BET","DOL","LAG","NoF","OTHER","SHARK","YFT"
"img_00005.jpg",0.012321212303143,0.00949210957392079,0.0101325870775468,0.00949210957392079,0.928730892479181,0.00949210957392079,0.00949210957392079,0.0108468698444462
"img_00007.jpg",0.0848830357568296,0.0378369026942814,0.00938181454442978,0.00876623352393549,0.00375361299513246,0.00368459793652633,0.00368459793652633,0.848009204612338
"img_00009.jpg",0.928781310458749,0.0344876048751694,0.0037125596657093,0.00419866606025104,0.00383504007042496,0.0118218294716088,0.00422629402938234,0.00893669536870551
"img_00018.jpg",0.880200042802914,0.0680347090004121,0.00411196154899619,0.0189542811162436,0.00371471606405368,0.00845176498877853,0.0036408978519232,0.0128916266266784
"img_00027.jpg",0.253972703898421,0.100291230329751,0.0233512048701993,0.0125515768108235,0.0103228967971404,0.432548001284409,0.0643060304918238,0.102656355517432
"img_00030.jpg",0.0331579365192158,0.00961427123783222,0.00961427123783222,0.00961427123783222,0.906755294892607,0.00961427123783222,0.0116401754803835,0.00998950815646491
"img_00040.jpg",0.474002284183924,0.0470245425649087,0.01042911589645,0.0120872744240295,0.0103499726537829,0.0377923809644078,0.235456944646164,0.172857484666333
"img_00046.jpg",0.614250822703036,0.00960596455793,0.00960596455793,0.00960596455793,0.319479698178349,0.00960596455793,0.0174207115555616,0.0104249093313335
"img_00053.jpg",0.836250397916914,0.0424504443932451,0.0136489034322756,0.0162933994945909,0.0104276246202646,0.0306461755861433,0.0110949546342584,0.0391880999223076
"img_00071.jpg",0.223425831964811,0.0230940772020016,0.0100513878927351,0.694150723786296,0.00999818034812279,0.0177248394597877,0.00970660119954444,0.0118483581467015
"img_00075.jpg",0.650551362377745,0.0867998902427691,0.0118375019109656,0.0294095963569474,0.0708883352436879,0.117118506401378,0.0198786358857222,0.0135161715807848
"img_00102.jpg",0.0840092888958702,0.0166330596350375,0.0057030848132061,0.00383818547665697,0.00369291528180722,0.0243775972434888,0.00720082611970681,0.854545042534226
"img_00103.jpg",0.953675496787604,0.00436228234508094,0.00358006444723014,0.00358006444723014,0.00370241700117343,0.0169806175845601,0.00358006444723014,0.0105389929398908
"img_00109.jpg",0.967575571336049,0.00353320702857726,0.00353320702857726,0.00353320702857726,0.00366442409995933,0.00552731789909347,0.00416397748450886,0.00846908809465714
"img_00119.jpg",0.0125551403231817,0.0127051842980799,0.0127853202473596,0.00972769985470351,0.850197716286474,0.0108426999725205,0.0116703517944884,0.0795158872231927
"img_00120.jpg",0.219125037778538,0.0682380967317815,0.0148798570181678,0.0155091970911221,0.010129951330803,0.0669514543575845,0.248670245025494,0.356496160666509
"img_00125.jpg",0.740131585669828,0.011590346098466,0.0102055524915298,0.0042915153898668,0.00377602112457701,0.0293884254928437,0.00821174064030511,0.192404813092583
"img_00128.jpg",0.0398611950001779,0.0342739418455,0.174516285265748,0.00983440270931592,0.0100415121149035,0.0159876424183205,0.0142010494385307,0.701283971207503
"img_00129.jpg",0.467176030946472,0.0452399511988236,0.0153748893386681,0.014362240362806,0.010410082943332,0.0386069226828323,0.242899240158521,0.165930642368545
"img_00133.jpg",0.10600003936873,0.00969075070872982,0.00969075070872982,0.0135427281725175,0.827604355238318,0.0131818748711572,0.00969075070872982,0.0105987502230877
"img_00138.jpg",0.841028947963891,0.0399936013707424,0.0229903020220675,0.0281919295929126,0.0100961168850959,0.0291301668433442,0.012774345841313,0.0157945894806336
"img_00141.jpg",0.00853551244968019,0.00912170989828214,0.0145592811799209,0.00365255310683437,0.00376577442581143,0.00469881899351369,0.00365255310683437,0.952013796839123
"img_00152.jpg",0.0150209131885781,0.0042346217996857,0.0050507309386681,0.00396789744427832,0.00380971015629698,0.00675676240900945,0.00393141064011051,0.957227953423373
"img_00161.jpg",0.0198080817740199,0.00953655772488814,0.00953655772488814,0.00953655772488814,0.00999541071629414,0.00980848242502955,0.00953655772488814,0.922241794185104
"img_00164.jpg",0.00954817471187625,0.0108378718217693,0.0102355883166549,0.00954817471187625,0.920993973033847,0.00954817471187625,0.0150767757400275,0.0142112669520722
"img_00170.jpg",0.472208375601096,0.0113272749365903,0.0123917673813114,0.298216894791176,0.0100582141483512,0.0811353661435183,0.0110704489355918,0.103591658062365
"img_00171.jpg",0.201691556471208,0.0618568655015133,0.0527479477085804,0.167709606106245,0.0181437960846941,0.467554486686718,0.0134818834162916,0.016813858024749
"img_00172.jpg",0.00946220129689196,0.00946220129689196,0.00946220129689196,0.00946220129689196,0.932724720146617,0.00946220129689196,0.00946220129689196,0.010502072072031
"img_00175.jpg",0.168672430739669,0.0352659610781411,0.035907402508271,0.0730949886936287,0.0101597667633678,0.646245929956677,0.0111010700503399,0.0195524502099058
"img_00180.jpg",0.0362423480068216,0.00620047658057636,0.00758868457573085,0.00665673323430353,0.00377552616561755,0.00729762678594519,0.00761671303458975,0.924621891616415
"img_00196.jpg",0.0337476134787018,0.0155043894699285,0.0141070948758416,0.00981392133710692,0.884396784859805,0.0175118605028472,0.0108732546448667,0.0140450808309027
"img_00212.jpg",0.139759319895143,0.012824227443874,0.00961607428616,0.00961607428616,0.00999619823209929,0.0132664917353284,0.00961607428616,0.795305539835075
"img_00223.jpg",0.486824196831325,0.0264957587826875,0.270747708013674,0.030738978824947,0.0100012305033929,0.122467076428472,0.0182894072184705,0.0344356433970314
"img_00230.jpg",0.931048335574626,0.03169491955486,0.00368705528042764,0.00407475711672411,0.00380319699287247,0.0115118633927282,0.00368705528042764,0.0104928168073335
"img_00232.jpg",0.00834175387740632,0.00413943743230306,0.00343463385650229,0.00353568444837788,0.00351650069754727,0.00907454439887143,0.962431042234112,0.00552640305487986
"img_00244.jpg",0.162473716795867,0.0438887512476073,0.00500446439262668,0.00516148549434928,0.00378441382437119,0.0514061899882304,0.00517013177848604,0.723110846478463
"img_00272.jpg",0.412420871194919,0.0164788497201234,0.324500833150927,0.0494317100172301,0.0104722502151349,0.0573627417600784,0.0190773618110383,0.110255382130549
"img_00280.jpg",0.948585909479678,0.00398915443861524,0.010491189130189,0.00398915443861524,0.00413151374829737,0.00458561160364001,0.00515623883803978,0.0190712283229256
"img_00282.jpg",0.221374721329599,0.0706136814173088,0.0403729508772706,0.179478883100839,0.0131427675550411,0.444048542420385,0.0130788152934726,0.0178896380060838
"img_00285.jpg",0.799071720977608,0.0279555795048681,0.0082786928500213,0.00454005556799698,0.00404050216943809,0.0174088565851444,0.0269758284978321,0.111728763847091
"img_00289.jpg",0.932434908548512,0.00957796037835239,0.00957796037835239,0.00957796037835239,0.010097329181374,0.00957796037835239,0.00957796037835239,0.00957796037835239
"img_00292.jpg",0.267196519150007,0.0854794073199258,0.0125568322189946,0.0153594376741646,0.0103507562466961,0.0570346772419366,0.0382399123858661,0.513782457762409
"img_00302.jpg",0.551284538677112,0.0423180250324916,0.0104983755514619,0.0120409854291687,0.0105671643555905,0.0332603207747079,0.208625539895684,0.131405050283784
"img_00311.jpg",0.973861799357067,0.00359249777108076,0.00359249777108076,0.00359249777108076,0.00377574588514354,0.00359249777108076,0.00359249777108076,0.00439996590238559
"img_00320.jpg",0.915699591480822,0.0179777456158269,0.00965439182422355,0.00965439182422355,0.0100257715060728,0.0160040346500809,0.00965439182422355,0.0113296812745266
"img_00331.jpg",0.769984159645128,0.010122716324874,0.0107503005735173,0.010122716324874,0.0102816217622189,0.067850900550265,0.036243702031455,0.084643882787668
"img_00358.jpg",0.441147666384517,0.0360189162564421,0.00990328983318167,0.00990328983318167,0.0100259019361823,0.122020199579367,0.0712394944947305,0.299741241682398
"img_00374.jpg",0.62387932849883,0.0975833342264986,0.0111108341737126,0.0127148515822697,0.00999775265121531,0.0184413886180627,0.0097730361974084,0.216499474052003
"img_00375.jpg",0.22055636292978,0.118587222983303,0.402762759588235,0.0266883062985333,0.0100348960223259,0.101889748943648,0.021459658818274,0.0980210444159009
"img_00376.jpg",0.724789634890104,0.0342003838752369,0.0375189718758209,0.0100145628042396,0.0100808148478478,0.0644659590895509,0.0671203883860451,0.0518092842311552
"img_00380.jpg",0.850406414289179,0.0228540035381049,0.0133947935374263,0.0153378943341507,0.0100219973796847,0.0656847749304645,0.00980473222273241,0.0124953897682572
"img_00383.jpg",0.970856495540033,0.00488267368058651,0.00351463929382598,0.00351463929382598,0.00367498434648192,0.00484022453204044,0.00351463929382598,0.00520170401938006
"img_00398.jpg",0.803863034286267,0.0199190089240661,0.00975632959082235,0.00975632959082235,0.0101276834042173,0.0100560636530752,0.00975632959082235,0.126765220959907
"img_00407.jpg",0.878299773405667,0.0146022691991762,0.0142708526923693,0.0234291395914516,0.0100004670387634,0.0374112504008785,0.00977664803169103,0.0122095996400029
"img_00417.jpg",0.0673738529886548,0.0114613757395927,0.00949591127706171,0.00949591127706171,0.00999500865492237,0.00949591127706171,0.00949591127706171,0.873186117508583
"img_00432.jpg",0.599637610706155,0.0291708017315047,0.0882113766155293,0.0214989184853997,0.0355376869157797,0.107474643683626,0.0154436314835672,0.103025330378439
"img_00442.jpg",0.00499106942465573,0.00375520015492385,0.0034554274808099,0.0034554274808099,0.00364048356061655,0.00363138476148859,0.0034554274808099,0.973615579655886
"img_00446.jpg",0.908974871825708,0.0115583937623612,0.00416785618996324,0.0101504290967372,0.00372774255830089,0.0308184426623971,0.00407214265713435,0.0265301212473977
"img_00469.jpg",0.920183938483764,0.00912446828754808,0.00512566523844122,0.00367120526756711,0.0037549313108302,0.018227944049454,0.00478259402304496,0.0351292533393504
"img_00473.jpg",0.957241576934184,0.0042352985803374,0.00376070438004553,0.00376070438004553,0.00388311465949211,0.00376070438004553,0.00376070438004553,0.0195971923058043
"img_00483.jpg",0.858359825827584,0.0487682094612585,0.00970215137096184,0.00970215137096184,0.0100008289198522,0.0150403831392846,0.0100558823434175,0.0383705675666796
"img_00484.jpg",0.208692044229093,0.0714495692728273,0.00606450202622742,0.0111616349987447,0.0037526518711508,0.011612433108549,0.00419172967378613,0.683075434819621
"img_00486.jpg",0.809253922033613,0.0490866359713505,0.057370288133642,0.0289541555756766,0.0104476029734154,0.0168310018794596,0.0171000422015409,0.0109563512313018
"img_00487.jpg",0.144884729591312,0.0318753978336314,0.0217180404336716,0.0106466502749534,0.70458386014875,0.0486866523693811,0.0174461608523058,0.0201585084959949
"img_00493.jpg",0.071214870749945,0.0097000970825295,0.0108759576743193,0.0097000970825295,0.862197522106382,0.0150896206167833,0.0097000970825295,0.0115217376049821
"img_00518.jpg",0.893023233125288,0.0108875810672082,0.0108875810672082,0.0108875810672082,0.0364124222675234,0.0108875810672082,0.0108875810672082,0.0161264392711481
"img_00533.jpg",0.0505814838288682,0.0185275545332842,0.00503800993059975,0.00386854953104002,0.0036076184259137,0.01277772572034,0.0149983139297415,0.890600744100213
"img_00538.jpg",0.946130209439159,0.0119260463202043,0.00393895171855002,0.00389934183453941,0.0037082295720742,0.00543331371166701,0.00363602599633625,0.0213278814074697
"img_00543.jpg",0.973852467653278,0.0035224740028036,0.0035224740028036,0.0035224740028036,0.00369993564262387,0.00361936807158383,0.0035224740028036,0.00473833262130024
"img_00550.jpg",0.481680363733634,0.0875487430688889,0.151252454265568,0.0491344021466525,0.0117786412168362,0.0981386939333559,0.0267898121303863,0.0936768895046778
"img_00551.jpg",0.921733811055551,0.00369493505147009,0.00585688058538963,0.0103752739356409,0.0037592671417563,0.035117291073505,0.00382010808033428,0.0156424330763525
"img_00564.jpg",0.0207110734202203,0.00970763954884153,0.0103318171122471,0.00970763954884153,0.903075851976107,0.0217784135768146,0.012975924269773,0.0117116405471546
"img_00575.jpg",0.750782738302758,0.023102780547476,0.0118361999999692,0.0120725502505134,0.0104996328016331,0.0608551035861832,0.0404273255653048,0.090423668946162
"img_00582.jpg",0.74488659601777,0.0170218236162042,0.0228215039259017,0.0168628667160245,0.0362922516908042,0.123792460459263,0.0168775868384257,0.0214449107356066
"img_00584.jpg",0.887071295703107,0.0131812015589446,0.0148070737783519,0.0263460869197788,0.018794218519631,0.0129670855483095,0.0121187443145982,0.0147142936572787
"img_00587.jpg",0.0720490045870395,0.0226688045052069,0.00673211693125563,0.00395423819956834,0.00373316823212364,0.0638944603308356,0.0304249083019791,0.796543298911991
"img_00590.jpg",0.470963555322962,0.108922844200699,0.0469448446022074,0.011581630130642,0.0101475857510513,0.0569228631130323,0.0959419516743145,0.198574725205092
"img_00591.jpg",0.281463524841046,0.0209339586203489,0.0101268535266019,0.00977842093462789,0.00999780572978506,0.102076280477137,0.0137053618233776,0.551917794047076
"img_00598.jpg",0.906375084347989,0.00819223927603448,0.00643098803571593,0.0215655885863043,0.00386965372228411,0.0297883098395496,0.00631661086566827,0.0174615253264547
"img_00599.jpg",0.559872443140784,0.081451986545291,0.0317033262721722,0.0157644427567703,0.0102782687238703,0.0308986358086594,0.0898293105366378,0.180201586215815
"img_00612.jpg",0.596795738399072,0.0117835357018841,0.0134958807396196,0.0113243799811295,0.0102671531005532,0.18529722531347,0.0437025177251349,0.127333569039137
"img_00618.jpg",0.930870695235194,0.00971037836193783,0.00971037836193783,0.00971037836193783,0.0102207731911526,0.0102046420702199,0.00971037836193783,0.0098623760556824
"img_00620.jpg",0.820395362987548,0.0294453728740352,0.0303961628425191,0.016037372629399,0.0101425527493046,0.0646346967549696,0.0147162527269661,0.0142322264352581
"img_00642.jpg",0.220253326584745,0.0576231799244284,0.0119547163847535,0.651153834523533,0.00999722584325845,0.0240944395036371,0.00971984310581043,0.0152034341298337
"img_00646.jpg",0.0205696263524958,0.0133095528381961,0.0207930084069636,0.00957112044264634,0.0099957533656555,0.016296900963821,0.00957112044264634,0.899892917187575
"img_00648.jpg",0.973089428478552,0.00364510490661034,0.00364510490661034,0.00364510490661034,0.00382493809559059,0.00376622986130963,0.00364510490661034,0.00473898393810603
"img_00650.jpg",0.363640365875728,0.0449807875896515,0.0221256153253356,0.0233223022232509,0.0103152753485081,0.453796083657414,0.0561617247663888,0.0256578452137231
"img_00654.jpg",0.655174832437959,0.0462679832310578,0.0679037738405906,0.026899200757418,0.02638410262485,0.0643775597056952,0.0450085844030034,0.0679839629994254
"img_00664.jpg",0.797757077648655,0.0803649674018727,0.0104125452668862,0.00979403232496319,0.0100050347260102,0.018634428716942,0.0179838817852238,0.0550480321294471
"img_00667.jpg",0.00959278776310094,0.00959278776310094,0.0104122125423316,0.00959278776310094,0.92623740736216,0.00959278776310094,0.00959278776310094,0.0153864412800042
"img_00676.jpg",0.00977077069202302,0.0150249339709616,0.013186107674169,0.00971372532306848,0.877112692115306,0.0115393650471534,0.0097730566232199,0.0538793485540987
"img_00697.jpg",0.00508058229933713,0.00356438919737979,0.00423147237032427,0.00356438919737979,0.0037611036262565,0.00356438919737979,0.00356438919737979,0.972669284914563
"img_00708.jpg",0.363821125660962,0.0714180774640112,0.023021235014512,0.0226317961811477,0.0102565859799743,0.293594289333055,0.105841147469713,0.109415742896625
"img_00716.jpg",0.059789002646936,0.0447450847166221,0.0067385687804761,0.00680716981216242,0.00376734436959901,0.175847498375513,0.0363323144345306,0.665973016864161
"img_00717.jpg",0.542673997831717,0.0750079927411631,0.00993414077570783,0.0328755368971941,0.00999835875734177,0.28451448030823,0.0245663029430424,0.0204291897456043
"img_00718.jpg",0.828920741842412,0.00970822919475745,0.011625011192114,0.0139592783647584,0.00999711047724442,0.0532896008681347,0.00970822919475745,0.0627917988658211
"img_00723.jpg",0.174170858299727,0.00954004283570599,0.00954004283570599,0.00954004283570599,0.766907813005288,0.00954004283570599,0.00954004283570599,0.0112211145164549
"img_00724.jpg",0.1746108104586,0.010699923980227,0.0196536719772182,0.0107256204612818,0.0103322415836684,0.073042450821721,0.334543569250706,0.366391711466577
"img_00726.jpg",0.973528374414692,0.00355349148209752,0.00355349148209752,0.00355349148209752,0.00372583912975029,0.00375728611578765,0.00416597592376295,0.00416204996971478
"img_00729.jpg",0.544782653437265,0.00968023795729091,0.00968023795729091,0.00968023795729091,0.387207908407359,0.00968023795729091,0.0183278935814046,0.0109605927448074
"img_00730.jpg",0.0378163900695915,0.00887022244282967,0.00482280885779016,0.00371922322093589,0.00376857171509814,0.0086329796179647,0.0154100191153907,0.916959784960399
"img_00757.jpg",0.917509984814614,0.00557382858397772,0.00629807675976194,0.0235581308508835,0.00380913718462211,0.0253827342053619,0.00424836029452349,0.013619747306255
"img_00760.jpg",0.425564427690634,0.0396557387795908,0.0108629471695524,0.446537460738828,0.0100580932771858,0.0297938918992319,0.0123517003654493,0.025175740079528
"img_00763.jpg",0.00953490360684606,0.00953490360684606,0.00953490360684606,0.00953490360684606,0.927314311426001,0.00953490360684606,0.00953490360684606,0.0154762669329222
"img_00764.jpg",0.00495490508170484,0.00413100411502157,0.00952202383429112,0.00352510788960873,0.00366871689893802,0.00352510788960873,0.00352510788960873,0.967148026401218
"img_00765.jpg",0.153453845858435,0.11462773261699,0.0125248738025927,0.0867152196700082,0.0100265585673805,0.497978823622797,0.0324868361359934,0.0921861097258028
"img_00772.jpg",0.00431267996065528,0.00356039846730352,0.75582155510569,0.00356039846730352,0.00371073562409806,0.00435618493143179,0.00440676631612307,0.220271281127395
"img_00773.jpg",0.878490764851679,0.0182210947060269,0.0345045300443357,0.0162390640091255,0.0100006220259734,0.0196465296413446,0.0121797777347585,0.0107176169867568
"img_00777.jpg",0.927804809833536,0.00964087575029318,0.00469934075149662,0.0039615587477114,0.00384583717842894,0.0359406868262385,0.0103395597972317,0.00376733111506364
"img_00780.jpg",0.00529419635320893,0.0045356065262852,0.0112028604382868,0.00353155322640799,0.00362379725547496,0.00739057702064162,0.00376811618033336,0.960653292999361
"img_00798.jpg",0.616272189521919,0.155300710529673,0.0157234471166598,0.141820266320654,0.0104400061285682,0.026631871068901,0.0156231458695294,0.0181883634440958
"img_00808.jpg",0.923347863988286,0.010993759729317,0.00471622689978624,0.00459980636430897,0.00381345854383933,0.00866849827702109,0.00371288893189416,0.040147497265547
"img_00816.jpg",0.966082733666039,0.00380825406643059,0.00386125927971718,0.00380825406643059,0.00391013109327542,0.0047160646368645,0.00649657729831277,0.00731672589293029
"img_00828.jpg",0.00964966184348302,0.00957140211332453,0.00957140211332453,0.00957140211332453,0.923659035753713,0.010322956409585,0.00957140211332453,0.0180827375399206
"img_00833.jpg",0.270424465235933,0.0557821066794001,0.0248027744403929,0.0174801199067943,0.0101163329678335,0.355044729774701,0.151292777460577,0.115056693534369
"img_00837.jpg",0.935035839680037,0.0154320897956956,0.00550846983326998,0.00588693912621665,0.00390350489250037,0.0184849047321157,0.00416059904977016,0.0115876528903949
"img_00855.jpg",0.841476217120653,0.0245025342835314,0.0123606023844494,0.00507846325448995,0.00384075993176422,0.0321982553915609,0.0121420837421275,0.0684010838914232
"img_00857.jpg",0.918730893493705,0.0182105092247602,0.00977712793125351,0.00977712793125351,0.0126452295696226,0.0101661867155817,0.00977712793125351,0.0109157972025701
"img_00858.jpg",0.834685930850387,0.0119213608819886,0.00983608343651353,0.0107652239899577,0.010034333141888,0.084008785194643,0.0139446610816924,0.0248036214229293
"img_00865.jpg",0.945692719168147,0.0212707353869799,0.0034788122015149,0.0034788122015149,0.00360232164429069,0.0061836836203362,0.0034788122015149,0.0128141035757015
"img_00876.jpg",0.00987204290512612,0.00984990909305304,0.0103049291999178,0.00970405978856907,0.901832226186794,0.0105168852934068,0.00970405978856907,0.038215887744564
"img_00889.jpg",0.0135925474531517,0.00960669090473009,0.283085811062797,0.010033346792045,0.00999610537122821,0.00960669090473009,0.00960669090473009,0.654472116606588
"img_00894.jpg",0.841846416349457,0.0186043871037229,0.0194857801199927,0.0172114313036091,0.0145265080142808,0.0235103897764501,0.0142372205276136,0.0505778668048737
"img_00902.jpg",0.00710553717472367,0.00368319663217111,0.00347492031721165,0.003907091097175,0.00354561246105404,0.00874563930131647,0.965111564549402,0.00442643846694587
"img_00914.jpg",0.0134531792572094,0.0109354573545,0.00944976372963265,0.00944976372963265,0.00999455145949556,0.00944976372963265,0.00944976372963265,0.927817757010264
"img_00921.jpg",0.452470289376975,0.0127223994455776,0.0263235453803252,0.0107384851627129,0.0117878523328857,0.189803200699482,0.0851221425055285,0.211032085096513
"img_00927.jpg",0.358364937911553,0.0986232966174045,0.0302298402527085,0.0120576748834036,0.0101241062178854,0.044028602022835,0.0928789802721818,0.353692561822028
"img_00943.jpg",0.880291482469616,0.0299667014732029,0.00960376398483368,0.00960376398483368,0.00999607673206586,0.0107094062415804,0.00960376398483368,0.0402250411290335
"img_00948.jpg",0.798966903825408,0.0163966196276335,0.0183939826184799,0.0146900322057857,0.0149765025989403,0.0331454244283998,0.0150718609683205,0.0883586737270326
"img_00950.jpg",0.0191217066296434,0.00953464319870226,0.00953464319870226,0.00953464319870226,0.922014752661935,0.0100761428341264,0.00953464319870226,0.0106488250794858
"img_00959.jpg",0.963366127779875,0.00349168832467303,0.00349168832467303,0.00349168832467303,0.0152081206707336,0.00349168832467303,0.0037088591140849,0.0037501391366144
"img_00962.jpg",0.0210587153407406,0.0106763455185571,0.0297432091857787,0.00959766664734098,0.00999601600072289,0.0112381110127682,0.00959766664734098,0.898092269646751
"img_00964.jpg",0.00522166480884245,0.0142113486357337,0.919398168016384,0.00482408394563134,0.00375134478764093,0.00521830942147662,0.00391831985170846,0.0434567605325823
"img_00966.jpg",0.834879252740652,0.0109043145770076,0.0118734256310706,0.0109043145770076,0.0267999724303822,0.0109043145770076,0.0109043145770076,0.0828300908898646
"img_00974.jpg",0.918757245717564,0.0286411411406873,0.00560976850735389,0.00626190547324053,0.0035858026916836,0.00800336277677726,0.0036918705810349,0.0254489031116589
"img_00979.jpg",0.0141125674707303,0.00370734494331238,0.0340621900896788,0.00370734494331238,0.00382204977786579,0.00695174961756954,0.00376158847533172,0.929875164682199
"img_00982.jpg",0.256670215933365,0.557145444011958,0.0324823152809139,0.0232470828520148,0.0117911395475704,0.0362958415099526,0.0380820694868591,0.0442858913773657
"img_00985.jpg",0.342670219141172,0.077271261321112,0.0105421504318159,0.0167138368381314,0.0103257791573782,0.0649087995912465,0.0382200301659871,0.439347923353157
"img_00999.jpg",0.922190343553146,0.00678700895462879,0.00361654505857223,0.00361654505857223,0.00368063670201153,0.00827453641052452,0.00783665496365936,0.0439977292988858
"img_01022.jpg",0.886025578337381,0.00606923543294209,0.00603197730901178,0.00868983238394034,0.0312691577625314,0.0415826913884786,0.00479572986140905,0.0155357975243054
"img_01031.jpg",0.782703227266409,0.014270856155832,0.0565695767159576,0.0160397864341562,0.0103359536682543,0.0689837673406039,0.0349697176754413,0.0161271147433458
"img_01035.jpg",0.895750262337985,0.012147554907126,0.00839457958774201,0.0054884280395526,0.00386590222354306,0.0567094397081579,0.0138424834590639,0.00380134973682911
"img_01043.jpg",0.0113312486869133,0.00946317771635141,0.00946317771635141,0.00946317771635141,0.931123929617873,0.00946317771635141,0.00946317771635141,0.0102289331134563
"img_01058.jpg",0.820073620445296,0.0180774606443852,0.0173517749258965,0.0118144264983452,0.0119764269089447,0.0290694917773664,0.0118144264983452,0.079822372301421
"img_01059.jpg",0.0774273834650457,0.0295557807762958,0.00502892983836138,0.00558359310428366,0.00378111424307873,0.0503164489104129,0.0179946277759018,0.81031212188662
"img_01090.jpg",0.0205071809942838,0.0438038198423473,0.0156439720023246,0.00998561797320814,0.862445719831083,0.011006991550275,0.0195764521567921,0.0170302456496864
"img_01102.jpg",0.245071701487176,0.550361000445729,0.0173133096996934,0.0308086185797742,0.0100799161278841,0.0198142304922089,0.0134107758165924,0.113140447350942
"img_01103.jpg",0.0833497824054121,0.191728501107803,0.0146274014790759,0.0230108914617412,0.0099985469853861,0.0136385648910178,0.0354518593226879,0.628194452346876
"img_01116.jpg",0.947161095853361,0.0113750779856069,0.00383406634805066,0.00750581872518041,0.00380948311343359,0.00946003249663363,0.0037444526335398,0.0131099728441942
"img_01134.jpg",0.914586098527374,0.00371178429414343,0.0140052130661397,0.00804965095217539,0.00375613037378687,0.0312187272577196,0.00404883577180751,0.0206235597568532
"img_01142.jpg",0.908908634793648,0.0100085905301025,0.0213380145605255,0.0102824674487812,0.0102051575507145,0.0169489601174678,0.0100846666520015,0.0122235083467588
"img_01168.jpg",0.0322705151464924,0.11521716068835,0.0149463020891245,0.0497484973982948,0.010186328225726,0.668643322113015,0.0608098434506421,0.0481780308883548
"img_01171.jpg",0.00955770064561392,0.00955770064561392,0.00955770064561392,0.00955770064561392,0.923366820679014,0.00955770064561392,0.00955770064561392,0.0192869754473027
"img_01177.jpg",0.867858723008883,0.015500457340525,0.0477137467468296,0.013773521610125,0.0102333107965723,0.0112957847914829,0.0177962521281187,0.0158282035774636
"img_01179.jpg",0.876220953576318,0.0115671950712982,0.0156380237252505,0.019072029579702,0.0105476608437856,0.0461467916198634,0.00995633973276264,0.0108510058510198
"img_01188.jpg",0.322905971409435,0.0786639462575896,0.0160512485132748,0.0504604980936264,0.0100723385386215,0.436092943704577,0.016919474450536,0.0688335790323399
"img_01198.jpg",0.302890284095963,0.0244822675263966,0.0362877612774137,0.0143613631044309,0.033618521080917,0.0559975573269437,0.481255542720068,0.0511067028678663
"img_01204.jpg",0.00956337182691857,0.00998037055945828,0.0105352001606081,0.00956337182691857,0.923228816516417,0.00956337182691857,0.00956337182691857,0.0180021254558425
"img_01208.jpg",0.0189612430898892,0.00954747597533183,0.0100818784000196,0.00989051466642963,0.921162100160215,0.010350905679783,0.00954747597533183,0.0104584060529998
"img_01211.jpg",0.917482788090716,0.0146671651202443,0.00957641558194599,0.00957641558194599,0.0158206785040392,0.00957641558194599,0.00957641558194599,0.013723705957217
"img_01213.jpg",0.921922825837069,0.0163909194365022,0.00462611713969573,0.0119228224726106,0.00376810182598124,0.0237519906779653,0.00370950532900389,0.013907717281172
"img_01222.jpg",0.260690637859173,0.283217764231599,0.0156192538555691,0.0392949017846475,0.00999853182892907,0.111252490053464,0.0148988065405193,0.265027613846099
"img_01224.jpg",0.0902098047595907,0.0135737384475851,0.148565257185843,0.00981690308301459,0.00999818691354333,0.0174156163973756,0.0117987338847256,0.698621759328322
"img_01237.jpg",0.0139357329141388,0.00322362753356277,0.00322362753356277,0.00322362753356277,0.937330287961904,0.00328000873923498,0.0054581612680341,0.0303249265160002
"img_01249.jpg",0.0525955108460358,0.0178539239797354,0.0241151493886522,0.00981720195711465,0.854883425293344,0.0146311149971156,0.0133688553291785,0.0127348182088243
"img_01253.jpg",0.0201401057526447,0.00944135091765479,0.00944135091765479,0.00944135091765479,0.00999446808703227,0.00944135091765479,0.00944135091765479,0.922658671572049
"img_01286.jpg",0.640074352494252,0.0384233242870009,0.0147550743239513,0.0128110966379547,0.0118881678566334,0.0404769233153055,0.0119177900203023,0.2296532710646
"img_01289.jpg",0.092218587251725,0.0457974863598933,0.00390848564476289,0.00610236992579353,0.00372193801351701,0.0517693102582734,0.0196209551946144,0.776860867351421
"img_01325.jpg",0.0250068085878139,0.0444718314588606,0.0124098933156492,0.0125314702580369,0.85704067303702,0.00976651188014886,0.0176079682019402,0.02116484326053
"img_01328.jpg",0.936762093252222,0.0195642462997802,0.00395973397346323,0.00887383549859938,0.00369616478373577,0.0132165372536417,0.0036216349371947,0.0103057540013626
"img_01366.jpg",0.168470614296293,0.032897768988761,0.0435806670645367,0.0617036276350249,0.0101032325490002,0.640682592509888,0.0132007946276199,0.0293607023288762
"img_01371.jpg",0.884251586410271,0.00380551592127972,0.00416359328987373,0.00373170539595726,0.051640034842907,0.00434426132511877,0.0050262332121195,0.0430370696024733
"img_01373.jpg",0.0336381990422788,0.0121330654153864,0.0341613735596436,0.011871108130626,0.871357223325183,0.0147648925819417,0.0101643121514741,0.0119098257934666
"img_01377.jpg",0.0654954473739932,0.00964089963544763,0.0127509188753343,0.0101054815068506,0.87109370618895,0.0107953649943413,0.00964089963544763,0.0104772817896355
"img_01379.jpg",0.848794919942907,0.022275018306972,0.0204728050079421,0.0139014143921513,0.0100488210220854,0.0435306756176627,0.0113895947382409,0.0295867509720388
"img_01384.jpg",0.603500554280656,0.0373920155808444,0.0930589283550496,0.0248185371619099,0.0114194909363068,0.0985160070821451,0.0160659317918878,0.1152285348112
"img_01388.jpg",0.72122164455234,0.0926291665555969,0.010596581476737,0.00930948157120822,0.0669320083487707,0.0551256647345919,0.00930948157120822,0.0348759711895468
"img_01392.jpg",0.00567348975946068,0.0248719651478152,0.812480158025905,0.00469421655573115,0.00381138970322154,0.00445748655140786,0.00459076058823981,0.139420533668219
"img_01399.jpg",0.00798805546039275,0.856083272163401,0.0160374963290636,0.00372543035067979,0.00370824596159253,0.00762877790366671,0.00361075773169226,0.101217964099511
"img_01404.jpg",0.869080665458785,0.0387575130588072,0.0104994124518827,0.0258944339342598,0.0100453880599134,0.0175894345632072,0.00981627261959502,0.0183168798535496
"img_01405.jpg",0.946546246952578,0.00620302551681508,0.00441331189314699,0.0103501931693141,0.00804260292504528,0.0158283900955062,0.0045126685533064,0.00410356089428749
"img_01413.jpg",0.956365407585624,0.00392709757686578,0.00401837609197935,0.00541844889425778,0.0117294504139763,0.0092209505101187,0.00424179904184955,0.00507846988532814
"img_01426.jpg",0.0360230335078275,0.196261229611458,0.00535805393333775,0.00356781193992363,0.00366867026847917,0.00470164514017726,0.670630492312228,0.0797890632865686
"img_01431.jpg",0.303883321851752,0.0454903892932583,0.0118337355226469,0.549257411307882,0.0100378349286022,0.0431833807592699,0.0115297620034698,0.0247841643331187
"img_01441.jpg",0.02008682413124,0.00953359786981716,0.0104194623872223,0.00953359786981716,0.00999538172531996,0.0112306349075678,0.00953359786981716,0.919666903239198
"img_01444.jpg",0.0536247386671509,0.00792636546129201,0.0044115750420151,0.00411393018717399,0.00378280152307397,0.0213989804966323,0.00497614409966025,0.899765464523001
"img_01490.jpg",0.0163260425336602,0.0149359258034505,0.115751774229842,0.00965165625575305,0.00999655049504629,0.0103570871278462,0.010040123626852,0.81294083992755
"img_01495.jpg",0.784606543552623,0.0503347726096317,0.0114263176341657,0.0123557691455496,0.00999774123461899,0.0484682749466997,0.00977189545861219,0.0730386854180988
"img_01505.jpg",0.00956870349491484,0.00956870349491484,0.0118228433376867,0.00956870349491484,0.928134077405139,0.00956870349491484,0.00956870349491484,0.0121995617826004
"img_01511.jpg",0.940486552434761,0.0143329684192396,0.0065849074389147,0.00721089115920079,0.00385010356542305,0.0176377191250012,0.0053377711711736,0.00455908668628647
"img_01519.jpg",0.338013206042183,0.0974054672654285,0.0186591246065555,0.0303265494670284,0.0101259166370194,0.373961519905108,0.0283246959110265,0.103183520165651
"img_01530.jpg",0.862119537272905,0.0206208077762078,0.0108876488939763,0.0139734789666401,0.0109226958838503,0.0149696415630973,0.010651968542813,0.0558542211005103
"img_01537.jpg",0.832413870028702,0.0112439283764469,0.0315518781956543,0.0103773978508228,0.0105043069777198,0.032600729444505,0.0128604036187656,0.0584474855073836
"img_01538.jpg",0.949443770442918,0.00785188333908223,0.00359947152865898,0.00359947152865898,0.00373158186048554,0.023396223094295,0.00378759949194013,0.0045899987139617
"img_01541.jpg",0.0101211872751541,0.00957198216773118,0.00957198216773118,0.00957198216773118,0.929682529641178,0.0109919725228684,0.00957198216773118,0.0109163818898747
"img_01543.jpg",0.964066285490432,0.00349020325920052,0.00349217242492957,0.00429192808366834,0.0114788225382208,0.00349020325920052,0.00349020325920052,0.00620018168514738
"img_01548.jpg",0.898245883851925,0.0105985526125666,0.0172847203604415,0.0100156000618312,0.0103445298908588,0.0121716579970545,0.0106575400050734,0.0306815152202495
"img_01552.jpg",0.972812596243078,0.00418447254540515,0.00366733619140012,0.00366733619140012,0.00384512083348936,0.00443060033205702,0.00366733619140012,0.00372520147177036
"img_01561.jpg",0.016353489196101,0.00957516060608367,0.00957516060608367,0.00957516060608367,0.918966369120112,0.00998849322404824,0.00957516060608367,0.0163910060354039
"img_01562.jpg",0.231936878659534,0.0453037858519974,0.0221062719666007,0.0169914803921945,0.0102698276948622,0.075687861639965,0.280722048296202,0.316981845498644
"img_01571.jpg",0.903807486747965,0.00987590737848011,0.00958446584044202,0.00958446584044202,0.00999588536926163,0.00958446584044202,0.0116938290402053,0.035873493942762
"img_01593.jpg",0.72729870750005,0.0188488242585965,0.0103857070368069,0.00506134523053785,0.00371761018240507,0.0503447007159335,0.0265542619664422,0.157788843109228
"img_01595.jpg",0.0368370588265486,0.00954672334424552,0.00954672334424552,0.00954672334424552,0.902510708768715,0.0120604715400809,0.00954672334424552,0.0104048674876732
"img_01616.jpg",0.844752607466197,0.0560545864373308,0.0101141951800998,0.0101611286512563,0.0103379020976687,0.0151247974957867,0.0112216811379723,0.0422331015336885
"img_01618.jpg",0.849176998313265,0.0214250957857606,0.00980366439128728,0.0137637270729915,0.0100547655611558,0.075502387090044,0.00996771751346314,0.0103056442720326
"img_01627.jpg",0.884916664255398,0.0562190986993564,0.00372119206344366,0.00405168609047751,0.00382012723001322,0.0273776813576493,0.00372119206344366,0.0161723582402186
"img_01632.jpg",0.895691593682937,0.0158611073622928,0.0172366873622219,0.00998495014645646,0.0103127349586777,0.01835213666086,0.0120561799750961,0.0205046098514575
"img_01633.jpg",0.597053734673167,0.0168085820089058,0.0123257336800048,0.0138476896071982,0.0101139997949289,0.177003858179286,0.0367792554359934,0.136067146620516
"img_01640.jpg",0.974162068236535,0.00358904118222467,0.00358904118222467,0.00358904118222467,0.00378225737820636,0.00363207751037125,0.00358904118222467,0.00406743214598827
"img_01646.jpg",0.960287359731387,0.00895958040842584,0.00348671055950818,0.00356202246891518,0.00361450239379312,0.00962257792113492,0.00348671055950818,0.00698053595732762
"img_01647.jpg",0.0314990929949957,0.0102161846916832,0.00956159743010373,0.00952459249332181,0.909954762642303,0.00952459249332181,0.00952459249332181,0.0101945847609485
"img_01649.jpg",0.64976445844127,0.0196072126637451,0.0209535510017883,0.0339777106834027,0.094429823481123,0.0804338269249743,0.0846290542593761,0.0162043625443208
"img_01657.jpg",0.00504611835200472,0.00401027660561398,0.920490197966146,0.00353933298682244,0.00366838845032507,0.00353933298682244,0.0042450239988402,0.0554613286534257
"img_01669.jpg",0.345557010005955,0.0608779926486055,0.012305798283376,0.494131865882681,0.0100988447086222,0.0305089484050684,0.0155533242601882,0.0309662158055039
"img_01673.jpg",0.847260858225737,0.0161784566425013,0.0124840260362205,0.012485709321556,0.0126458899826334,0.0332607984973589,0.0371984319767557,0.0284858293172367
"img_01681.jpg",0.126563988053512,0.0038216337375687,0.00387636078507123,0.0038216337375687,0.00389584716317905,0.0126967022153262,0.00702353070519534,0.838300303602579
"img_01684.jpg",0.871025137171222,0.0302366250293111,0.0040862224756171,0.0149378518997952,0.00381722463203799,0.0138730853491226,0.00374196046132481,0.0582818929815695
"img_01685.jpg",0.272939514722818,0.0593174687453599,0.175346618861272,0.0272520325066837,0.0217971393887757,0.208978985436367,0.0227077247661388,0.211660515572585
"img_01687.jpg",0.174329349143197,0.0163282013853156,0.014755805785035,0.00980439987695662,0.00999988054812336,0.0138033228107736,0.0261384808411247,0.734840559609474
"img_01688.jpg",0.0895570018706726,0.0650141170703262,0.00413154859857708,0.00675408955668407,0.0038165816506548,0.0518319027333101,0.0167696617641879,0.762125096755587
"img_01689.jpg",0.0122065552276061,0.00533565315634817,0.0264493276092114,0.00364676784870433,0.00371667894039719,0.0281638286022027,0.00600936091957631,0.914471827695954
"img_01716.jpg",0.0102392920770268,0.00952141888203729,0.00952141888203729,0.00952141888203729,0.92764696454712,0.0102023710055467,0.00952141888203729,0.0138256968421574
"img_01717.jpg",0.182218901039607,0.00952212504230155,0.00952212504230155,0.00952212504230155,0.758584243687017,0.00952212504230155,0.00952212504230155,0.0115862300618677
"img_01724.jpg",0.839506475181503,0.0104874962647797,0.0262970426781217,0.0104874962647797,0.0105950795363135,0.0340678045211329,0.0146506146951585,0.053907990858211
"img_01745.jpg",0.708537240855233,0.0218868958982133,0.107331405054999,0.059041615346158,0.0109645781673189,0.0382604202576538,0.0182593969869045,0.0357184474335196
"img_01771.jpg",0.896253042932855,0.0307381368975688,0.00503185481841398,0.0086995835709259,0.00383933734914608,0.0138978211207439,0.00377123616047056,0.0377689871498756
"img_01773.jpg",0.318757304768318,0.0401815967889232,0.0175704985869758,0.0110932614099984,0.0100492407623403,0.0234499684670449,0.119875241847675,0.459022887368724
"img_01781.jpg",0.101298345608481,0.0127070266959211,0.00973283139871518,0.00973283139871518,0.829634867222138,0.0121771184536679,0.0128447042500511,0.0118722749723101
"img_01782.jpg",0.0317066881717537,0.00952062365750055,0.00952062365750055,0.00952062365750055,0.908998307421717,0.0111166077321398,0.00952062365750055,0.0100959020443874
"img_01802.jpg",0.74814977890127,0.0096766366882311,0.0096766366882311,0.0096766366882311,0.186039427515196,0.0096766366882311,0.00993019856513592,0.0171740482654733
"img_01803.jpg",0.0178541480882714,0.0542151398488554,0.703955080919526,0.0152359420766182,0.010008975942109,0.0120771524243278,0.015578807234492,0.1710747534658
"img_01824.jpg",0.60003841342852,0.014823593929893,0.0212973579839338,0.0167131794251136,0.0104575618999722,0.168681780332853,0.0479008387145597,0.120087274285155
"img_01825.jpg",0.0302283923115163,0.558158135610548,0.0939196598054575,0.0546039728894582,0.109117680572286,0.0232540892939491,0.0798991715650032,0.0508188979517822
"img_01831.jpg",0.404757077312236,0.010634010353511,0.0149117312299455,0.364103360812395,0.0100263624740413,0.0879296513848111,0.0124151820843355,0.0952226243487244
"img_01834.jpg",0.0244914965150577,0.00543933014364623,0.0490377341990647,0.00382241587581042,0.00357997658081276,0.00546979909023361,0.00349355454849884,0.904665693046876
"img_01847.jpg",0.0424273307523853,0.0324879096618996,0.00483257657079758,0.00418887277770207,0.00384119470867027,0.013409777662289,0.00981786809114334,0.888994469775113
"img_01853.jpg",0.372652431317177,0.112612292568816,0.0329158608717114,0.0140670053821023,0.0101073654586798,0.0525346727377305,0.0915373993143353,0.313572972349447
