"image","ALB","BET","DOL","LAG","NoF","OTHER","SHARK","YFT"
"img_00005.jpg",0.000937207060342254,0.000937207060342254,0.000937207060342254,0.000937207060342254,0.993439550577604,0.000937207060342254,0.000937207060342254,0.000937207060342254
"img_00007.jpg",0.0426232707806877,0.0152548037892257,0.00526989352585019,0.00480548899290062,1.00292631535759e-05,0.00324536248654205,0.002936808734434,0.925854342427206
"img_00009.jpg",0.872830933701684,0.0662067699322151,0.0053960151590239,0.00297953857642695,1.00288936917496e-05,0.0448978588624763,0.00289932241599324,0.00477953245848857
"img_00018.jpg",0.762120358381081,0.0664092823179159,0.00299325663228735,0.0105413523076106,1.00295039020552e-05,0.146944778025714,0.00296089268565749,0.00802005014583086
"img_00027.jpg",0.235109148221177,0.032568156223702,0.00935369897650841,0.00345257988248321,1.01039055886436e-05,0.191969755378696,0.0109232867381476,0.516613270673698
"img_00030.jpg",0.00143879521121365,0.000943459458995786,0.000943459458995786,0.000943459458995786,0.992900448034812,0.000943459458995786,0.000943459458995786,0.000943459458995786
"img_00040.jpg",0.163221598880492,0.00927878860952771,0.00435832682367263,0.0030053864041526,1.00743354025423e-05,0.0063864510371348,0.767920135038154,0.0458192388714636
"img_00046.jpg",0.695498477833725,0.00950627539220801,0.00950627539220801,0.00950627539220801,0.247463869813027,0.00950627539220801,0.00950627539220801,0.00950627539220801
"img_00053.jpg",0.945603641368836,0.0163795852450329,0.0139668584297237,0.00393984164163749,1.00696284573076e-05,0.00994511668505305,0.00310607648106447,0.00704881052019495
"img_00071.jpg",0.000564916046465195,0.000285154374468205,0.000284993855133593,0.998008927743525,1.00084891465852e-06,0.000284992335127843,0.000284990249052284,0.000285024547313239
"img_00075.jpg",0.938803468032261,0.012207813382424,0.00298968000565718,0.0031746283341329,1.019631943011e-05,0.0367390786005235,0.00298863267899232,0.0030865026465787
"img_00102.jpg",0.270979402848411,0.0139421294414395,0.00338630399571343,0.00300598481595673,1.00296043129603e-05,0.0381585290794078,0.00965918645921631,0.660858433755542
"img_00103.jpg",0.809863679287845,0.0615345958945071,0.0686160994893061,0.00291991051421854,1.00289232852749e-05,0.013034878058228,0.00301776361592865,0.0410030442166811
"img_00109.jpg",0.977516202782846,0.0067526108751134,0.0028686414038814,0.00286747344411563,1.00285527529353e-05,0.00342436860200433,0.00288933399310842,0.00367134034617777
"img_00119.jpg",0.000951076479742733,0.000951076479742733,0.00128053150868325,0.000951076479742733,0.986979137469394,0.00128728350824362,0.00131494340022624,0.00628487467422502
"img_00120.jpg",0.631766311743098,0.0134561062522197,0.00310757204937986,0.00298192441274426,1.00341120744134e-05,0.0154739504929458,0.0499218826088302,0.283282218328707
"img_00125.jpg",0.783503129203249,0.00550955796869574,0.00879676079401418,0.00560560513113545,1.00297470974513e-05,0.020229216756178,0.00581105098227718,0.170534649417352
"img_00128.jpg",0.003594343683202,0.0307827291254472,0.223745833684302,0.00291551500466168,1.00290722652488e-05,0.003887272780405,0.00335989623482727,0.73170438041489
"img_00129.jpg",0.220063033890297,0.00935852745288938,0.00370112352328162,0.00301300431080417,1.00900686607548e-05,0.00914475345628295,0.658059593042713,0.0966498742550707
"img_00133.jpg",0.00372778425021057,0.000948269733342509,0.00095316330281442,0.000948269733342509,0.990131607774298,0.00139436573930705,0.000948269733342509,0.000948269733342509
"img_00138.jpg",0.798171488351788,0.163092761463352,0.00537984203154666,0.00480689733924501,1.00353752262078e-05,0.00317020921750486,0.00304438112823755,0.0223243850930994
"img_00141.jpg",0.00287782588302282,0.00819712808666774,0.00738951977376294,0.00287767517130069,1.00286762815915e-05,0.00287767659230501,0.00287770068011517,0.972892445136544
"img_00152.jpg",0.00895194139727934,0.00554378639662275,0.00290081960276113,0.00289426114318632,1.00360553020373e-05,0.00423315473442345,0.00326908210856799,0.972196918561857
"img_00161.jpg",0.00283820864715364,0.00283823045014577,0.00283819858865071,0.00283819291495786,1.00282813306283e-05,0.00283819316223253,0.00283819333720687,0.982960754618322
"img_00164.jpg",0.000942153574512504,0.000942153574512504,0.000942153574512504,0.000942153574512504,0.992957496409586,0.000942153574512504,0.000942153574512504,0.00138958214333934
"img_00170.jpg",0.00974035908787587,0.00104356504438743,0.000281943294837538,0.955296264446215,9.58284465205856e-07,0.00130115306463558,0.00045353514015678,0.0318822216374267
"img_00171.jpg",0.552468269240749,0.0106755341014407,0.0625548800812582,0.0245475903437837,1.01151947642072e-05,0.339471667017009,0.00485927411708731,0.00541266990390823
"img_00172.jpg",0.000937207060342254,0.000937207060342254,0.000937207060342254,0.000937207060342254,0.993439550577604,0.000937207060342254,0.000937207060342254,0.000937207060342254
"img_00175.jpg",0.0385774746090071,0.000695516796380671,0.00107564190653077,0.000915710847522579,9.63237408306321e-07,0.957452169175665,0.000333942486575583,0.000948580940910257
"img_00180.jpg",0.00667165249356833,0.00356731561600941,0.00344846185463059,0.00291660944793683,1.00293093409588e-05,0.00352029695261358,0.00370562340523258,0.976160010920668
"img_00196.jpg",0.00209582939423607,0.00135396855343228,0.00109495296703713,0.000961508075503169,0.991489777027426,0.00101412423901785,0.000965179847321073,0.00102465989602682
"img_00212.jpg",0.319992763730116,0.00446002157638569,0.00295707224454842,0.0143458730523097,1.00287648757854e-05,0.00340221304383088,0.00303170582857522,0.651800321759358
"img_00223.jpg",0.828336163694959,0.0146202864197478,0.0946098396018243,0.00841102259060189,1.00297809531946e-05,0.0282444792672767,0.00631968823451963,0.0194484904101177
"img_00230.jpg",0.815876018390697,0.0990174506103402,0.003025290290981,0.0029169189504237,1.00290656359876e-05,0.0417733186120416,0.00294205182545277,0.0344389222544273
"img_00232.jpg",0.00422958348933218,0.00302249589966969,0.00289990558816343,0.00289949775780897,1.00317814540387e-05,0.00425136081798018,0.979346076239493,0.00334104842609846
"img_00244.jpg",0.734504469627933,0.111236759534444,0.00312196295923722,0.00339126756067848,1.00294827809132e-05,0.0371124145870402,0.0038294762936661,0.10679361995422
"img_00272.jpg",0.835611786644216,0.0135367601664596,0.0868845828888417,0.0170237059873126,1.01018041070921e-05,0.0166175842033842,0.00303498282672842,0.02728049547895
"img_00280.jpg",0.975114410665911,0.00311322476796831,0.00323714437130753,0.00300413655148676,1.0281403690119e-05,0.00482453419817216,0.00376878306462199,0.00692748497684174
"img_00282.jpg",0.572809789452525,0.0132566045907161,0.0106601858832124,0.0312046790887999,1.01009298262693e-05,0.35279229869973,0.0036477415872358,0.0156185997679545
"img_00285.jpg",0.466524937625841,0.0131439410978093,0.00475477999954355,0.00329076969047722,1.00606891809717e-05,0.00998782054109848,0.0124771890353978,0.489810501320651
"img_00289.jpg",0.95129689907431,0.0143904937379316,0.00700630955812382,0.0028454645157217,1.00359355448437e-05,0.00284901860089594,0.00287273039320677,0.0187290481842652
"img_00292.jpg",0.621370944860995,0.0555703724962444,0.0460329754403812,0.00408226225673817,1.00816831713272e-05,0.0957236863483604,0.0122809517350879,0.164928725179022
"img_00302.jpg",0.22473478487507,0.00890223566101177,0.00348284927548192,0.00302153688396969,1.01279082864355e-05,0.00862927381321048,0.715938958091482,0.0352802334914869
"img_00311.jpg",0.982906176463516,0.00284991878952601,0.00284599369689622,0.00284606390059116,1.00357986833776e-05,0.00284606574977291,0.00284599479779847,0.00284975080321629
"img_00320.jpg",0.980167301026664,0.00343449759305906,0.00288481027134604,0.00288474587281899,1.00367423620782e-05,0.00443035950471081,0.00327745044075265,0.00291079854828597
"img_00331.jpg",0.913453051003565,0.00500431354564676,0.00312074979018869,0.00295698031515146,1.0061198871664e-05,0.0355710350825792,0.0212819504267937,0.0186018586372034
"img_00358.jpg",0.307594344471893,0.0360346783416298,0.00302078153878839,0.00295255965102083,1.00293816347811e-05,0.0215632164270108,0.0202891891036979,0.608535201084325
"img_00374.jpg",0.703242363472823,0.0311044149603937,0.00343447601613947,0.00352369500844839,1.00292324237153e-05,0.00825912498812979,0.00325972808091437,0.247166168240728
"img_00375.jpg",0.021088597065891,0.021626914163563,0.915737120868221,0.00547590723536222,1.00334900677028e-05,0.0151304893647297,0.00502467254653396,0.0159062652656317
"img_00376.jpg",0.955420256352723,0.00757512630995562,0.00666254231679506,0.00297577635343175,1.00433773264618e-05,0.0146343040245588,0.00613387814122941,0.00658807312397976
"img_00380.jpg",0.955046344472113,0.00772436525967055,0.00291611837090124,0.00332512060435312,1.00287879429325e-05,0.0246163098801769,0.00288987622891047,0.00347183639593193
"img_00383.jpg",0.947332794027747,0.00519388434110816,0.0028513202561513,0.00286481687238364,1.0028408607123e-05,0.00285108862247677,0.00285100478992307,0.0360450626816033
"img_00398.jpg",0.967127485430421,0.00595532092666415,0.00288349552093535,0.00288408762821185,1.0043400279141e-05,0.0035553506307444,0.00289342933878832,0.0146907871239562
"img_00407.jpg",0.961766315633033,0.0213085656061955,0.00288987006602909,0.00288474644415175,1.00287345607578e-05,0.00456517691416365,0.00293277055941591,0.00364252604244985
"img_00417.jpg",0.154260542605105,0.00367886637828465,0.00285474755896743,0.00464051075516816,1.00283715957869e-05,0.00285678855840516,0.0028478815780054,0.828850634194469
"img_00432.jpg",0.32966746851473,0.0192347628582816,0.0771851534157729,0.0238427812710879,0.117845194462818,0.356508885562987,0.00995264753381058,0.0657631063805121
"img_00442.jpg",0.00283893861275542,0.00283917220071196,0.00283874767057389,0.00283874651836071,1.00282869872896e-05,0.00283874653183882,0.00283875175517314,0.982956868423599
"img_00446.jpg",0.949866770835575,0.004427347148069,0.00294388687421082,0.00482086315506839,1.00363618867956e-05,0.0183529207034884,0.00294628328526936,0.0166318916364323
"img_00469.jpg",0.938017393983819,0.00537055788865094,0.00293969927349942,0.00330996275664305,1.00380631585882e-05,0.0149945774951067,0.00324306610304014,0.0321147044360825
"img_00473.jpg",0.948830777979927,0.00793059696242879,0.0029111464510751,0.00291313187611442,1.0050889916762e-05,0.00308450325104287,0.00290563173200278,0.0314141608574927
"img_00483.jpg",0.944790331229308,0.0147198445725204,0.00288132676807517,0.00288245751980323,1.00287119795072e-05,0.00304863804227016,0.0030722451900991,0.0285951279659444
"img_00484.jpg",0.176007412137384,0.0632399568331956,0.0080319948726156,0.0241312714250049,1.00297207028356e-05,0.00870144952557009,0.00438260698361737,0.71549527850191
"img_00486.jpg",0.941637306658937,0.0240462566019127,0.0183216383939331,0.00609760267261048,1.00841508952252e-05,0.00306144730244959,0.00330729895247949,0.00351836526678287
"img_00487.jpg",0.000937207060342254,0.000937207060342254,0.000937207060342254,0.000937207060342254,0.993439550577604,0.000937207060342254,0.000937207060342254,0.000937207060342254
"img_00493.jpg",0.0017038168358648,0.000950023284945207,0.000950023284945207,0.000950023284945207,0.991968313569529,0.00157775316988056,0.000950023284945207,0.000950023284945207
"img_00518.jpg",0.826189646489202,0.0151800280229909,0.00342344265054291,0.00355593975184863,1.02286355709557e-05,0.00308074173747506,0.0031302801164086,0.145429692595961
"img_00533.jpg",0.311301668284381,0.0142901574570188,0.00303549704455077,0.0030181039444669,1.00319036724875e-05,0.0126701375282432,0.00615541423527508,0.649518989602392
"img_00538.jpg",0.851556651559616,0.0568766201594079,0.00300813840822513,0.00329060791921631,1.002927578236e-05,0.0169087416062707,0.00313562844212911,0.0652135826293528
"img_00543.jpg",0.982914965292453,0.00285263277580628,0.00284378209863265,0.0028437999474197,1.0028337202051e-05,0.00284379717061459,0.00284378244982097,0.00284721192805057
"img_00550.jpg",0.0325157627288975,0.00207052321617865,0.00276631701645964,0.000878433467476218,9.87507929049057e-07,0.959956392801427,0.000320636797644822,0.00149094646398751
"img_00551.jpg",0.883206607333815,0.00572805431950394,0.00307226237266811,0.00378792751944544,1.00314393850947e-05,0.0807678105677621,0.0044712713906765,0.018956035056744
"img_00564.jpg",0.00103602507440044,0.000949451808892978,0.00109397182288664,0.000949451808892978,0.992399430795403,0.00167276507173808,0.000949451808892978,0.000949451808892978
"img_00575.jpg",0.779341666469897,0.00962020497172585,0.00300475517256308,0.00293918566916229,1.00561085820732e-05,0.0113594958605367,0.00609550048598969,0.187629135261543
"img_00582.jpg",0.924454387564863,0.0374322811176082,0.00573664950171353,0.00311514183051684,1.05004159039024e-05,0.0189699461844076,0.0034534174361636,0.00682767594882375
"img_00584.jpg",0.953392409355618,0.00301698043880336,0.00797406964878915,0.00301583807670092,1.03934307223197e-05,0.0238124996488294,0.00304664506363195,0.00573116433690447
"img_00587.jpg",0.0566092662251238,0.00783780662894119,0.00406504122523396,0.00293652544558781,1.00425769680333e-05,0.0272108881990512,0.0123046334202065,0.889025796278888
"img_00590.jpg",0.107708073018833,0.053382209921833,0.00716554947854741,0.00298322272702125,1.00391623400996e-05,0.00819973115035395,0.0141189222922645,0.806432252248807
"img_00591.jpg",0.036612953013193,0.00321650115516522,0.00289901326533633,0.00289838422411375,1.00288701896284e-05,0.0167157227887963,0.00289720842159629,0.934750188261609
"img_00598.jpg",0.935928128177258,0.0167353992427428,0.00375352160284365,0.0123113720847259,1.00567007362738e-05,0.0171547653752128,0.00403913648838187,0.0100676203280988
"img_00599.jpg",0.699043451912804,0.0214441735435197,0.00992874220344204,0.00301580049235675,1.00843615350961e-05,0.00551808319198973,0.0812161388877396,0.179823525406613
"img_00612.jpg",0.89679718571928,0.00912061322863469,0.00381978424926055,0.00298020353278324,1.00940839840995e-05,0.0713777950581975,0.00941648768749375,0.00647783644036622
"img_00618.jpg",0.924831709508226,0.00944391956038781,0.00944391956038781,0.00944391956038781,0.0185047731294471,0.00944391956038781,0.00944391956038781,0.00944391956038781
"img_00620.jpg",0.889708947210992,0.00854090924265944,0.0432255292598319,0.00352662154823519,1.00295975385748e-05,0.0210115877213706,0.00420815852227079,0.0297682168971011
"img_00642.jpg",0.000984215263228207,0.000660109017338187,0.000289109005601555,0.997101995292237,9.99981318649788e-07,0.000289705387751776,0.000288676778866858,0.000385189273658242
"img_00646.jpg",0.00798480290636612,0.00341401836128364,0.00312305047598469,0.00285843243964272,1.00284837084714e-05,0.00308015610498845,0.00358463519985357,0.975944876028172
"img_00648.jpg",0.982853840567126,0.00288680225212787,0.00284897696167224,0.00284900458468948,1.00349260479491e-05,0.00284900484757984,0.00284897662103787,0.00285335923971904
"img_00650.jpg",0.0133457077886819,0.000928574421912531,0.000500594281522383,0.000520079197833683,9.8758181946076e-07,0.978864149051666,0.00442377749963553,0.00141613017692872
"img_00654.jpg",0.712919655079926,0.0292310569987004,0.0510735968641471,0.015862873482089,0.0871617872151868,0.0298963658948624,0.0263620931769665,0.0474925712881217
"img_00664.jpg",0.956254585388222,0.0168315976385475,0.00291589452726568,0.0029141816296135,1.00290416518407e-05,0.00505611127563455,0.00388015226926228,0.012137448229803
"img_00667.jpg",0.000949735621542831,0.000949735621542831,0.000972329759821805,0.000949735621542831,0.992628928474472,0.000949735621542831,0.000949735621542831,0.00165006365799254
"img_00676.jpg",0.00095232621739336,0.000990574889615168,0.00117585705383616,0.00095232621739336,0.988198861349615,0.00116770721563376,0.0012892174187703,0.00527312963774282
"img_00697.jpg",0.00284350957500308,0.00291173853402363,0.0028434363457831,0.0028433751366857,1.00283331840331e-05,0.00284337548291114,0.00284339717195035,0.982861139420459
"img_00708.jpg",0.699696857320623,0.0167524210267176,0.00982588478309824,0.00633769368934025,1.00844261186701e-05,0.189290698300641,0.0458033210495651,0.0322830394038961
"img_00716.jpg",0.00502594901507026,0.00719493522327017,0.00184416329035903,0.000328359183960245,9.81058405385086e-07,0.975079903790532,0.00126162655358821,0.00926408188481436
"img_00717.jpg",0.648343525249925,0.208985076044853,0.00314930302648832,0.00637938841995907,1.00296387583371e-05,0.119128718904963,0.00946514125479459,0.00453881746025911
"img_00718.jpg",0.976824668468658,0.00317125364614186,0.00287045650587784,0.00293742408604552,1.00286038471964e-05,0.0069110284675898,0.00287065180456139,0.00440448841727873
"img_00723.jpg",0.00882590065126203,0.000933977793113765,0.000933977793113765,0.000933977793113765,0.985570232590055,0.000933977793113765,0.000933977793113765,0.000933977793113765
"img_00724.jpg",0.0482664257134483,0.00388442275610037,0.00499201423435286,0.00331182776932768,1.0163610203104e-05,0.0205568112884615,0.307331921851165,0.611646412776941
"img_00726.jpg",0.952910907260238,0.0319802621409896,0.0028468556058921,0.00284455491195887,1.00283355965763e-05,0.003200128840015,0.00328106827723932,0.0029261946280711
"img_00729.jpg",0.857292607853619,0.094118284868292,0.00316028213383187,0.00312726889445357,1.08763162779783e-05,0.00792286312696095,0.00381788704581574,0.030549929760749
"img_00730.jpg",0.0135456067914508,0.00559065691114709,0.00320390668514373,0.00291878703139437,1.00290875756009e-05,0.00384884122108877,0.00616324674948375,0.964718925522716
"img_00757.jpg",0.955159092063674,0.0033786116828087,0.00794368738625631,0.00714800698078959,1.00314755786849e-05,0.0169710077031828,0.00292994727780124,0.00645961542990912
"img_00760.jpg",0.00504221142448659,0.000468989787228677,0.00042988154829803,0.992969625130474,9.96483871974019e-07,0.000307842299273365,0.000292871353169078,0.000487581973197801
"img_00763.jpg",0.000946181474976341,0.000946181474976341,0.000946181474976341,0.000946181474976341,0.993097011810117,0.000946181474976341,0.000946181474976341,0.0012258993400252
"img_00764.jpg",0.00384457839267304,0.0054548758692475,0.00597924433606672,0.00286033790410883,1.00285008420095e-05,0.00286541419239525,0.00286018571164806,0.976125335093019
"img_00765.jpg",0.0518042848825071,0.374137918147478,0.00328160842270688,0.0199160435418274,1.00306348019795e-05,0.186198706062729,0.0125983754447391,0.35205303286321
"img_00772.jpg",0.0466311185833358,0.0126769123372563,0.484065861384223,0.00290127079710262,1.00291324384604e-05,0.120303193402155,0.00370770690082804,0.329703907462661
"img_00773.jpg",0.912170289885081,0.00968084879023737,0.025754029832593,0.0107399453284094,0.00968084879023737,0.0126123397929671,0.00968084879023737,0.00968084879023737
"img_00777.jpg",0.732930996640381,0.017152451872656,0.00393470082609715,0.00295784465189162,1.00953603306133e-05,0.234284027316279,0.00568977684793627,0.00304010648442899
"img_00780.jpg",0.0037310695835521,0.00292150188088724,0.00476897280594802,0.00287838339520258,1.00286832042453e-05,0.0269655860206153,0.0043858433879697,0.954338614242621
"img_00798.jpg",0.911321961668121,0.0366213330044994,0.00556316190773049,0.0290215887032221,1.01224107350351e-05,0.00667077237090002,0.00398907241152524,0.00680198752326685
"img_00808.jpg",0.917645958432196,0.0503686009358322,0.00290643065806441,0.00293305726979376,1.00288153499643e-05,0.00427451578493779,0.00289198068565696,0.0189694274181691
"img_00816.jpg",0.947417650937753,0.00318740054013044,0.00290835081195892,0.00290329193309201,1.00474854926208e-05,0.00394647127357542,0.00437077029775207,0.0352560167202454
"img_00828.jpg",0.000943016545079258,0.000943016545079258,0.000990802922946392,0.000943016545079258,0.993351097806578,0.000943016545079258,0.000943016545079258,0.000943016545079258
"img_00833.jpg",0.715047796003842,0.0118572824373885,0.00811459633294217,0.00456910556075222,1.00869285954488e-05,0.138287039197976,0.0472465663787508,0.0748675271597525
"img_00837.jpg",0.851194584030176,0.0846281996408112,0.00470825385693984,0.0034432307806971,1.00703492699666e-05,0.0463920308365739,0.00299365220402994,0.00662997830150249
"img_00855.jpg",0.90054175751461,0.0129013494765336,0.00642398806785804,0.00298887401520148,1.00872406060502e-05,0.0482878225948959,0.00570827489880831,0.0231378461914867
"img_00857.jpg",0.979209598158959,0.00538845509611605,0.00289425683571307,0.00289383922501721,1.00473014868487e-05,0.00296705533683071,0.00299220620727269,0.00364454183860418
"img_00858.jpg",0.96837131594955,0.00401729535882555,0.00291233288537785,0.00291067907686061,1.00353280750524e-05,0.00543123199084693,0.00354943611773793,0.012797673292726
"img_00865.jpg",0.929355277060941,0.048638050440723,0.00317991263581016,0.0028908298101152,1.0028804472685e-05,0.0071069880057119,0.00327092884305429,0.00554798439917157
"img_00876.jpg",0.000950169026938995,0.000950169026938995,0.00100508243795715,0.000950169026938995,0.99025336427108,0.00140586938601412,0.0011951005144534,0.00329007630967791
"img_00889.jpg",0.00956090727112374,0.00956090727112374,0.183319474245042,0.00956090727112374,0.00956090727112374,0.00956090727112374,0.00956090727112374,0.759315082128216
"img_00894.jpg",0.588269633158606,0.0133649163691661,0.0145602095160316,0.0199810239906161,0.290465644770444,0.012062577704569,0.0100198855599369,0.0512761089306311
"img_00902.jpg",0.00350531441573946,0.00339552203686523,0.00296598414626017,0.00290549328996348,1.00367546539044e-05,0.00451967194133091,0.979607511868605,0.00309046554658232
"img_00914.jpg",0.00283820937794566,0.00283931954945121,0.00283819293570104,0.0028381928685908,1.0028281319471e-05,0.00283819288402691,0.00283819287197247,0.982959671230992
"img_00921.jpg",0.892281192365531,0.00312646900094047,0.00410037534915332,0.00297034542375191,1.00909070793679e-05,0.0477191952219256,0.0184111079901922,0.0313812237414259
"img_00927.jpg",0.0942668976658383,0.0300446429027798,0.00577976358872093,0.003202738325887,1.00413953310607e-05,0.0101861105574532,0.0197194437527752,0.836790361811214
"img_00943.jpg",0.954641028009826,0.0240366480016264,0.00286779027974271,0.00290507415837772,1.0028577086269e-05,0.00288720984915589,0.00345260582093524,0.00919961530324933
"img_00948.jpg",0.497808740684129,0.0112468560556511,0.0166087776796503,0.00992122506359673,0.356983405228706,0.0397064799288424,0.0140232910480515,0.0537012243113727
"img_00950.jpg",0.000937207060342254,0.000937207060342254,0.000937207060342254,0.000937207060342254,0.993439550577604,0.000937207060342254,0.000937207060342254,0.000937207060342254
"img_00959.jpg",0.960194161463059,0.00298485087134915,0.00284853884718871,0.00284836864402518,1.0045892385778e-05,0.00891234723878231,0.00290297503394491,0.0192987120092654
"img_00962.jpg",0.0746869518475722,0.00337847546646158,0.00435787577499316,0.00285354101574679,1.00284360094678e-05,0.00300852910883528,0.00339734790880962,0.908307250441572
"img_00964.jpg",0.00288923508033555,0.0108458951663168,0.964167639338805,0.00288923428987598,1.00287916934439e-05,0.00288923490787856,0.00346786797140516,0.0128408644536895
"img_00966.jpg",0.777971295099841,0.00971342103328463,0.00971342103328463,0.00986293882145423,0.123877013229411,0.00971342103328463,0.00971342103328463,0.049435068716155
"img_00974.jpg",0.908509580763583,0.00809092475562771,0.00336317746394297,0.00292679781816276,1.00290252744096e-05,0.0608134038793832,0.00292414194401994,0.0133619443500058
"img_00979.jpg",0.00521728791258191,0.00306437759691896,0.0125816516841946,0.00288939002443472,1.00287931733228e-05,0.00439336837515901,0.00292908997305013,0.968914805640487
"img_00982.jpg",0.68827246527506,0.182958386759901,0.010574332048955,0.00499699504603648,1.04302900374346e-05,0.0158336178763458,0.0081764942056149,0.0891772784980494
"img_00985.jpg",0.687393442039447,0.0316751860366904,0.00412504372619575,0.00451122568622815,1.00537819591415e-05,0.076815258590978,0.0130295864220045,0.182440203716497
"img_00999.jpg",0.731044170383724,0.0161594191609179,0.00326166974572318,0.00293908420170957,1.00292361005241e-05,0.00800995909874326,0.0306307479396196,0.207944920233462
"img_01022.jpg",0.960488406026212,0.00357501758638727,0.00315758033967856,0.00427961886175119,1.01479586327714e-05,0.0222924589905495,0.00296380622794238,0.00323296400884645
"img_01031.jpg",0.832499307962072,0.00330975379472845,0.00459900208427809,0.00302077116757695,1.00667243508952e-05,0.149490405726789,0.00401699618188878,0.00305369635831545
"img_01035.jpg",0.739582727374328,0.00577004044563234,0.00546921076507294,0.00300635254795113,1.00596400797057e-05,0.236940343215217,0.00624982397164173,0.00297144204007677
"img_01043.jpg",0.000937857360433812,0.000937857360433812,0.000937857360433812,0.000937857360433812,0.993434998476963,0.000937857360433812,0.000937857360433812,0.000937857360433812
"img_01058.jpg",0.953525743421932,0.00319424593669696,0.00315041669607578,0.00314672560848825,1.07225128998342e-05,0.00314876797382563,0.00314692489907915,0.0306764529510028
"img_01059.jpg",0.0492086913561534,0.0139146616885697,0.0029480049072597,0.00294778663447253,1.00339369927162e-05,0.0320837372151087,0.00854307866732929,0.890344005594114
"img_01090.jpg",0.000950092512912571,0.00247451628951728,0.00120073359820234,0.000950092512912571,0.990413822311615,0.00097305864164995,0.00177688797498828,0.0012607961582024
"img_01102.jpg",0.187566210532762,0.669683369378602,0.00348426537875197,0.0310421494537334,1.00363903203568e-05,0.00293893521813848,0.00293730929254305,0.102337724355149
"img_01103.jpg",0.0194120819163306,0.0409589414815969,0.00377030711818393,0.00299115933488115,1.00291802507178e-05,0.0037423712854035,0.00335971658516574,0.925755393098188
"img_01116.jpg",0.834123266864282,0.088621239745172,0.00391739742613204,0.00402115553689074,1.0029048545512e-05,0.0259202175636874,0.00294592099912891,0.040440772816161
"img_01134.jpg",0.934851815551972,0.00302694419730399,0.00431091238155552,0.00415474802862727,1.00292256947096e-05,0.0171156182091217,0.00297415348821438,0.0335557789175107
"img_01142.jpg",0.909642735290013,0.00968634672847635,0.0108108211925495,0.00968634672847635,0.023348490010013,0.0174525665935186,0.00968634672847635,0.00968634672847635
"img_01168.jpg",0.00303380517055318,0.00624131800110361,0.00164772454571949,0.00273902105100306,0.00235530037835333,0.978593710403192,0.0033561300215534,0.00203299042852246
"img_01171.jpg",0.000947622982263912,0.000947622982263912,0.000947622982263912,0.000947622982263912,0.992691442174954,0.000947622982263912,0.000947622982263912,0.00162281993146279
"img_01177.jpg",0.903970468389232,0.00975017469928923,0.0216925504633607,0.0116519460825331,0.0192997671986221,0.0130272389583965,0.0103553439095621,0.0102525102990039
"img_01179.jpg",0.975970108703213,0.00293362554046761,0.00291590746313295,0.00341909102036895,1.0061224035317e-05,0.00891500427764788,0.00291540392690167,0.00292079784423216
"img_01188.jpg",0.102688237716269,0.368563825186391,0.00360060763294887,0.0118076340165012,1.00425108994742e-05,0.288245041097167,0.00888421744235835,0.216200394397464
"img_01198.jpg",0.00120689805873124,0.00132336268995339,0.00154045480652335,0.000936710446664766,0.974295142037945,0.000981562934420696,0.0183042137927294,0.00141165523303221
"img_01204.jpg",0.000948118513394132,0.000948118513394132,0.000948118513394132,0.000948118513394132,0.992564407043042,0.000948118513394132,0.000948118513394132,0.00174688187659278
"img_01208.jpg",0.000937207060342254,0.000937207060342254,0.000937207060342254,0.000937207060342254,0.993439550577604,0.000937207060342254,0.000937207060342254,0.000937207060342254
"img_01211.jpg",0.977098042820691,0.00858232254120582,0.00284851387030465,0.00290897008564749,1.00283837131177e-05,0.00284860959419653,0.00284840962007635,0.00285510308416487
"img_01213.jpg",0.877935658372222,0.0640395402200122,0.00330135873743756,0.00899399661025842,1.00411897292421e-05,0.0160722107867435,0.00295572891514126,0.0266914651684554
"img_01222.jpg",0.763005967725842,0.0944570015908731,0.00340981639976876,0.019761666959833,1.00296675615462e-05,0.0137472627976916,0.00799659181168659,0.0976116630467434
"img_01224.jpg",0.0126034523023611,0.0070790211767431,0.145255715525237,0.00292355571514457,1.00291388450669e-05,0.0041405831497728,0.00332580566219447,0.824661837329702
"img_01237.jpg",0.00223512655509495,0.000945167969250857,0.000945167969250857,0.000945167969250857,0.988623468696906,0.000961005422323242,0.000983984726775145,0.00436091069114774
"img_01249.jpg",0.00257475532193698,0.00132352991669098,0.0017330692853833,0.000991367672466206,0.990512021349815,0.000955085484569035,0.000955085484569035,0.000955085484569035
"img_01253.jpg",0.00283819403038222,0.00283820590674595,0.00283819377102357,0.00283819288146545,1.00282813595471e-05,0.00283819292150961,0.00283819291337815,0.982960799294135
"img_01286.jpg",0.0674979935816251,0.00637721800964669,0.00303116543322774,0.00303117368888789,1.03218531018122e-05,0.00616862264283234,0.00303116608041697,0.910852338710261
"img_01289.jpg",0.0520079820215206,0.0329721466421699,0.00297573875606236,0.00347652211694749,1.00295134751166e-05,0.0271283690866327,0.00928062964097451,0.872148582222217
"img_01325.jpg",0.00120532813650082,0.00298529003840594,0.0012157105476597,0.000952303803915403,0.989585709630291,0.00098345078394752,0.00166968697886598,0.00140252008041365
"img_01328.jpg",0.929101758233563,0.0493202831970818,0.00289611364853371,0.00441274246768241,1.00288320496323e-05,0.00557034025969403,0.0028933193658269,0.00579541399556886
"img_01366.jpg",0.0359704399534575,0.000553481766440002,0.00121258901456657,0.000853629787876923,9.64961087736819e-07,0.959741770522932,0.000339103575695703,0.00132802041794386
"img_01371.jpg",0.9656434779376,0.00465981554933346,0.00449809523068089,0.00298062592677108,1.02390559244434e-05,0.00398145381120172,0.00351530665743218,0.0147109858310561
"img_01373.jpg",0.00145857113422924,0.000956802771522269,0.00267102453673712,0.000956802771522269,0.990569204884261,0.00147398835868395,0.000956802771522269,0.000956802771522269
"img_01377.jpg",0.00215887747664493,0.000944518377906068,0.00105181571963009,0.000944518377906068,0.992066714914195,0.000944518377906068,0.000944518377906068,0.000944518377906068
"img_01379.jpg",0.884910273575476,0.0135563902133901,0.0213406891544994,0.00300718695936215,1.00290160761683e-05,0.0469318804113185,0.00294064777056586,0.0273029028993123
"img_01384.jpg",0.0287410172268117,0.001531267395509,0.00220773357424167,0.000559613085758413,9.9082366532618e-07,0.965145924431711,0.000302683271748771,0.00151077019055374
"img_01388.jpg",0.929603921468913,0.0472026038238715,0.00292587123787477,0.00292587025030941,1.00348064417768e-05,0.0062011589008023,0.0029295245777645,0.00820101493402238
"img_01392.jpg",0.00291900523522482,0.013299667439145,0.925395427226024,0.00289436793026796,1.00288461452593e-05,0.00289616165519549,0.00356967337662207,0.0490156682913756
"img_01399.jpg",0.00318179354877827,0.867815715758903,0.00370693269396803,0.00287436822169886,1.00286691711292e-05,0.00336354075244554,0.00288798567922589,0.116159634675809
"img_01404.jpg",0.9735269620433,0.00585498599257734,0.00291470931377867,0.0053919840595844,1.00434435559751e-05,0.00642130397463009,0.00291454933198923,0.00296546184058401
"img_01405.jpg",0.925452174961921,0.00701383267194508,0.0031201605207102,0.0036095552910244,1.00791701184762e-05,0.0549378000312294,0.00291805387533896,0.0029383434777124
"img_01413.jpg",0.979518113934832,0.00324242044744313,0.00294089243498505,0.00294088852766993,1.01355808675114e-05,0.00540466819583932,0.00294089561821579,0.00300198526014748
"img_01426.jpg",0.166968026275868,0.309043068179473,0.00334033166887029,0.00292881798705487,1.0029050133917e-05,0.038682104093082,0.390747867484973,0.0882797552605452
"img_01431.jpg",0.00322988936851958,0.000468076814208008,0.000491588793358843,0.994637702225297,9.99268511416172e-07,0.000291239763351516,0.000291239695362009,0.000589264071391599
"img_01441.jpg",0.00287227638624775,0.00284865565227075,0.00284765927641279,0.00284620775095476,1.00283615716641e-05,0.0028462076806434,0.00284641377690395,0.982882551114995
"img_01444.jpg",0.199833411298495,0.0035336014157972,0.00297848158341094,0.00291849110849971,1.00290758409061e-05,0.00997365504435579,0.00425731520905597,0.776495015264545
"img_01490.jpg",0.00359999631670615,0.0029137678213763,0.016231238018477,0.00286592485177748,1.00285587493013e-05,0.00318998620736067,0.00286631605922593,0.968322742166327
"img_01495.jpg",0.74346702399318,0.0152702183897447,0.00330748062696848,0.00323907941764012,1.00291475160772e-05,0.0105321073015027,0.00302451827827878,0.221149542845169
"img_01505.jpg",0.00094626184824689,0.00094626184824689,0.00094626184824689,0.00094626184824689,0.992964162987471,0.00094626184824689,0.00094626184824689,0.00135826592304736
"img_01511.jpg",0.939169732730085,0.00952045093474995,0.0319995663688146,0.00290361771366814,1.00321191382029e-05,0.00588762284173289,0.00290332563174867,0.00760565166006219
"img_01519.jpg",0.42061489660389,0.0248359377128588,0.00468522084110202,0.00429202517450179,1.00430485791712e-05,0.231807433257233,0.0366712582305088,0.277083185131327
"img_01530.jpg",0.953778633317479,0.0175643425978409,0.00300204190384946,0.00311162832282078,1.01924053586251e-05,0.00410588023614678,0.0031923362277621,0.0152349449887423
"img_01537.jpg",0.891943025286366,0.00533303334748455,0.0119338265324105,0.00293499158070285,1.00673908846256e-05,0.0493063129178798,0.00479855903066543,0.0337401839136066
"img_01538.jpg",0.93553303903643,0.0187277743212969,0.00348282596428935,0.0028985653631693,1.00288844117063e-05,0.0311556725838593,0.00294582671730094,0.00524626712924211
"img_01541.jpg",0.000941062414606501,0.000941062414606501,0.000941062414606501,0.000941062414606501,0.993412563097754,0.000941062414606501,0.000941062414606501,0.000941062414606501
"img_01543.jpg",0.978805800485429,0.00289050554107617,0.00286321034752176,0.00286317469145544,1.00590170235098e-05,0.00289802589818286,0.00286316322993804,0.00680606078937336
"img_01548.jpg",0.966437976731477,0.00292616441317113,0.00293419336712615,0.00292474182469147,1.01069854054921e-05,0.0150769124049912,0.00316281675348195,0.00652708751965517
"img_01552.jpg",0.982296791575704,0.00299486929155424,0.00285962888623977,0.00285936207660765,1.00284931913587e-05,0.0032568106899329,0.00285938130778919,0.00286312767898108
"img_01561.jpg",0.000944272927635731,0.000944272927635731,0.000944272927635731,0.000944272927635731,0.993357827313032,0.000976535121154005,0.000944272927635731,0.000944272927635731
"img_01562.jpg",0.730031600414837,0.00889897473797943,0.00344403081670437,0.00301033415503778,1.00544944028087e-05,0.0175855628220421,0.0580346949545897,0.178984747604406
"img_01571.jpg",0.97095498117228,0.0111577745113809,0.00288201267485266,0.00288132810813995,1.00287125047266e-05,0.00289015839015587,0.0036910927830994,0.00553262364758671
"img_01593.jpg",0.581624416146929,0.194824928832383,0.00642472750900301,0.00305599926151806,1.00349168990444e-05,0.0306455948024092,0.0160627829963606,0.167351515534498
"img_01595.jpg",0.00237486580611449,0.000939329837390491,0.000939329837390491,0.000939329837390491,0.991989155169543,0.000939329837390491,0.000939329837390491,0.000939329837390491
"img_01616.jpg",0.950054543270266,0.0268059463876957,0.00292877518948764,0.00292520737640816,1.0075890091524e-05,0.00466397112106469,0.00299473416166195,0.00961674660332453
"img_01618.jpg",0.944593635967534,0.00397043788037725,0.00295571516847138,0.00312939061128765,1.00311227742562e-05,0.0365659641615494,0.00320409211419126,0.00557073297381466
"img_01627.jpg",0.918219476861091,0.0420091107280616,0.00293498580496302,0.00343792552449191,1.00290613637177e-05,0.0233940713519694,0.00314180184245754,0.00685259882560147
"img_01632.jpg",0.919650941055786,0.00948927147163733,0.00948927147163733,0.00948927147163733,0.0234134301143896,0.00948927147163733,0.00948927147163733,0.00948927147163733
"img_01633.jpg",0.847996812436949,0.00472285596937842,0.0038051186234892,0.00390191824411083,1.00767866504119e-05,0.113131458772189,0.00965456122935486,0.0167771979378786
"img_01640.jpg",0.982882923955351,0.00286642641230184,0.0028467599962129,0.00284677597060932,1.00397843958201e-05,0.00284692879448857,0.00284675925867445,0.00285338582796653
"img_01646.jpg",0.962204669172621,0.0157394363715873,0.00290018476772162,0.00290015782984924,1.00289013181348e-05,0.00704793642365425,0.00290031992654608,0.00629726660670236
"img_01647.jpg",0.00203063908907507,0.000939047052838169,0.000939047052838169,0.000939047052838169,0.992335078593896,0.000939047052838169,0.000939047052838169,0.000939047052838169
"img_01649.jpg",0.906627187136647,0.0527917166316,0.00447127554563816,0.00497679621820552,1.05639309157413e-05,0.0145922419690002,0.012306753183525,0.00422346538446811
"img_01657.jpg",0.110012431714037,0.00960021614104941,0.406198171733467,0.00288283090831059,1.00287291552306e-05,0.00644620581478062,0.00291319421990273,0.461936920739297
"img_01669.jpg",0.00380136810913944,0.000545109521026543,0.000515276359526558,0.993931686682088,9.99929573895616e-07,0.000291160048165515,0.000346470103480526,0.000567929246999617
"img_01673.jpg",0.67041873697742,0.0106970863043321,0.00984318318133426,0.0102039298152044,0.242195430297171,0.0197254735287369,0.0203709168579828,0.0165452430378184
"img_01681.jpg",0.0745196007187988,0.0092951998031655,0.00290805116178776,0.00289892552886735,1.00541740310872e-05,0.0060175869866253,0.00325222813480024,0.901098353491924
"img_01684.jpg",0.930496000435894,0.0120214512244281,0.0029871184849588,0.00495082705919111,1.00292771728305e-05,0.0155475418230102,0.00293790406922184,0.0310491276261234
"img_01685.jpg",0.158139994419799,0.0298762287836706,0.114998388565046,0.0363909327174461,0.209468665274851,0.374247212768875,0.0109674037830807,0.0659111736872317
"img_01687.jpg",0.641024248142748,0.00383586594004961,0.00381950204696106,0.00294168905256992,1.00293106577757e-05,0.00296553227930994,0.00627065568589447,0.339132477541809
"img_01688.jpg",0.0482853850891266,0.0349213603656061,0.0029504163507071,0.00319320682417246,1.00294037868872e-05,0.0247551646835519,0.00742895608153069,0.878455481201518
"img_01689.jpg",0.00396536028991187,0.00408860959329204,0.0113433046260397,0.00290690271832979,1.00289689952307e-05,0.0161947735040482,0.00567609158204702,0.955814928717336
"img_01716.jpg",0.000938770128062917,0.000938770128062917,0.000938770128062917,0.000938770128062917,0.99342860910356,0.000938770128062917,0.000938770128062917,0.000938770128062917
"img_01717.jpg",0.00943273221642512,0.000933275392141661,0.000933275392141661,0.000933275392141661,0.984967615430725,0.000933275392141661,0.000933275392141661,0.000933275392141661
"img_01724.jpg",0.940010096519604,0.00349780660377864,0.00747046857822423,0.00293436326143569,1.00715078028279e-05,0.00977332681827997,0.00339729734633451,0.0329065693645401
"img_01745.jpg",0.912521838034006,0.0260016829856562,0.023836937734804,0.00987202151795962,1.01320722624656e-05,0.0193502531932262,0.00354065624933434,0.00486647821275157
"img_01771.jpg",0.935329688486263,0.0270850864657408,0.00314986417261548,0.00753173145009988,1.00294622310322e-05,0.00640573044835679,0.00295627617792686,0.0175315933367666
"img_01773.jpg",0.784313548560258,0.00841123386367954,0.00362226902753666,0.0029585324057127,1.00310363706121e-05,0.00536110070897418,0.0186209148033515,0.176702369594117
"img_01781.jpg",0.00400294404569998,0.00112852048331633,0.00102458101719,0.00095052259287453,0.989975130907295,0.00101725576787461,0.00095052259287453,0.00095052259287453
"img_01782.jpg",0.00151393047167837,0.000937378043693835,0.000937378043693835,0.000937378043693835,0.992861801266159,0.000937378043693835,0.000937378043693835,0.000937378043693835
"img_01802.jpg",0.705119701374265,0.00959119320024824,0.00959119320024824,0.00959119320024824,0.237053432287766,0.00959119320024824,0.00959119320024824,0.00987090033672736
