"image","ALB","BET","DOL","LAG","NoF","OTHER","SHARK","YFT"
"img_00005.jpg",0.000937207060342254,0.000937207060342254,0.000937207060342254,0.000937207060342254,0.993439550577604,0.000937207060342254,0.000937207060342254,0.000937207060342254
"img_00007.jpg",0.0661890499921092,0.0189526059139844,0.0055259415052341,0.00483175642016496,1.00293366802042e-05,0.00383213045669039,0.00304772245318609,0.897610763921951
"img_00009.jpg",0.846371782771601,0.0674115889200556,0.00594426529444883,0.00299344666219229,1.00288961001217e-05,0.0694461108684884,0.00290099324013894,0.00492178334697452
"img_00018.jpg",0.698884300091263,0.0732221449057542,0.00328069205871184,0.0105892679351553,1.00295122129361e-05,0.202825522754333,0.00296235617991096,0.00822568656265858
"img_00027.jpg",0.271559307737459,0.0287327958040745,0.00883005794068117,0.00345103078299079,1.01039018835788e-05,0.145426311896892,0.0111092387716594,0.53088115316436
"img_00030.jpg",0.00143879521121365,0.000943459458995786,0.000943459458995786,0.000943459458995786,0.992900448034812,0.000943459458995786,0.000943459458995786,0.000943459458995786
"img_00040.jpg",0.169168763661176,0.0092812380237784,0.004359669781625,0.00300537825119171,1.00743355641108e-05,0.0063809025551364,0.761955510722442,0.0458384626690863
"img_00046.jpg",0.695498477833725,0.00950627539220801,0.00950627539220801,0.00950627539220801,0.247463869813027,0.00950627539220801,0.00950627539220801,0.00950627539220801
"img_00053.jpg",0.946241908912496,0.0175707515130496,0.0136839266386509,0.00393945699544935,1.00696275263246e-05,0.00865002386227026,0.00308791728405462,0.00681594516650255
"img_00071.jpg",0.000569669042832134,0.000287222338845465,0.000285239112357102,0.997992218021711,1.00083384628966e-06,0.000285000871604501,0.000285024425989287,0.000294625352814504
"img_00075.jpg",0.888894435411974,0.0491793049589818,0.00299264993435806,0.00317528602695026,1.019632047727e-05,0.0477781930112984,0.00300246784589857,0.0049674664900615
"img_00102.jpg",0.319548475561416,0.0144578827394228,0.00339711151277311,0.00321106029283595,1.00296356095248e-05,0.0413473295281283,0.00917014601075835,0.608857964719056
"img_00103.jpg",0.820839360845116,0.0689817298572203,0.0597874063052439,0.002918125721759,1.00289231943742e-05,0.0118711535451854,0.00301968223704406,0.0325725125652371
"img_00109.jpg",0.976901675021474,0.00388289242120592,0.00361021907479547,0.00286804574454445,1.00285610231888e-05,0.00376720626962819,0.00322853761935153,0.00573139528797769
"img_00119.jpg",0.000951076479742733,0.000951076479742733,0.00128053150868325,0.000951076479742733,0.986979137469394,0.00128728350824362,0.00131494340022624,0.00628487467422502
"img_00120.jpg",0.647807041844637,0.0144278745344727,0.00314225678527647,0.00298270698058685,1.00341331740792e-05,0.0155069647563909,0.0525118652320826,0.263611255733379
"img_00125.jpg",0.784533431241938,0.00623494133007779,0.00880168714294205,0.00560942374745356,1.00297502228539e-05,0.0202484115843666,0.00582162833240257,0.168740446870597
"img_00128.jpg",0.00347822614105789,0.0277519052392251,0.232269165194203,0.00291551545057722,1.00290625717414e-05,0.0032028354496337,0.00335954622852725,0.727012777234204
"img_00129.jpg",0.21521886248852,0.00943204591456216,0.00357265518988989,0.00302917619248053,1.0090115180952e-05,0.00934676572391823,0.694664641904938,0.0647257624705103
"img_00133.jpg",0.00372778425021057,0.000948269733342509,0.00095316330281442,0.000948269733342509,0.990131607774298,0.00139436573930705,0.000948269733342509,0.000948269733342509
"img_00138.jpg",0.840825975338532,0.137301557765789,0.00535953578352407,0.00480955106249442,1.00353753214226e-05,0.00320919857196821,0.003056153539795,0.00542799256257516
"img_00141.jpg",0.00287778858362454,0.00819698422983089,0.00738949803633524,0.00287767502487902,1.00286762971553e-05,0.00287767611142705,0.00287769417409225,0.972892655163514
"img_00152.jpg",0.0073728794190948,0.00496641118916483,0.00289921244551038,0.00289420318180705,1.00360545355045e-05,0.00411637097631573,0.00346816438230992,0.974272722351262
"img_00161.jpg",0.00283820444520695,0.00283822196138635,0.00283819966904609,0.00283819290134883,1.00282813297582e-05,0.00283819311339761,0.00283819324025585,0.982960766388029
"img_00164.jpg",0.000942153574512504,0.000942153574512504,0.000942153574512504,0.000942153574512504,0.992957496409586,0.000942153574512504,0.000942153574512504,0.00138958214333934
"img_00170.jpg",0.0201282374809263,0.00124325064683155,0.00028976304148458,0.951025914311639,9.54007501858824e-07,0.00150935332574378,0.000457473505214761,0.0253450536806585
"img_00171.jpg",0.565314033084415,0.0108302343977345,0.0528520701265963,0.0245560041691416,1.01151991632195e-05,0.336330797811478,0.00475178511213892,0.00535496009933258
"img_00172.jpg",0.000937207060342254,0.000937207060342254,0.000937207060342254,0.000937207060342254,0.993439550577604,0.000937207060342254,0.000937207060342254,0.000937207060342254
"img_00175.jpg",0.0480756023790275,0.00141860423230938,0.00120448817387434,0.000909523251441927,9.52505431614334e-07,0.946785611521412,0.000404451291547377,0.00120076664495568
"img_00180.jpg",0.00667198251372894,0.00356732322314063,0.00344846187607403,0.00291660943870776,1.00293094031017e-05,0.00352029698953897,0.00370562351118157,0.976159673138225
"img_00196.jpg",0.00209582939423607,0.00135396855343228,0.00109495296703713,0.000961508075503169,0.991489777027426,0.00101412423901785,0.000965179847321073,0.00102465989602682
"img_00212.jpg",0.357336077305574,0.00478172648862167,0.00295882533812075,0.012600091286107,1.00287865970235e-05,0.00373972484013729,0.00294929372228977,0.615624232232553
"img_00223.jpg",0.830090940765524,0.0140389927014401,0.0946076565852523,0.00841108955689053,1.00297809050392e-05,0.0286318619686643,0.00631897699738834,0.0178904516439358
"img_00230.jpg",0.818706760130393,0.106501917529522,0.00333946422156541,0.00292975130809529,1.00290749979104e-05,0.0397828585580435,0.00294333822128636,0.025785880956097
"img_00232.jpg",0.00415662925020757,0.00302765326407401,0.00289972011370561,0.00289943006013112,1.00317795597091e-05,0.00424619579102028,0.97949699928204,0.0032633404592613
"img_00244.jpg",0.786632991991091,0.062535066409768,0.00311792227622536,0.00310536814116967,1.00294812940613e-05,0.0339788404255389,0.00383003474922779,0.106789746525685
"img_00272.jpg",0.845093047007447,0.00404180923078705,0.086897807444124,0.0170237287330815,1.0101804114526e-05,0.0166158525621909,0.00303497989412726,0.0272826733241281
"img_00280.jpg",0.970740797735198,0.00384096251579632,0.00341185125900404,0.00300527728212714,1.02814054563592e-05,0.00492101678235723,0.00379866946469126,0.0102711435553697
"img_00282.jpg",0.579118054276332,0.0189352643918329,0.0106863656384839,0.0316674507681671,1.01009550076806e-05,0.340331983819826,0.00367330829746941,0.0155774718528815
"img_00285.jpg",0.512792468745799,0.0139023014800098,0.00475430452576292,0.00329082814721473,1.00606886259987e-05,0.0106866918702144,0.0183709893749119,0.436192355167462
"img_00289.jpg",0.95129689907431,0.0143904937379316,0.00700630955812382,0.0028454645157217,1.00359355448437e-05,0.00284901860089594,0.00287273039320677,0.0187290481842652
"img_00292.jpg",0.655702414141324,0.0515023953404579,0.0130702502767227,0.00407423555073402,1.0081757006041e-05,0.0581777596240387,0.0241352740500034,0.193327589259713
"img_00302.jpg",0.213536732065146,0.00889549538282947,0.00348410695653653,0.00302151987214016,1.01279080874211e-05,0.00857374156106795,0.727167679629593,0.0353105966245995
"img_00311.jpg",0.979112333614955,0.00662825998751663,0.00284599406187655,0.00284612107590655,1.00357988153948e-05,0.00284607193275333,0.0028459950323015,0.0028651884958747
"img_00320.jpg",0.979433639790046,0.00345002775414716,0.00290470829002094,0.00288492946321701,1.00367432194067e-05,0.00502892936998456,0.0032788429381344,0.00300888565123009
"img_00331.jpg",0.898377306392077,0.0168533936694236,0.00313906574296914,0.00295712122232993,1.00611993751811e-05,0.0306679906588004,0.0211572366431746,0.0268378244718505
"img_00358.jpg",0.319094232480381,0.0194480208349583,0.00304505633982989,0.00299695377356311,1.00294816988319e-05,0.0197788193637418,0.0216153122475582,0.614011575478269
"img_00374.jpg",0.717257571596906,0.0303711335187142,0.00357468966645579,0.00352294306492774,1.00292324466339e-05,0.00867163792368984,0.00325947885831513,0.233332516138545
"img_00375.jpg",0.0211885053991125,0.021627574404206,0.915961679694072,0.00547562316324324,1.00334891910176e-05,0.0147844990422896,0.00502463962610837,0.0159274451817768
"img_00376.jpg",0.955212808431554,0.00879918684905287,0.00666061502756123,0.00297584387952943,1.00433776316776e-05,0.0132482778988744,0.00634793612616601,0.00674528840963063
"img_00380.jpg",0.947898274126399,0.0103870984666343,0.00347331162719829,0.00347244507720576,1.00288760432976e-05,0.025643125082538,0.00296945689673265,0.00614625984724878
"img_00383.jpg",0.937756427426837,0.00648348793451672,0.0028514284524365,0.00286145657018158,1.00284085872901e-05,0.0028511394857606,0.00285103545311916,0.0443349962685612
"img_00398.jpg",0.967262546706825,0.00589543120688501,0.00288349112954819,0.00288395657846361,1.00434003674524e-05,0.00357203008956473,0.00289125437559774,0.0146012465127487
"img_00407.jpg",0.960499157759941,0.0221969694683628,0.00297612244422554,0.00288881391507228,1.00287354448546e-05,0.0045534305267808,0.00294594792405168,0.00392952922612112
"img_00417.jpg",0.209963197071902,0.00536198714011287,0.00285579353826643,0.00452649835059094,1.00283734703018e-05,0.00292446961492946,0.0028710499334309,0.771486975977297
"img_00432.jpg",0.32966746851473,0.0192347628582816,0.0771851534157729,0.0238427812710879,0.117845194462818,0.356508885562987,0.00995264753381058,0.0657631063805121
"img_00442.jpg",0.00283913093707758,0.00283942841073419,0.00283889978489367,0.0028387471942482,1.00282869475148e-05,0.00283874722411609,0.00283875336197296,0.98295626480001
"img_00446.jpg",0.943220116050906,0.00437974026301634,0.00294388642562738,0.00482085187184203,1.00363619608021e-05,0.0183516976056032,0.00294573327288662,0.0233279381481572
"img_00469.jpg",0.940363094016392,0.00567736485964869,0.00294228088163762,0.00323114655408656,1.00380685027576e-05,0.0151908121223456,0.00326697277053701,0.0293182907268495
"img_00473.jpg",0.963648213670537,0.00851336194149583,0.00293368815927515,0.00293684282616778,1.00509006120713e-05,0.00308052559798053,0.002913113116675,0.0159642037872567
"img_00483.jpg",0.965926464629259,0.0160173925524422,0.00288122780794685,0.00288269164428233,1.00287120050733e-05,0.00304896140356998,0.00303093922888786,0.00620229402160704
"img_00484.jpg",0.181044681612192,0.0676413680758142,0.00803198793087123,0.024130610466282,1.00297205717385e-05,0.00870103029217593,0.00438098318105192,0.706059308721041
"img_00486.jpg",0.937004675804627,0.027658415134882,0.0184239744383109,0.00625775951378975,1.00841996079966e-05,0.00311174072100384,0.00331023508130919,0.00422311510646922
"img_00487.jpg",0.000937207060342254,0.000937207060342254,0.000937207060342254,0.000937207060342254,0.993439550577604,0.000937207060342254,0.000937207060342254,0.000937207060342254
"img_00493.jpg",0.0017038168358648,0.000950023284945207,0.000950023284945207,0.000950023284945207,0.991968313569529,0.00157775316988056,0.000950023284945207,0.000950023284945207
"img_00518.jpg",0.842957518137804,0.0129556816412574,0.00349382709476705,0.00379031990101836,1.02285771088288e-05,0.00297654891607209,0.00302910267966458,0.130786773052308
"img_00533.jpg",0.345978892505181,0.0139206068125067,0.00306786153288158,0.00309118930768229,1.00319422994647e-05,0.013843500831096,0.00647171687963911,0.613616200188714
"img_00538.jpg",0.845307028321982,0.0443405602842394,0.00327247615817064,0.00340953137040887,1.0029281323082e-05,0.0169362162417542,0.00314420594537629,0.0835799523967453
"img_00543.jpg",0.979218074251649,0.00379764497846106,0.00284379493809149,0.00284382685764956,1.0028337237472e-05,0.00284386354413319,0.00284381753684699,0.00559894955593078
"img_00550.jpg",0.0356889183242605,0.00568861475310043,0.00274387744081357,0.000870110109511763,9.77768652203317e-07,0.950487855878035,0.000335124406943166,0.00418452131868354
"img_00551.jpg",0.891782850341832,0.0051165367157011,0.00307205407723186,0.00378791960468756,1.00314393651844e-05,0.0738315112158805,0.00439412614473592,0.0180049704605663
"img_00564.jpg",0.00103602507440044,0.000949451808892978,0.00109397182288664,0.000949451808892978,0.992399430795403,0.00167276507173808,0.000949451808892978,0.000949451808892978
"img_00575.jpg",0.770994154292698,0.00972762153141107,0.00326284437591495,0.00293904029820686,1.00561144789786e-05,0.0206831304193946,0.00688203750403015,0.185501115463865
"img_00582.jpg",0.942381156769702,0.0167688673684733,0.00573958115096824,0.00312355604729986,1.05004289434945e-05,0.0201567315834567,0.0034853581750461,0.00833424847610996
"img_00584.jpg",0.959647448455314,0.00305110000975423,0.00944528229797274,0.00302658498433065,1.03934372614389e-05,0.0160486030204244,0.00305201748658261,0.00571857030835997
"img_00587.jpg",0.0537566963612309,0.00777931187119166,0.00406628958435401,0.00293760215540952,1.00425782546089e-05,0.0272252336975101,0.0123200422944363,0.891904781457613
"img_00590.jpg",0.145840002724293,0.0680115380870604,0.00716772862226962,0.00300027571244667,1.00391794069006e-05,0.00821717865431989,0.0141289585833779,0.753624278436826
"img_00591.jpg",0.0372998353382965,0.0032148422429785,0.00289900691451384,0.0028980395569447,1.0028869958144e-05,0.0166930767851782,0.00295992838108472,0.934025241911045
"img_00598.jpg",0.928413287345201,0.0235718148929207,0.00375566790160655,0.0123045135430352,1.00567015492821e-05,0.0174085115368584,0.00403933587429023,0.0104968122045382
"img_00599.jpg",0.717943330819193,0.0217217699976438,0.00990803285249767,0.00301608021018998,1.00843470988712e-05,0.00545723486770572,0.0236151101212332,0.218328356784438
"img_00612.jpg",0.902156119831533,0.00765356613455804,0.00382041833458008,0.00298018029525786,1.0094083870233e-05,0.0665560499165322,0.00942657861826285,0.00739699278540624
"img_00618.jpg",0.924831709508226,0.00944391956038781,0.00944391956038781,0.00944391956038781,0.0185047731294471,0.00944391956038781,0.00944391956038781,0.00944391956038781
"img_00620.jpg",0.91630803419788,0.00816991575377085,0.0369371826825843,0.00352683970162844,1.00295946440921e-05,0.0212014070147146,0.00419570590451659,0.00965088515026106
"img_00642.jpg",0.00103786018073871,0.000785927521355985,0.000289162248305921,0.995527608294646,9.98400742836325e-07,0.00028878430257609,0.000288253034510578,0.00178140601712369
"img_00646.jpg",0.0101551601646446,0.00635092609772551,0.026449728778105,0.00287325134270264,1.0028560582411e-05,0.00310950839881321,0.00350538593369876,0.947546010723728
"img_00648.jpg",0.982775242899142,0.00296150548937495,0.00284897698605405,0.00284903155716249,1.00349261280213e-05,0.00284903708274218,0.0028489768827322,0.00285719417666381
"img_00650.jpg",0.0184758620765361,0.000938277395113759,0.000499931709815083,0.000517897929824481,9.82867673887824e-07,0.974187554308277,0.00399371114704193,0.00138578256571762
"img_00654.jpg",0.712919655079926,0.0292310569987004,0.0510735968641471,0.015862873482089,0.0871617872151868,0.0298963658948624,0.0263620931769665,0.0474925712881217
"img_00664.jpg",0.95103728705325,0.0170731388665157,0.0032147025169612,0.00291455724220582,1.00290460452101e-05,0.00588112554879016,0.00394761116559782,0.0159215485606338
"img_00667.jpg",0.000949735621542831,0.000949735621542831,0.000972329759821805,0.000949735621542831,0.992628928474472,0.000949735621542831,0.000949735621542831,0.00165006365799254
"img_00676.jpg",0.00095232621739336,0.000990574889615168,0.00117585705383616,0.00095232621739336,0.988198861349615,0.00116770721563376,0.0012892174187703,0.00527312963774282
"img_00697.jpg",0.00284347899827355,0.00291139229272977,0.00284342159536068,0.00284337511065981,1.00283331574924e-05,0.00284337537653728,0.00284339607215946,0.982861532221122
"img_00708.jpg",0.750711823308891,0.0155664665629286,0.00570056342645608,0.00632177465018066,1.00844461055061e-05,0.122520307617059,0.0528059814281337,0.0463629985602447
"img_00716.jpg",0.00518013246637252,0.00598617291507245,0.0020139332782866,0.00032754806043465,9.79433655520663e-07,0.973466967486408,0.00127232796169428,0.0117519383980763
"img_00717.jpg",0.661326887856435,0.200084642295273,0.00310534931015331,0.00637974364724816,1.00296378930035e-05,0.100220509741672,0.00946384221991989,0.0194089952914047
"img_00718.jpg",0.976587218215319,0.00336820632093792,0.00287611775484895,0.00293762997029901,1.00286041142418e-05,0.00719119132206264,0.00287268722159415,0.00415692059082392
"img_00723.jpg",0.00882590065126203,0.000933977793113765,0.000933977793113765,0.000933977793113765,0.985570232590055,0.000933977793113765,0.000933977793113765,0.000933977793113765
"img_00724.jpg",0.0501704389665082,0.00425840143109063,0.00519856111588173,0.00331528252710992,1.01636438099781e-05,0.020737969199418,0.254846540473299,0.661462642642883
"img_00726.jpg",0.981828515399483,0.0033459312370242,0.00284328024028217,0.00284325669797726,1.00283323543652e-05,0.00302463606488137,0.00323771209073237,0.00286663993726528
"img_00729.jpg",0.857292607853619,0.094118284868292,0.00316028213383187,0.00312726889445357,1.08763162779783e-05,0.00792286312696095,0.00381788704581574,0.030549929760749
"img_00730.jpg",0.0233579254002885,0.00559754606728878,0.00320400918670898,0.00291879677375719,1.00290876494745e-05,0.00385032001764011,0.00621898962428695,0.95484238384238
"img_00757.jpg",0.954795542439535,0.00358509068392692,0.00705432694280045,0.00714918125223828,1.00314784509832e-05,0.0174348574320439,0.00294240856290223,0.00702856120810231
"img_00760.jpg",0.00594977268041016,0.000680263538675865,0.000436979087385599,0.991417116627039,9.94937505399637e-07,0.000313074631585949,0.000293137889585429,0.000908660607812348
"img_00763.jpg",0.000946181474976341,0.000946181474976341,0.000946181474976341,0.000946181474976341,0.993097011810117,0.000946181474976341,0.000946181474976341,0.0012258993400252
"img_00764.jpg",0.00388278171641832,0.00517754058075518,0.00600450222502671,0.00286035340194987,1.00285003770077e-05,0.00286521939098843,0.00286014731410238,0.976339426870382
"img_00765.jpg",0.0484573023575095,0.391355322858164,0.00327940396947876,0.019849351172468,1.0030598416866e-05,0.220030186132663,0.0107007967836782,0.306317606127622
"img_00772.jpg",0.078120952106271,0.00589973695001368,0.430601605130301,0.00290370001106093,1.00289832920921e-05,0.109715571039688,0.00344435013082623,0.369304055648547
"img_00773.jpg",0.912170289885081,0.00968084879023737,0.025754029832593,0.0107399453284094,0.00968084879023737,0.0126123397929671,0.00968084879023737,0.00968084879023737
"img_00777.jpg",0.792122983889344,0.0325031422253578,0.00380828300863462,0.00295796499660517,1.00953602738166e-05,0.159784198154429,0.00569313029670118,0.00312020206865416
"img_00780.jpg",0.00371841859650401,0.00292871954418302,0.00476843426571138,0.00287833702761439,1.00286828513164e-05,0.0219040031163845,0.00418620068189822,0.959605858084853
"img_00798.jpg",0.881442165686634,0.055062165768372,0.00562767679287625,0.0293007628731405,1.01224145826055e-05,0.00725107117207933,0.00400112484808209,0.017304910444233
"img_00808.jpg",0.892045913382541,0.0759651736063528,0.00290274380191369,0.00292399791198496,1.0028814934861e-05,0.00425115324330675,0.00289185938527471,0.0190091298536915
"img_00816.jpg",0.93567544556845,0.0034943579403647,0.00290867932634566,0.00290329318067304,1.00474863411527e-05,0.00395221556695265,0.00437151959495938,0.0466844413359135
"img_00828.jpg",0.000943016545079258,0.000943016545079258,0.000990802922946392,0.000943016545079258,0.993351097806578,0.000943016545079258,0.000943016545079258,0.000943016545079258
"img_00833.jpg",0.772943233530894,0.0106356859961542,0.00584253490741682,0.00454220288834625,1.00868789591382e-05,0.108655059518426,0.047850627563446,0.0495205687163575
"img_00837.jpg",0.805868467905386,0.12754938502821,0.00503508931438479,0.00347796651600232,1.00703527415659e-05,0.047651881054618,0.00299572725970713,0.00741141256895063
"img_00855.jpg",0.908375023273591,0.0117409827437692,0.00636619780817169,0.00298879957840232,1.00872402385857e-05,0.0397160428514708,0.00571161618050346,0.0250912503238526
"img_00857.jpg",0.979889084565651,0.00536099590502388,0.00289385612350229,0.0028938384470555,1.00473014096241e-05,0.00301384019572107,0.0029921661966832,0.00294617126495354
"img_00858.jpg",0.963328194342475,0.00423353932593671,0.00291270963767039,0.00291249161411189,1.00353305995666e-05,0.00539347255684884,0.0035299515461809,0.0176796056461765
"img_00865.jpg",0.93026627668141,0.0405551477332573,0.0031855200649502,0.00289097640276425,1.00288041616385e-05,0.00658724782171772,0.0108487531583593,0.00565604933337984
"img_00876.jpg",0.000950169026938995,0.000950169026938995,0.00100508243795715,0.000950169026938995,0.99025336427108,0.00140586938601412,0.0011951005144534,0.00329007630967791
"img_00889.jpg",0.00956090727112374,0.00956090727112374,0.183319474245042,0.00956090727112374,0.00956090727112374,0.00956090727112374,0.00956090727112374,0.759315082128216
"img_00894.jpg",0.588269633158606,0.0133649163691661,0.0145602095160316,0.0199810239906161,0.290465644770444,0.012062577704569,0.0100198855599369,0.0512761089306311
"img_00902.jpg",0.00349830664550469,0.00344157659735058,0.00296605395597977,0.00290514517831135,1.00367532151884e-05,0.00451539654430611,0.979577618822272,0.00308586550306035
"img_00914.jpg",0.00283821276946016,0.00283905647563653,0.00283819291516214,0.00283819286341539,1.00282813012107e-05,0.00283819288003361,0.00283819286603879,0.982959930948952
"img_00921.jpg",0.806646855998921,0.00308420583609615,0.004100349101114,0.00296996809190947,1.00909066656512e-05,0.135263005415668,0.0168149600741768,0.0311105645754489
"img_00927.jpg",0.128876402060353,0.0449328323151675,0.00596388209520077,0.00335445783293644,1.0041442471925e-05,0.0102196490570213,0.0198248776789251,0.786817857517924
"img_00943.jpg",0.952025542046494,0.0293180814378206,0.002867753752012,0.00291437666880885,1.00285770553792e-05,0.00289041133007942,0.00286861267313856,0.00710519351459085
"img_00948.jpg",0.497808740684129,0.0112468560556511,0.0166087776796503,0.00992122506359673,0.356983405228706,0.0397064799288424,0.0140232910480515,0.0537012243113727
"img_00950.jpg",0.000937207060342254,0.000937207060342254,0.000937207060342254,0.000937207060342254,0.993439550577604,0.000937207060342254,0.000937207060342254,0.000937207060342254
"img_00959.jpg",0.938300713020587,0.00302042326645706,0.00285551212187553,0.00284856071560362,1.0045892684431e-05,0.00886238260624903,0.00290843011817594,0.0411939322583674
"img_00962.jpg",0.124549277491209,0.00373294865047215,0.00476713128705024,0.00285457501414656,1.00284493343498e-05,0.00319177354184608,0.00355403087651695,0.857340234689425
"img_00964.jpg",0.00288923523681346,0.0108458953005728,0.964167632726869,0.00288923428875787,1.00287916681932e-05,0.00288923499120681,0.00346786801325232,0.01284087065086
"img_00966.jpg",0.777971295099841,0.00971342103328463,0.00971342103328463,0.00986293882145423,0.123877013229411,0.00971342103328463,0.00971342103328463,0.049435068716155
"img_00974.jpg",0.946757934388922,0.00738645516699247,0.00335236543351924,0.00292796572462848,1.00290248310095e-05,0.0233141466104583,0.00292406036521363,0.0133270432854352
"img_00979.jpg",0.00522548102803708,0.00316683064146788,0.0128668276105732,0.00288941351234367,1.00287958677895e-05,0.00439414356711914,0.00293277363073149,0.96851450121386
"img_00982.jpg",0.68827246527506,0.182958386759901,0.010574332048955,0.00499699504603648,1.04302900374346e-05,0.0158336178763458,0.0081764942056149,0.0891772784980494
"img_00985.jpg",0.697646702542462,0.0303954515209395,0.00435202277851482,0.00451456705895998,1.00538120220014e-05,0.0479366892916636,0.014282595827685,0.200861917167754
"img_00999.jpg",0.828860974762336,0.0121428140195787,0.00318097881559933,0.00293706650563401,1.00292229714012e-05,0.00751486708275663,0.0311066338085319,0.114246635782593
"img_01022.jpg",0.959889013164089,0.00346022793850222,0.00315808366628472,0.00427978490548787,1.01479587914265e-05,0.0229798148213341,0.00296393470315364,0.00325899284235657
"img_01031.jpg",0.833036231519669,0.00330765644032088,0.00437879926000027,0.00302118183468793,1.00667249225452e-05,0.149227019772194,0.00401727175788747,0.00300177269031751
"img_01035.jpg",0.781664894415138,0.021871953839753,0.00548104076237031,0.00300715747324671,1.00596400811461e-05,0.178447144166142,0.00633008197044414,0.00318766773282424
"img_01043.jpg",0.000937857360433812,0.000937857360433812,0.000937857360433812,0.000937857360433812,0.993434998476963,0.000937857360433812,0.000937857360433812,0.000937857360433812
"img_01058.jpg",0.953525743421932,0.00319424593669696,0.00315041669607578,0.00314672560848825,1.07225128998342e-05,0.00314876797382563,0.00314692489907915,0.0306764529510028
"img_01059.jpg",0.0773570198077088,0.013971146930743,0.00295407378309289,0.00294779106806242,1.00339375324902e-05,0.0526629184506894,0.00887068679636362,0.841226329225807
"img_01090.jpg",0.000950092512912571,0.00247451628951728,0.00120073359820234,0.000950092512912571,0.990413822311615,0.00097305864164995,0.00177688797498828,0.0012607961582024
"img_01102.jpg",0.213941134825767,0.620841177318184,0.00349689870807279,0.0370436832340124,1.00363906514343e-05,0.00293934102528222,0.00293730954285998,0.118790418955171
"img_01103.jpg",0.0204021007771442,0.0525019190199195,0.0128365138330641,0.00300670849001285,1.00292023392381e-05,0.0037436925948833,0.00341016210395402,0.904088873978683
"img_01116.jpg",0.841372932507897,0.0757984319756494,0.00402712424081622,0.00405715870212458,1.00290397429771e-05,0.020737911955927,0.00310753829694687,0.0508888732808964
"img_01134.jpg",0.937748235035885,0.00303164851866909,0.00429669460988931,0.00415475960223913,1.00292256053567e-05,0.0165307005603518,0.00297848953135125,0.0312494429160087
"img_01142.jpg",0.909642735290013,0.00968634672847635,0.0108108211925495,0.00968634672847635,0.023348490010013,0.0174525665935186,0.00968634672847635,0.00968634672847635
"img_01168.jpg",0.00303380517055318,0.00624131800110361,0.00164772454571949,0.00273902105100306,0.00235530037835333,0.978593710403192,0.0033561300215534,0.00203299042852246
"img_01171.jpg",0.000947622982263912,0.000947622982263912,0.000947622982263912,0.000947622982263912,0.992691442174954,0.000947622982263912,0.000947622982263912,0.00162281993146279
"img_01177.jpg",0.903970468389232,0.00975017469928923,0.0216925504633607,0.0116519460825331,0.0192997671986221,0.0130272389583965,0.0103553439095621,0.0102525102990039
"img_01179.jpg",0.970118253778267,0.0086143460841931,0.00291615570499704,0.00341910201038932,1.0061224035869e-05,0.00888734618973266,0.00291549830119548,0.00311923670718918
"img_01188.jpg",0.104699892297933,0.422974407067919,0.0036045729237508,0.011686742705868,1.00425049686942e-05,0.252038914352919,0.0228502149509136,0.182135213195729
"img_01198.jpg",0.00120689805873124,0.00132336268995339,0.00154045480652335,0.000936710446664766,0.974295142037945,0.000981562934420696,0.0183042137927294,0.00141165523303221
"img_01204.jpg",0.000948118513394132,0.000948118513394132,0.000948118513394132,0.000948118513394132,0.992564407043042,0.000948118513394132,0.000948118513394132,0.00174688187659278
"img_01208.jpg",0.000937207060342254,0.000937207060342254,0.000937207060342254,0.000937207060342254,0.993439550577604,0.000937207060342254,0.000937207060342254,0.000937207060342254
"img_01211.jpg",0.973324668954657,0.0123762445881306,0.0028484848561353,0.00288737305068596,1.00283837773535e-05,0.0028485760015532,0.00284841008330434,0.00285621408175648
"img_01213.jpg",0.882412424668888,0.0632271140526183,0.00324106589053246,0.0089942920974692,1.00411896448185e-05,0.0160793443873671,0.0029593271298053,0.0230763905836751
"img_01222.jpg",0.740081942819759,0.105716708511631,0.00351996707374496,0.0215426680761223,1.00296750859111e-05,0.0144200117176116,0.00800100239271593,0.10670766973333
"img_01224.jpg",0.0125902872958343,0.00420493849405319,0.116182521184691,0.00292325229721612,1.00291316402729e-05,0.00414012613719252,0.00332882367342863,0.856620021785944
"img_01237.jpg",0.00223512655509495,0.000945167969250857,0.000945167969250857,0.000945167969250857,0.988623468696906,0.000961005422323242,0.000983984726775145,0.00436091069114774
"img_01249.jpg",0.00257475532193698,0.00132352991669098,0.0017330692853833,0.000991367672466206,0.990512021349815,0.000955085484569035,0.000955085484569035,0.000955085484569035
"img_01253.jpg",0.00283819396780895,0.0028382034292592,0.00283821984644018,0.00283819287759394,1.00282813454246e-05,0.00283819289417628,0.00283819310886351,0.982960775594513
"img_01286.jpg",0.0675222794330969,0.00637850692268535,0.00303116540842115,0.00303134054405357,1.03218530529674e-05,0.00616862314543549,0.00303116604623283,0.910826596647022
"img_01289.jpg",0.0668555037680379,0.0329900351981474,0.00297616831686965,0.00347652300405222,1.0029513603154e-05,0.0297840242054564,0.00929612241634472,0.854611593577489
"img_01325.jpg",0.00120532813650082,0.00298529003840594,0.0012157105476597,0.000952303803915403,0.989585709630291,0.00098345078394752,0.00166968697886598,0.00140252008041365
"img_01328.jpg",0.917952721679326,0.0599670275513045,0.00294526614093381,0.00441333765962688,1.00288344156983e-05,0.00631648924931362,0.0028970505590289,0.00549807832605065
"img_01366.jpg",0.0449529523615947,0.000660900411469395,0.0012562553789976,0.000846808585009991,9.5572297929457e-07,0.950554248780581,0.000349033005191045,0.00137884575417726
"img_01371.jpg",0.965067375466965,0.00496101741482456,0.00449851698759832,0.0029806536689868,1.02390559245466e-05,0.00393250326955571,0.00351541056907423,0.0150342835670708
"img_01373.jpg",0.00145857113422924,0.000956802771522269,0.00267102453673712,0.000956802771522269,0.990569204884261,0.00147398835868395,0.000956802771522269,0.000956802771522269
"img_01377.jpg",0.00215887747664493,0.000944518377906068,0.00105181571963009,0.000944518377906068,0.992066714914195,0.000944518377906068,0.000944518377906068,0.000944518377906068
"img_01379.jpg",0.851074486295237,0.0169930312142832,0.0305153211595597,0.00346942001270343,1.0029048892101e-05,0.046575700020626,0.0029861295193116,0.0483758827293868
"img_01384.jpg",0.0327335677897098,0.00563995184450358,0.00219540804424439,0.000554895534137154,9.82090356213591e-07,0.956637000757847,0.000324312332778437,0.00191388160642306
"img_01388.jpg",0.898748211262698,0.0714732381734657,0.00292596637033493,0.0029259058226386,1.0034806497736e-05,0.0112107448746457,0.00293359895523957,0.00977229973448
"img_01392.jpg",0.00291755390791137,0.0132958097341172,0.925441754717482,0.00289436327287304,1.00288439950726e-05,0.00289527931449534,0.00356924335254323,0.0489759668565826
"img_01399.jpg",0.00309676685332712,0.937546827552745,0.00315730089246945,0.00287411246492748,1.0028641347874e-05,0.00301816951522454,0.00287479351316287,0.0474220005667954
"img_01404.jpg",0.952461123032216,0.0062917476789538,0.00291680929819477,0.00554216720472649,1.00434438858895e-05,0.0268235443460554,0.00291457271487356,0.00303999228109388
"img_01405.jpg",0.924461392751476,0.00568009617196327,0.00310778084287883,0.00361421717393158,1.00791751162573e-05,0.057033990599238,0.00291898065011382,0.00317346263528277
"img_01413.jpg",0.979498782533338,0.00324611127181903,0.00294089965054877,0.00294089009986451,1.0135580885016e-05,0.00541970978278193,0.0029408982551816,0.00300257282558127
"img_01426.jpg",0.0962912755690555,0.359338075819827,0.0029995527870464,0.00290856408088371,1.00290075945073e-05,0.00525950063602326,0.448387633173829,0.0848053689257416
"img_01431.jpg",0.00322988936851958,0.000468076814208008,0.000491588793358843,0.994637702225297,9.99268511416172e-07,0.000291239763351516,0.000291239695362009,0.000589264071391599
"img_01441.jpg",0.0028661121277903,0.00284850099833937,0.00284803725326278,0.00284620740893669,1.00283615486947e-05,0.00284620790332572,0.00284636885486552,0.982888537091931
"img_01444.jpg",0.256342118181632,0.00414389471514929,0.00298005520859627,0.00292201104995266,1.00290831611717e-05,0.0103494704167509,0.0191723560637498,0.704080065281008
"img_01490.jpg",0.0034716930990633,0.00290645617408931,0.0161114692139383,0.00286591327027691,1.00285582684802e-05,0.00311189417938302,0.00286630372522731,0.968656241779753
"img_01495.jpg",0.717114966827438,0.0225403725980153,0.00326717264969262,0.00323721643819585,1.00291468327472e-05,0.0105229970897352,0.00302493901188032,0.24028230623821
"img_01505.jpg",0.00094626184824689,0.00094626184824689,0.00094626184824689,0.00094626184824689,0.992964162987471,0.00094626184824689,0.00094626184824689,0.00135826592304736
"img_01511.jpg",0.946424342724094,0.0107239472181876,0.0241770391036207,0.00290536003328687,1.0032121459015e-05,0.00595049525008972,0.00291085534076025,0.00689792820850202
"img_01519.jpg",0.410343857301793,0.0245830814383104,0.00444648206681576,0.00432947274941209,1.00432093229024e-05,0.203811544390151,0.034987246628772,0.317488272215423
"img_01530.jpg",0.953882480423226,0.0171022304778241,0.00301437543164694,0.00317343983093065,1.01924065169169e-05,0.00411841493925314,0.00319370794009949,0.0155051585505026
"img_01537.jpg",0.888764324667802,0.00537395354054022,0.0106830075141897,0.00293524834140336,1.00673839365068e-05,0.0482390272415369,0.00489468124643752,0.0390996900641536
"img_01538.jpg",0.941223122749251,0.0153298902524072,0.00333824578694982,0.00289988783684122,1.00288856184029e-05,0.030578896623377,0.00294065417518535,0.00367927369037014
"img_01541.jpg",0.000941062414606501,0.000941062414606501,0.000941062414606501,0.000941062414606501,0.993412563097754,0.000941062414606501,0.000941062414606501,0.000941062414606501
"img_01543.jpg",0.976961971769771,0.00290018686488597,0.00294307604596481,0.00286371261439553,1.00590175789071e-05,0.00291769114361989,0.00286352017085237,0.00853978237293122
"img_01548.jpg",0.969605304559971,0.00293185269633378,0.0029318870926958,0.00292474201222194,1.01069852883702e-05,0.0120925101441449,0.00316264016227729,0.00634095634706699
"img_01552.jpg",0.981545481141453,0.00299985677495712,0.00286475259467186,0.00285936628508573,1.00284931695111e-05,0.00398903236494901,0.00285945452661882,0.00287202781909494
"img_01561.jpg",0.000944272927635731,0.000944272927635731,0.000944272927635731,0.000944272927635731,0.993357827313032,0.000976535121154005,0.000944272927635731,0.000944272927635731
"img_01562.jpg",0.782547418217763,0.0113659972163648,0.00345144492651667,0.00301284630614894,1.00545105938871e-05,0.0176038022660502,0.0582783225288127,0.12373011402775
"img_01571.jpg",0.946903493609565,0.00943521733890058,0.00292293349222405,0.00288145142235456,1.00287129295207e-05,0.00314370245077749,0.0161741676875161,0.0185290052857323
"img_01593.jpg",0.647381876078136,0.137519241227474,0.00642369120191637,0.00301096351570028,1.00349168740574e-05,0.0306597701539955,0.0160627973101764,0.158931625595727
"img_01595.jpg",0.00237486580611449,0.000939329837390491,0.000939329837390491,0.000939329837390491,0.991989155169543,0.000939329837390491,0.000939329837390491,0.000939329837390491
"img_01616.jpg",0.943529202159137,0.0345826224267437,0.00292943427905755,0.00292518175823638,1.00758900407287e-05,0.00465261258335245,0.00295829074842218,0.00841258015500973
"img_01618.jpg",0.938500636293382,0.00463236347293174,0.00295922124758196,0.00313174003980479,1.00311286181197e-05,0.0412408781252532,0.00328533587651031,0.00623979381591827
"img_01627.jpg",0.904577584628185,0.0482749804287432,0.00293718233103959,0.00340388920795803,1.00290595473568e-05,0.029184464707844,0.00313315929603886,0.00847871034064412
"img_01632.jpg",0.919650941055786,0.00948927147163733,0.00948927147163733,0.00948927147163733,0.0234134301143896,0.00948927147163733,0.00948927147163733,0.00948927147163733
"img_01633.jpg",0.852556236732583,0.00452642037860818,0.00394941414633625,0.00390321927058108,1.00767920837337e-05,0.110745207349829,0.00969507761810704,0.0146143477118716
"img_01640.jpg",0.981787884791687,0.00392126602458165,0.00284678292986405,0.00284998703767413,1.00397847686087e-05,0.00284749898785232,0.00284678713499857,0.00288975330857363
"img_01646.jpg",0.951948978564667,0.0174161015492502,0.00290619280824454,0.00290182128685987,1.0028904487105e-05,0.0155651659061008,0.00290355243026113,0.00634815855012917
"img_01647.jpg",0.00203063908907507,0.000939047052838169,0.000939047052838169,0.000939047052838169,0.992335078593896,0.000939047052838169,0.000939047052838169,0.000939047052838169
"img_01649.jpg",0.903735409626684,0.0518040430320781,0.0045847427381687,0.00531123030323541,1.05639506166767e-05,0.0149974902934749,0.012252283674892,0.00730423638085
"img_01657.jpg",0.13679481142383,0.0112794712133681,0.281102724675153,0.00288283133544441,1.00287295475155e-05,0.0073370434893096,0.00292078489943334,0.557672304233914
"img_01669.jpg",0.00380459130840392,0.000546208948683082,0.000515299066499554,0.993888327329952,9.99886031660191e-07,0.00029115136796787,0.000346455053754948,0.00060696703870657
"img_01673.jpg",0.67041873697742,0.0106970863043321,0.00984318318133426,0.0102039298152044,0.242195430297171,0.0197254735287369,0.0203709168579828,0.0165452430378184
"img_01681.jpg",0.0724979073568113,0.00849110310878626,0.00290984726327804,0.00289960197452664,1.00541748331976e-05,0.00601994939720101,0.00328342996612476,0.903888106758439
"img_01684.jpg",0.918310888550902,0.0124568023282516,0.0030062707139611,0.0049508707151954,1.00292771066176e-05,0.0135710966576493,0.00294086526463354,0.0447531764923009
"img_01685.jpg",0.158139994419799,0.0298762287836706,0.114998388565046,0.0363909327174461,0.209468665274851,0.374247212768875,0.0109674037830807,0.0659111736872317
"img_01687.jpg",0.620624179697929,0.00384910881130949,0.00381984611561861,0.0029420792816787,1.00293135005574e-05,0.00297496742670226,0.016670726776368,0.349109062576894
"img_01688.jpg",0.0507912901118613,0.0349480501441843,0.00295370585904724,0.00319321222213963,1.0029404272789e-05,0.0249448236625426,0.00789557853997213,0.87526331005598
"img_01689.jpg",0.00403832886757512,0.0040874549621371,0.0113432344643949,0.00290690333068326,1.00289689413033e-05,0.0162179809030848,0.00573625619342946,0.955659812309754
"img_01716.jpg",0.000938770128062917,0.000938770128062917,0.000938770128062917,0.000938770128062917,0.99342860910356,0.000938770128062917,0.000938770128062917,0.000938770128062917
"img_01717.jpg",0.00943273221642512,0.000933275392141661,0.000933275392141661,0.000933275392141661,0.984967615430725,0.000933275392141661,0.000933275392141661,0.000933275392141661
"img_01724.jpg",0.940772396910357,0.00349551846993376,0.00691244289175115,0.00293438647992331,1.00715076202987e-05,0.00812700338726671,0.00343816082040597,0.0343100195327423
"img_01745.jpg",0.9257689575701,0.0169413728818745,0.023843532700076,0.00986960748769827,1.01320675726459e-05,0.0151852538987621,0.0034599626887461,0.00492118070516992
"img_01771.jpg",0.934150930945377,0.0270766186399814,0.00314964754945405,0.0075317328112134,1.00294621161045e-05,0.00761866369548108,0.00295625401291559,0.0175061228834615
"img_01773.jpg",0.793823617867696,0.00839125721875315,0.00362283342685704,0.00295853608566804,1.00310365527522e-05,0.0053643141171794,0.0186381844848608,0.167191225762433
"img_01781.jpg",0.00400294404569998,0.00112852048331633,0.00102458101719,0.00095052259287453,0.989975130907295,0.00101725576787461,0.00095052259287453,0.00095052259287453
"img_01782.jpg",0.00151393047167837,0.000937378043693835,0.000937378043693835,0.000937378043693835,0.992861801266159,0.000937378043693835,0.000937378043693835,0.000937378043693835
"img_01802.jpg",0.705119701374265,0.00959119320024824,0.00959119320024824,0.00959119320024824,0.237053432287766,0.00959119320024824,0.00959119320024824,0.00987090033672736
"img_01803.jpg",0.00970113234708924,0.0510343380429671,0.805989372940328,0.00970113234708924,0.00970113234708924,0.00970113234708924,0.0140004798858534,0.0901712797424948
