"image","ALB","BET","DOL","LAG","NoF","OTHER","SHARK","YFT"
"img_00005.jpg",0.00331568697557116,0.00148973429730678,0.00225119635535837,0.000841701101078786,0.986809327403024,0.00164352942744354,0.00155908617339063,0.00208973826682655
"img_00007.jpg",0.0902141007795058,0.0363116241899655,0.00537442181757284,0.00839561915245786,1.00282610248315e-05,0.003145047000389,0.00231240751309059,0.854236751285994
"img_00009.jpg",0.816426748643523,0.0805267437041189,0.0027982858092309,0.00245459562845938,1.01504780470603e-05,0.0921486915149536,0.00220976992660401,0.00342501429506337
"img_00018.jpg",0.73215316890874,0.0537934183669547,0.00360885106096068,0.0153180190365138,1.00275650971544e-05,0.183041280149918,0.0033114792158778,0.00876375569593709
"img_00027.jpg",0.23006518115552,0.0252491956547203,0.00641311223250752,0.00250349746032274,1.00853889010454e-05,0.0939102359468849,0.0106476522142629,0.631201039946881
"img_00030.jpg",0.0168786277204768,0.00198469917410824,0.00113151894888267,0.00481188547702174,0.967682165060924,0.00397931293870706,0.00216626696409801,0.00136552371578117
"img_00040.jpg",0.0901819438524863,0.0174956856513963,0.00350028457207455,0.00259229939782812,1.00740363375368e-05,0.00764650059919482,0.834713457721234,0.0438597541694483
"img_00046.jpg",0.628711853984008,0.00974623947263277,0.0120957042908791,0.00693495029730156,0.301920874417441,0.0124873368845776,0.0134450473640042,0.0146579932891561
"img_00053.jpg",0.899528665754104,0.0266817929387059,0.0138261149209074,0.00525711127112586,1.01440654280696e-05,0.0353451421890943,0.00560975090392451,0.0137412779567097
"img_00071.jpg",0.00162953032316838,0.000838626331586936,0.000204943162449132,0.996640589311725,9.98788045338701e-07,0.000253044954045815,0.000201138570567456,0.000231128558412498
"img_00075.jpg",0.801884845896139,0.0481761562440463,0.00855779567502929,0.00557501629560616,1.01847586094079e-05,0.118331987276125,0.00829519968295834,0.00916881417148635
"img_00102.jpg",0.424133730062618,0.0208475497730943,0.00287870199244481,0.00477629640785088,1.0084408018427e-05,0.0180991789928319,0.00555082662622155,0.52370363173692
"img_00103.jpg",0.800218507899814,0.0236612879315854,0.0724395752274681,0.00417324463772717,1.00326833774125e-05,0.0232534762264275,0.0024633712392501,0.0737805041543504
"img_00109.jpg",0.963078049634379,0.00923922626889956,0.00226240973332885,0.00217042623056007,1.00218406260303e-05,0.0106578511124399,0.00354778157754519,0.00903423360222087
"img_00119.jpg",0.000812350308180164,0.000734766041649023,0.000749396982190557,0.000673308464127007,0.984719851548702,0.000932281133680298,0.000718068836941598,0.0106599766845292
"img_00120.jpg",0.652090508815953,0.0153935659994569,0.00280954730458273,0.0024264432486713,1.00303280251441e-05,0.007683140670594,0.0405751514018734,0.279011612230844
"img_00125.jpg",0.828202991003096,0.0103045394812935,0.0110130126499689,0.00766538348180992,1.00326195547574e-05,0.0179980178863322,0.00820478639864141,0.116601236479303
"img_00128.jpg",0.00935982880485097,0.0688612713638072,0.302335958600997,0.00221486456328835,1.00401171837237e-05,0.00466647037452934,0.00245644093245793,0.610095125242885
"img_00129.jpg",0.137955793678991,0.0167138835322982,0.00342017248329508,0.00284568845614269,1.00672457203045e-05,0.0074619499235891,0.764105293827035,0.0674871508529286
"img_00133.jpg",0.0101244554757823,0.00218878837225142,0.0015445211310347,0.0011955954904183,0.979172449100298,0.00302565423777396,0.000756797906139065,0.00199173828630188
"img_00138.jpg",0.737195292074528,0.215243713298457,0.0117371084333802,0.0042454782923579,1.00499806553381e-05,0.00563969117010147,0.0051495843792425,0.0207790823712778
"img_00141.jpg",0.00327510202640599,0.00410431334565964,0.00584536112875838,0.00205621282896192,1.00238096898822e-05,0.0022537411503168,0.00215686198885741,0.98029838372135
"img_00152.jpg",0.0239139553886659,0.0224805209613954,0.00506694904109237,0.00238459498825915,1.0071261669295e-05,0.0134328271585062,0.00599715934316597,0.926713921857246
"img_00161.jpg",0.00267533000998925,0.00206059758034049,0.00200480884790769,0.00199875453655575,1.00199975236177e-05,0.00201439922093937,0.00200111526780741,0.987234974538936
"img_00164.jpg",0.0011323786716197,0.000739693787320695,0.00233015817756903,0.000681313655400274,0.990268474016325,0.000747155229266747,0.000885623336343886,0.00321520312615423
"img_00170.jpg",0.0332927291160523,0.00193476259463724,0.000287158388351361,0.953342736421918,9.55747588562199e-07,0.00100184428277044,0.000210432342707411,0.00992938110597499
"img_00171.jpg",0.262210724606526,0.0117636456758793,0.0115968309816196,0.0110640721189548,4.65288878216775e-06,0.692717880989292,0.00248068744789081,0.00816150529105487
"img_00172.jpg",0.00814183529447845,0.0100895811935866,0.00252286289820327,0.000873823972505417,0.968118040967311,0.00728049090831864,0.000765257241711248,0.00220810752388503
"img_00175.jpg",0.262210724606526,0.0117636456758793,0.0115968309816196,0.0110640721189548,4.65288878216775e-06,0.692717880989292,0.00248068744789081,0.00816150529105487
"img_00180.jpg",0.00751478101338472,0.00255397621384987,0.00303537082865254,0.00243952384594759,1.00228568743076e-05,0.00280235988838957,0.0027955268679487,0.978848438484953
"img_00196.jpg",0.00161878265099621,0.000841551728122609,0.000782281467147204,0.000680631008945783,0.991581625201949,0.000883617415388741,0.000723996791859304,0.00288751373559129
"img_00212.jpg",0.272645136913429,0.00562035771386462,0.00221940992040548,0.0198794324383885,1.0022745495698e-05,0.00234119953390325,0.0022079011911834,0.69507653954333
"img_00223.jpg",0.853946347105653,0.0144420694956318,0.0698048718481972,0.00609200198038469,1.00430339873712e-05,0.027067999169639,0.00402789359957426,0.024608773766933
"img_00230.jpg",0.762867213243801,0.137155674549456,0.00450720314288979,0.00569517723548865,1.00317945815464e-05,0.0574513362360171,0.00311659177251301,0.029196772025253
"img_00232.jpg",0.00466657542395711,0.00311882784730741,0.00228187905300606,0.00233745719745942,1.00646936633148e-05,0.00446892983815868,0.976510791912074,0.0066054740343737
"img_00244.jpg",0.767974116739047,0.111378347816352,0.0038041970650606,0.00672231180210981,1.00383378446126e-05,0.0490719442295155,0.0024299058302647,0.0586091381798057
"img_00272.jpg",0.845345595757128,0.0252013017419518,0.0692787224608651,0.0186783391587595,1.0051275278267e-05,0.0104082148849485,0.00277200970592571,0.0283057650151429
"img_00280.jpg",0.938840671721863,0.00741239608821717,0.00574777134954101,0.00225653666358739,1.04073367426733e-05,0.00478770099635393,0.00280118473077161,0.0381433311129234
"img_00282.jpg",0.262210724606526,0.0117636456758793,0.0115968309816196,0.0110640721189548,4.65288878216775e-06,0.692717880989292,0.00248068744789081,0.00816150529105487
"img_00285.jpg",0.639153102960447,0.0232725167524511,0.0028508312316697,0.00227219774132185,1.00770588023246e-05,0.00583116293739409,0.0161192240863024,0.310490887231611
"img_00289.jpg",0.963555693561752,0.00753732109821866,0.00496977095801571,0.00251728568655428,1.05341224397897e-05,0.00423979828331185,0.00432944543693214,0.0128401508527751
"img_00292.jpg",0.750856741703784,0.0295710664287871,0.00297785444836174,0.0039213662557902,1.00837615853579e-05,0.0257957329930671,0.0231830381809981,0.163684116227627
"img_00302.jpg",0.0901819438524863,0.0174956856513963,0.00350028457207455,0.00259229939782812,1.00740363375368e-05,0.00764650059919482,0.834713457721234,0.0438597541694483
"img_00311.jpg",0.976759361209323,0.00733565565799947,0.00213538382077882,0.00292273256701913,1.00660015726506e-05,0.00231194863612146,0.00207297687025083,0.00645187523693468
"img_00320.jpg",0.960951641956075,0.0169697348459316,0.00272531567636501,0.00205469496659419,1.00359657427343e-05,0.00629610959953302,0.00330912732417838,0.00768333966558008
"img_00331.jpg",0.876934438574185,0.0229099444875758,0.00277972801719355,0.00301151598200264,1.00730746343544e-05,0.0434322033852069,0.0091521905740681,0.0417699059051333
"img_00358.jpg",0.381523167787941,0.0295059806327839,0.00332256000229468,0.00381555773968504,1.00711852921556e-05,0.0231155668918664,0.0213698523010565,0.53733724345908
"img_00374.jpg",0.63255687831419,0.0309315531091204,0.00549219410777676,0.0112482703586541,1.00251703621326e-05,0.00436071197887084,0.00309047325671593,0.31230989370431
"img_00375.jpg",0.0390684521927025,0.0371500567081157,0.856578243457696,0.0161455725188938,1.01101498816869e-05,0.0173288728931709,0.00704511684059803,0.0266735752389413
"img_00376.jpg",0.898131202538257,0.0185351255998232,0.00852980669991862,0.00210647942939923,1.00657930829095e-05,0.0281933866887973,0.00957320068319704,0.0349207325675244
"img_00380.jpg",0.926398087503117,0.0198804054560532,0.00551634389427131,0.00431920673776759,1.00344874853359e-05,0.0325589177113526,0.00340801882442355,0.00790898538552906
"img_00383.jpg",0.932180419955162,0.0259549112580762,0.00213802867431675,0.00374535421640074,1.00316098622157e-05,0.00251064134792506,0.00209269966556304,0.0313679132726936
"img_00398.jpg",0.946833913243311,0.0164758506812449,0.0022528212371053,0.0038510330960567,1.00545761384873e-05,0.00415079882486678,0.00241966042542478,0.0240058679158524
"img_00407.jpg",0.940914470949246,0.0240257109781062,0.00578544866967092,0.00681785488883326,1.00311354674254e-05,0.0144597754367019,0.00254635702477961,0.00544035091719506
"img_00417.jpg",0.194060558362686,0.00829772072903977,0.00220143312155177,0.00669984752593513,1.00226383735852e-05,0.00212932470112548,0.00209197593226254,0.784509116989026
"img_00432.jpg",0.331200023864232,0.0489687682393039,0.086683451495965,0.0188389330658961,0.0917715416880018,0.217308006461143,0.0115444205369561,0.193684854648502
"img_00442.jpg",0.0023006052791801,0.00210286078723249,0.00199867465882879,0.00199113288961548,1.00199380461575e-05,0.00202202759185486,0.00200490929745734,0.987569769557785
"img_00446.jpg",0.902711544525817,0.0204225885999921,0.00226661165024503,0.00884787210574097,1.00333569850218e-05,0.0121412186537818,0.00241408567591262,0.0511860454315256
"img_00469.jpg",0.880041917031704,0.0164146583882065,0.0061502232851943,0.00724174725300136,1.00627131692192e-05,0.0104920683762802,0.00330694276522591,0.0763423801872188
"img_00473.jpg",0.94122922518261,0.00771347499545994,0.00245173124318004,0.00285463592360272,1.00457619646649e-05,0.0029222572550747,0.00220126815644789,0.0406173614816603
"img_00483.jpg",0.937147849498266,0.0334744650108225,0.00204632193074378,0.002228983123664,1.0028242575766e-05,0.0027473408630618,0.0021598942345715,0.0201851170962944
"img_00484.jpg",0.132402862702536,0.0762593442570029,0.00346197585290162,0.00996501882830779,1.00229877426755e-05,0.00515674650002214,0.00477926914289956,0.767964759728587
"img_00486.jpg",0.893404133096984,0.0470994361309347,0.0195703282008715,0.0165519371894979,1.00841480416397e-05,0.00418340505329687,0.00518943580800919,0.0139912403723643
"img_00487.jpg",0.00725629309587261,0.00581670583851308,0.00229456815172957,0.00488747448961922,0.970261395325655,0.00170559943161933,0.0020217629148234,0.00575620075216791
"img_00493.jpg",0.00689977301349633,0.000757494498351243,0.00127318635706655,0.000680050764912785,0.985127805774244,0.00327559467666433,0.00109607466880541,0.000890020246459022
"img_00518.jpg",0.839113247415605,0.019768323434337,0.00301034504288626,0.00536135858019196,1.01614526171437e-05,0.00537479214028071,0.00248077893502306,0.124880992999059
"img_00533.jpg",0.424062895849532,0.0152336777913483,0.00285050622760359,0.00348057989863707,1.009605320525e-05,0.0142312660558472,0.0128892460691169,0.527241732054709
"img_00538.jpg",0.791373024446352,0.0636423225292585,0.00301457074529367,0.00530629437954284,1.00352851115449e-05,0.00568379393422374,0.00259313923668762,0.12837681944353
"img_00543.jpg",0.976759361209323,0.00733565565799947,0.00213538382077882,0.00292273256701913,1.00660015726506e-05,0.00231194863612146,0.00207297687025083,0.00645187523693468
"img_00550.jpg",0.029434959322862,0.0107866557358182,0.00295369905928032,0.000822826944880362,9.9004309329873e-07,0.949419248226814,0.000346489818354,0.00623513084889832
"img_00551.jpg",0.888731896096759,0.0141822355048068,0.00803136332696292,0.00724190254914181,1.00425578063895e-05,0.0380438977510942,0.00648581788258559,0.0372728443308433
"img_00564.jpg",0.00438736966710852,0.00177878568404983,0.00206010879345604,0.00234066011145524,0.982623208848647,0.00283822454824009,0.00111250547343124,0.00285913687361241
"img_00575.jpg",0.802181650479985,0.0131651387290526,0.0037699368229624,0.00267158032759001,1.00727533662841e-05,0.0357941073965792,0.0102219280690666,0.132185585421398
"img_00582.jpg",0.876250091279004,0.0266729447964893,0.0067522834544246,0.00375032253575688,1.02832464485429e-05,0.05057583522399,0.00278852209368252,0.033199717370204
"img_00584.jpg",0.94145481445709,0.00284040847961725,0.00792660286273663,0.00309248085408616,1.0441039072702e-05,0.0311254273992998,0.00405337204107808,0.00949645286701962
"img_00587.jpg",0.0641970889641,0.0169484528021007,0.00348194296152596,0.00243574489670849,1.00420993502908e-05,0.0222472925016894,0.00821469485569133,0.882464740918834
"img_00590.jpg",0.073177002823172,0.0685183844281553,0.00826573083348177,0.00251873856137392,1.00386941125766e-05,0.00827883064829681,0.0114842001565443,0.827747073854863
"img_00591.jpg",0.066143115777358,0.00619135097513769,0.00248285003688928,0.00307336091332795,1.0057968850872e-05,0.0146617124033005,0.00404561051675407,0.903391941408382
"img_00598.jpg",0.937437916253132,0.0157443808764948,0.00277975283892668,0.00864731738335412,1.0045061645953e-05,0.00823702534919751,0.00250585661815693,0.0246377056190916
"img_00599.jpg",0.65839343287815,0.0154807824934876,0.00418318536839661,0.00356802478425391,1.00840382537492e-05,0.00453620596173676,0.025407019134286,0.288421265341435
"img_00612.jpg",0.912575662205094,0.00323170753975133,0.00266397997369226,0.0028055208703758,1.00630050706916e-05,0.0536172330798826,0.0107354041600858,0.0143604291660474
"img_00618.jpg",0.711158629219067,0.0614411829530123,0.0320600141696065,0.022339961027562,0.0823750189385542,0.0125902693580321,0.0204780806562747,0.0575568436778916
"img_00620.jpg",0.871044834222428,0.0347746679574763,0.0460556203654944,0.00410381954875632,1.01498759101147e-05,0.014258736009411,0.00380608821246878,0.0259460838080552
"img_00642.jpg",0.00163943143549642,0.00125286652388871,0.000409472964963476,0.99334580846733,9.95677899770408e-07,0.000347186491922958,0.000318533655725834,0.00268570478277256
"img_00646.jpg",0.022181121170416,0.0180258337787562,0.0474203269304716,0.00238155536835555,1.00333535471761e-05,0.0035218475870682,0.00421755304413408,0.902241728767251
"img_00648.jpg",0.976759361209323,0.00733565565799947,0.00213538382077882,0.00292273256701913,1.00660015726506e-05,0.00231194863612146,0.00207297687025083,0.00645187523693468
"img_00650.jpg",0.0201980852907472,0.00140583076917551,0.000799606926334389,0.0004764544970294,9.79519551663546e-07,0.956756288286536,0.0164062492301728,0.00395650548045296
"img_00654.jpg",0.717158317519262,0.0635239492251245,0.0333399591257552,0.0211853064762878,0.0250494259362191,0.0376922595601003,0.0146629396925191,0.0873878424647317
"img_00664.jpg",0.916545989598827,0.0236406345704937,0.00272205575461092,0.00209535687944139,1.00335131849973e-05,0.00539658043133817,0.00506629108093778,0.0445230581711664
"img_00667.jpg",0.000698883706933191,0.000669522225465565,0.000692385051305703,0.000666638290586319,0.991812416525377,0.000683976610917367,0.000668278679664532,0.00410789890974992
"img_00676.jpg",0.000704476742838184,0.000780155315398362,0.000773340296800046,0.000670220912546933,0.98943247466324,0.000723583366961253,0.000673974583493568,0.00624177411872131
"img_00697.jpg",0.00279883328936142,0.00368386339140631,0.00304735945043135,0.00212064632970676,1.00366994828916e-05,0.00208693795955632,0.00289684207277678,0.983355480807278
"img_00708.jpg",0.710398470539481,0.0368458641406212,0.0045386344654173,0.00474769939507943,1.00479002578956e-05,0.0787681571661774,0.0253212314290662,0.1393698949639
"img_00716.jpg",0.0107863833886319,0.0100026289504674,0.00071352023863741,0.000463190783734543,9.65289531710227e-07,0.948146624502686,0.00165621235614849,0.0282304744901626
"img_00717.jpg",0.659140440883112,0.184739262443125,0.00681584970269848,0.0143290160867759,1.00266648510056e-05,0.113363324346429,0.00735426483353108,0.0142478150394773
"img_00718.jpg",0.874470951805432,0.00287015578490924,0.00513481763512871,0.00589860840866012,1.00653428391223e-05,0.0291464913334176,0.00354752182471681,0.0789213878648961
"img_00723.jpg",0.0126838222508612,0.00160289839389221,0.000783339202340152,0.000761880507778515,0.976920979545276,0.00161524416419048,0.00259693603538797,0.00303489990027389
"img_00724.jpg",0.05469257527912,0.00338712591322638,0.0062460200050416,0.00302543165250677,1.01738802217728e-05,0.0148660448937395,0.218055048833699,0.699717579542445
"img_00726.jpg",0.981506631117801,0.00600995791443438,0.00199670968764724,0.00200771397009644,1.00204040258822e-05,0.00306220770769044,0.00214639319481365,0.00326036600349076
"img_00729.jpg",0.938888218114297,0.012668814335588,0.00426332480720572,0.00252130577375432,1.07198640641578e-05,0.00775566548381841,0.00766791534667306,0.0262240362745989
"img_00730.jpg",0.0283857757099772,0.00481368967962943,0.00225534451614818,0.0020673921165896,1.00327120035465e-05,0.00538077294820445,0.0071840367868654,0.949902955530582
"img_00757.jpg",0.875015874288528,0.014678957729698,0.0301041358407454,0.0172493207552801,1.01480086709039e-05,0.0344075429908768,0.00638659816374765,0.022147422222453
"img_00760.jpg",0.00306666474715262,0.000795397622494251,0.000235243154804377,0.994958938544534,9.97402579908628e-07,0.000330640564756841,0.000218438358218961,0.000393679605458546
"img_00763.jpg",0.000743780630588371,0.000681195884993862,0.000915853727498885,0.000662835163848413,0.992959834228043,0.00118684485454802,0.000676539841786371,0.00217311566869347
"img_00764.jpg",0.00631182625404677,0.00697292087891765,0.00812623098529586,0.00236426141032046,1.00514627788854e-05,0.00224562060991019,0.00209918522129093,0.971869903177439
"img_00765.jpg",0.0530224030072185,0.462556345885622,0.00466598923066371,0.0204199790687457,1.00606470561086e-05,0.160403013457266,0.0242430424893476,0.274679166214081
"img_00772.jpg",0.0971078250638517,0.00905742289445394,0.307547828789689,0.00215189694831465,1.00862161683231e-05,0.145857238945736,0.0049370644141103,0.433330636727676
"img_00773.jpg",0.654592519870269,0.117759255632371,0.0750025942284097,0.0262406019358099,0.00880680835241285,0.0968397267665495,0.00804403793910362,0.0127144552750745
"img_00777.jpg",0.585600951068035,0.0789937780526606,0.00341732687256466,0.00234487463643419,1.01414654059894e-05,0.317654818487468,0.00936957034908394,0.00260853906834729
"img_00780.jpg",0.0103198040918085,0.00342067665983652,0.00413072911337444,0.00217582909151216,1.00765945632655e-05,0.0145438937053935,0.0143599140504841,0.951039076693028
"img_00798.jpg",0.86462368545543,0.0423853940433517,0.00344902856791511,0.0291372959626722,1.00545769754339e-05,0.00755150784309891,0.00293971773259477,0.0499033158179619
"img_00808.jpg",0.809639911166434,0.139571135711056,0.00246294784070426,0.00452205192626707,1.00568923086871e-05,0.00634468196855715,0.00227697930839743,0.0351722351862753
"img_00816.jpg",0.942639515504689,0.00984142614880763,0.0021291423332664,0.00213809935696934,1.00592745198761e-05,0.00336127954507109,0.00496226300306278,0.0349182148336133
"img_00828.jpg",0.000996155333366395,0.000694945840899045,0.0046167368593007,0.000668480304032995,0.989820665159391,0.000946697256385305,0.000683841973474301,0.00157247727315015
"img_00833.jpg",0.75077936134421,0.0246269243358039,0.00412264213228464,0.00392012563025727,1.00431970344352e-05,0.0597130433668059,0.0295082623844835,0.127319597609121
"img_00837.jpg",0.788566871573813,0.0868863735120034,0.00529630864606666,0.00461030241342719,1.01078238119189e-05,0.0865010900535641,0.0024320796204056,0.0256968663569081
"img_00855.jpg",0.824606664113021,0.0349841864593999,0.0131250984114546,0.00436242704550373,1.02846997498212e-05,0.0411012417917928,0.0101435932676506,0.0716665042114279
"img_00857.jpg",0.960951641956075,0.0169697348459316,0.00272531567636501,0.00205469496659419,1.00359657427343e-05,0.00629610959953302,0.00330912732417838,0.00768333966558008
"img_00858.jpg",0.948328427326354,0.00590825073713974,0.00227320851405452,0.00216771667394738,1.01480713240355e-05,0.00867552053163958,0.00377083376882397,0.0288658943767165
"img_00865.jpg",0.859544607454948,0.0751573519002344,0.00222391243464766,0.00291107297528939,1.00289647757302e-05,0.0159062891184223,0.0275256274615086,0.0167211096901743
"img_00876.jpg",0.000680523352007484,0.000672305855885107,0.000684321728363517,0.00066701300722355,0.991648715825354,0.000693406269345563,0.000683129790213203,0.00427058417160801
"img_00889.jpg",0.0739576885989605,0.0273490566137021,0.20368938431836,0.00745838164408475,0.111151067320948,0.0445933184953489,0.021193234852757,0.510607868155839
"img_00894.jpg",0.553980441194646,0.013695097830238,0.0143543099937476,0.0142655875169155,0.284570568493601,0.0121037912385701,0.00835180539385968,0.0986783983384223
"img_00902.jpg",0.00466657542395711,0.00311882784730741,0.00228187905300606,0.00233745719745942,1.00646936633148e-05,0.00446892983815868,0.976510791912074,0.0066054740343737
"img_00914.jpg",0.00230193373301261,0.00241240377244673,0.00202094022151903,0.00198703201819881,1.00203129075071e-05,0.00199091998272732,0.00199321045657351,0.987283539502614
"img_00921.jpg",0.737009569992236,0.00430611554689844,0.00388875895909997,0.0025603274088756,1.01141248939955e-05,0.137949531171681,0.0550485434356214,0.0592270393606937
"img_00927.jpg",0.132486506602995,0.0585854520632004,0.00673394841447831,0.00279826136163581,1.00502468110775e-05,0.0121420766557594,0.0158582349367172,0.771385469718403
"img_00943.jpg",0.91533465015549,0.0553394746413787,0.0021064541395308,0.00247281991677281,1.00281575108786e-05,0.00266611187615209,0.00233212458399023,0.0197383365291745
"img_00948.jpg",0.204480665400058,0.0145915853740555,0.0161461196676843,0.00508561276779202,0.665531428598261,0.0164357311032076,0.0112312369379721,0.0664976201509693
"img_00950.jpg",0.00234943297853694,0.000963497826727504,0.00141813475771207,0.000719971542200321,0.990734966816498,0.00130545374678293,0.00107401797601734,0.00143452435552464
"img_00959.jpg",0.850438749255572,0.0139714162238091,0.00678765080266397,0.00460989394624948,0.0699093496450104,0.0138674937616417,0.0113970783030912,0.0290183680619623
"img_00962.jpg",0.114970436063105,0.00727535654057523,0.0061963899744985,0.00213957015394286,1.0205474272607e-05,0.00930937276065604,0.0134665960990418,0.846632072933908
"img_00964.jpg",0.00232513379662958,0.0226919497263461,0.936074237720931,0.0055818230290197,1.00212660517726e-05,0.00231158749645587,0.00352070305113732,0.027484543913429
"img_00966.jpg",0.656017772807251,0.0101397600801468,0.00913011507133216,0.00689683581563778,0.172115897207134,0.0395490009058988,0.00875927360048727,0.0973913445121115
"img_00974.jpg",0.88922069197125,0.0142103289745304,0.00391081590299881,0.0106108553641906,1.00216036662039e-05,0.0186061148653801,0.00219942031651836,0.0612317510014661
"img_00979.jpg",0.00696889461238329,0.00674249612755644,0.0228394552533723,0.00218900507021973,1.0057985813988e-05,0.00457185959351127,0.00357552723183415,0.953102704125309
"img_00982.jpg",0.413803210780505,0.331784351808385,0.0456574514532259,0.0230014684824005,0.101426693674228,0.035122553479402,0.0122831500445297,0.0369211202773235
"img_00985.jpg",0.750856741703784,0.0295710664287871,0.00297785444836174,0.0039213662557902,1.00837615853579e-05,0.0257957329930671,0.0231830381809981,0.163684116227627
"img_00999.jpg",0.744741049075958,0.02645828216442,0.00256618586129806,0.00286699555434487,1.00267588807771e-05,0.0129015822243104,0.0690068491491293,0.141449029211658
"img_01022.jpg",0.944066874823587,0.00438645378015953,0.00378195374935875,0.00803808855378482,1.01766601999401e-05,0.0182580939207508,0.00369061780688063,0.0177677407052783
"img_01031.jpg",0.8287441471579,0.00983298178878764,0.00666011078311649,0.00253126402260176,1.00500269090256e-05,0.141240141251897,0.00593457966313027,0.0050467253056573
"img_01035.jpg",0.585600951068035,0.0789937780526606,0.00341732687256466,0.00234487463643419,1.01414654059894e-05,0.317654818487468,0.00936957034908394,0.00260853906834729
"img_01043.jpg",0.00967411797042273,0.00107683638295401,0.00137213184694999,0.000705486410988793,0.972877504089108,0.00363189302654651,0.00866045556250866,0.00200157471052156
"img_01058.jpg",0.918105011295814,0.0125409165925752,0.00393510188566412,0.00242985927232978,1.04748824976393e-05,0.00562920635249134,0.0028036603414284,0.0545457693771999
"img_01059.jpg",0.0877444286888314,0.0163582124554831,0.00732633550947256,0.00424838634625522,1.00452380976705e-05,0.0623314260624296,0.0110495537880038,0.810931611911427
"img_01090.jpg",0.00108534173839889,0.00147758893084934,0.0016067752819059,0.000675872156630068,0.992585519643965,0.000753884576663297,0.000887019944124169,0.000927997727463186
"img_01102.jpg",0.162797847220401,0.602234978818389,0.00309403594633935,0.0383628663963579,1.00621725437593e-05,0.00491457294534091,0.00239950492687064,0.186186131573757
"img_01103.jpg",0.0184693806967443,0.0719852048934574,0.0265687208252774,0.00577230984512374,1.00721057125464e-05,0.00291843100921351,0.00970788107529981,0.864567999549171
"img_01116.jpg",0.758523485140354,0.0579098775516466,0.00876883698793658,0.0171244604023996,1.00281241066941e-05,0.0463767971530285,0.00314750973979701,0.108139004900731
"img_01134.jpg",0.888731896096759,0.0141822355048068,0.00803136332696292,0.00724190254914181,1.00425578063895e-05,0.0380438977510942,0.00648581788258559,0.0372728443308433
"img_01142.jpg",0.609193491100964,0.0302583703982717,0.049607643083971,0.0174792514370986,0.244957364792784,0.0194069907484135,0.00763920427463965,0.0214576841638572
"img_01168.jpg",0.00853212623489909,0.00729454229204903,0.00138257917442197,0.00351870864068619,0.00277659404787804,0.95730162754595,0.00395144606019294,0.0152423760039224
"img_01171.jpg",0.000791324277590829,0.00068717915425316,0.000837056209612274,0.000664494249464677,0.992602773441165,0.000749543411250303,0.000667340901273329,0.00300028835539045
"img_01177.jpg",0.743443579326303,0.0483478970826087,0.030450849782204,0.0115763146956299,0.0654706253668225,0.0414148404075707,0.0183265454121225,0.0409693479267392
"img_01179.jpg",0.965003754596442,0.00664838480041661,0.00355627614363104,0.00766598642924882,1.0053651337681e-05,0.0113341629482498,0.00286358939010786,0.00291779204056605
"img_01188.jpg",0.0599825622251083,0.428538549580055,0.00486907791150726,0.0204250561116433,1.00853778096225e-05,0.213240721404139,0.0321887250575301,0.240745222332207
"img_01198.jpg",0.363320163647859,0.0171175892332351,0.00271710126004112,0.00237451097226028,0.551379006950099,0.00469446896804341,0.0175992586721825,0.0407979002962794
"img_01204.jpg",0.000675702689387966,0.000673320016718255,0.000687002256129741,0.000662658232301477,0.988317197384809,0.000675879499328152,0.000674563818317495,0.00763367610300757
"img_01208.jpg",0.00339045116070318,0.000901665707715197,0.0010948700222257,0.000760338987940708,0.989975229639267,0.00161422264347807,0.00107963305438823,0.00118358878428195
"img_01211.jpg",0.929483548634768,0.0521255238517264,0.00220655748047597,0.00511481929749757,1.00566105965019e-05,0.0024709673204208,0.00211302625359138,0.00647550055092296
"img_01213.jpg",0.844025155147692,0.0937661041928882,0.00699988883917653,0.00967395767733541,1.00945348577652e-05,0.0122801288565754,0.00561965685391741,0.0276250138975572
"img_01222.jpg",0.776642692021708,0.0901367635132553,0.0059920926030535,0.0232233211814876,1.00520127663276e-05,0.014952427716048,0.0071659039833393,0.0818767469683421
"img_01224.jpg",0.0132792443574003,0.0208247380844159,0.111028351265042,0.00391937949006836,1.00244386659286e-05,0.00703992291643153,0.00363172265415647,0.84026661679382
"img_01237.jpg",0.0158277974035784,0.0016006947139848,0.00106864368974665,0.000671756536356701,0.967974363287329,0.00235093157895003,0.000968868404531035,0.00953694438552301
"img_01249.jpg",0.0133319765266804,0.00999633231652858,0.00376675945705188,0.00340712667231582,0.962519623430195,0.00324931174787936,0.00125381923197325,0.0024750506173755
"img_01253.jpg",0.00267065711510603,0.00202173786504338,0.00199765863704028,0.00198769684910726,1.00198206301393e-05,0.00198731749915165,0.001988030111189,0.987336882102732
"img_01286.jpg",0.08999432104477,0.0111150046618487,0.00235692642139403,0.00672251094827542,1.01620279489234e-05,0.00588041642360659,0.00242393620517867,0.881496722266978
"img_01289.jpg",0.0696180287652779,0.0319963004639064,0.00588669373013299,0.00416587500096522,1.00395116081571e-05,0.0161774075446497,0.00771299111511096,0.864432663868349
"img_01325.jpg",0.010718267322916,0.0031128651228046,0.00229092908656881,0.000735068027993449,0.975642473090295,0.000888099420914195,0.00197654768070038,0.00463575024780804
"img_01328.jpg",0.904984041103642,0.0599973194841353,0.00233527127063919,0.0055495993638046,1.00296509704657e-05,0.00847545250936546,0.00308818371861909,0.0155601028988237
"img_01366.jpg",0.262210724606526,0.0117636456758793,0.0115968309816196,0.0110640721189548,4.65288878216775e-06,0.692717880989292,0.00248068744789081,0.00816150529105487
"img_01371.jpg",0.961154355864027,0.00694003244658044,0.00345450002917583,0.00217008498599906,1.01752762874671e-05,0.00398276133533937,0.00293522653567888,0.019352863526912
"img_01373.jpg",0.00583691793687646,0.00345782371424124,0.00489876925524067,0.00160151226378429,0.964242021289486,0.016886188919289,0.00163949718410589,0.00143726943697604
"img_01377.jpg",0.00689356045050236,0.00346716457725041,0.00224602896710727,0.000884378035496463,0.978478486388363,0.00611599152978639,0.000834126684830563,0.00108026336666312
"img_01379.jpg",0.877471020601576,0.0168423599361228,0.0170000175850615,0.00533320968508646,1.00720311653742e-05,0.0276000733329321,0.00438187600076104,0.051361370827295
"img_01384.jpg",0.196570432998171,0.0663274787017805,0.018632827071999,0.00463764905666232,5.68884715257568e-06,0.676780117851703,0.00158048062243252,0.0354653248500993
"img_01388.jpg",0.79761515444968,0.133669143123381,0.00336247358398971,0.00214055093894749,1.00460565899732e-05,0.0314381927881266,0.00289503824886457,0.0288694008104207
"img_01392.jpg",0.0029588812354138,0.0174683803959674,0.879157617310471,0.00504464116506405,1.00451916860992e-05,0.00238036598933163,0.00275495104440795,0.0902251176676582
"img_01399.jpg",0.00767578055046542,0.872999699783296,0.00742990023017272,0.00230482355968729,1.00475253411344e-05,0.0161374539596772,0.00285833161771926,0.0905839627736406
"img_01404.jpg",0.929535952061642,0.0101343534246136,0.00220421804522109,0.0107943021249794,1.0024100406382e-05,0.0163031259522294,0.00208819960843224,0.0289298246824763
"img_01405.jpg",0.859121928799289,0.0138790354652281,0.00346822986471384,0.00323987180086894,1.00882164744244e-05,0.114053902404093,0.00281220279408405,0.00341474065524787
"img_01413.jpg",0.953177397626422,0.00613917113216249,0.00412620161014011,0.00713326186019305,1.00817147846863e-05,0.00868329491467836,0.00463887689566209,0.0160917142459576
"img_01426.jpg",0.0493242300487878,0.233830321240211,0.00317276940301664,0.00218083636109008,1.00398160257804e-05,0.00470137997851844,0.615477378348528,0.0913030448038222
"img_01431.jpg",0.00236855906440465,0.000745185038381283,0.000236554453535544,0.995651062904039,9.98198024410208e-07,0.000382453644532549,0.000226467517467755,0.000388719179615061
"img_01441.jpg",0.00312385889375522,0.00238576572546883,0.00207004097685943,0.00201004729955141,1.00221834416711e-05,0.00211129010227925,0.00229718277213727,0.985991792046507
"img_01444.jpg",0.178203896949733,0.0113620764500114,0.00239709284744732,0.00402130186336604,1.00566080226948e-05,0.0141410023403664,0.0768225644366949,0.713042008504358
"img_01490.jpg",0.00867705609224475,0.00706934534606314,0.046106524900808,0.00390305715620176,1.00345543677741e-05,0.00263543836912776,0.00225436349916396,0.929344180082023
"img_01495.jpg",0.619268954718227,0.034998271551939,0.011391686132909,0.00924817239979013,1.00287817836166e-05,0.0120810703190847,0.00337806142782683,0.30962375466844
"img_01505.jpg",0.00105517174820366,0.000707759149058314,0.000794808449645703,0.000692271928738824,0.991748316120039,0.000718089929081771,0.00073943333141301,0.00354414934382005
"img_01511.jpg",0.886654858032718,0.0284213325400736,0.0503950004734382,0.00533278801489949,1.00405885457167e-05,0.012416425157592,0.00363841271525986,0.013131142477473
"img_01519.jpg",0.415546145030646,0.0532024025787259,0.00518688614023827,0.0112513435610029,1.00760930845525e-05,0.131605843263016,0.125942653776034,0.257254649557253
"img_01530.jpg",0.914139152603667,0.0335363483127253,0.00313716716939463,0.00300695535901261,1.03423985126179e-05,0.00301186827917849,0.00257452689823644,0.0405836389792726
"img_01537.jpg",0.817373408674074,0.0135727391292763,0.0432824946748831,0.00224168714311211,1.0320655381543e-05,0.0774594193114462,0.00673855909513515,0.0393213713166916
"img_01538.jpg",0.894016032745305,0.0336882635671742,0.00573039167360947,0.00275229286926316,1.00505592324331e-05,0.0465926276536519,0.00460493390753653,0.012605407024227
"img_01541.jpg",0.000977909576304313,0.000705714535611498,0.00696498277840024,0.000658152028025189,0.986707592645739,0.00179740980255233,0.00067201946968875,0.00151621916367887
"img_01543.jpg",0.955367939117615,0.00379973393066229,0.00230228652475105,0.00218667148249062,1.00808495015956e-05,0.00243432356664154,0.00215466948498828,0.0317442950433497
"img_01548.jpg",0.953431657010845,0.00340414842528248,0.0027039663605272,0.00208033010737028,1.01350722645456e-05,0.0235889461679561,0.00577574028229042,0.0090050765734641
"img_01552.jpg",0.95381026112219,0.00677709019301922,0.00401600099541929,0.00204029917791281,1.00463004450737e-05,0.0245353987018743,0.00348808623725397,0.00532281727188507
"img_01561.jpg",0.00748029499077965,0.00121342620681964,0.00254275491558712,0.000913087243306183,0.982968548534337,0.00121919129801332,0.00162165416084099,0.00204104265031596
"img_01562.jpg",0.705715672855167,0.0121629530154805,0.00358530842267138,0.00249569155390408,1.00330832661987e-05,0.00839726082877138,0.0436401404241812,0.223992939816558
"img_01571.jpg",0.934421629490599,0.0298367938323235,0.00207018174999536,0.00212044399192986,1.00239647986611e-05,0.00216907726026569,0.0114808756298645,0.0178909740802232
"img_01593.jpg",0.601506440828688,0.144606561573581,0.00362944833633177,0.00372574563620884,1.00386772817695e-05,0.0189407793033463,0.0118917721679511,0.215689213476612
"img_01595.jpg",0.00391969544434147,0.00371240292068327,0.00460464558030576,0.00109060433697922,0.974347351934064,0.00111334692856195,0.00106436261714711,0.0101475902379171
"img_01616.jpg",0.844329531965946,0.114480481528118,0.00260430420009598,0.00399492414526297,1.01098627640771e-05,0.00559339633588252,0.00522552612368152,0.023761725838249
"img_01618.jpg",0.906628799126744,0.0121590664702706,0.00247111850985203,0.00259254840817855,1.03767316492732e-05,0.0528775618490072,0.0158492646871949,0.00741126421710388
"img_01627.jpg",0.898828739249522,0.0518999660179659,0.00208720143129863,0.00214125680137632,1.00210009828698e-05,0.0325474575995929,0.00263128141301181,0.00985407648624998
"img_01632.jpg",0.740633962642196,0.0152146918564811,0.0167493508068606,0.0073459218930601,0.14860624662146,0.0292298944778961,0.016996500097403,0.0252234316046428
"img_01633.jpg",0.878806287248171,0.00983488138424724,0.00606941925304862,0.00522530652882964,1.00533311608815e-05,0.0548790908209387,0.00856102905882378,0.03661393237478
"img_01640.jpg",0.976759361209323,0.00733565565799947,0.00213538382077882,0.00292273256701913,1.00660015726506e-05,0.00231194863612146,0.00207297687025083,0.00645187523693468
"img_01646.jpg",0.930570152116949,0.0274222452976386,0.00250554993540118,0.0042508763360227,1.00210507500063e-05,0.0266371619685554,0.0027556075892803,0.00584838570540289
"img_01647.jpg",0.00119678979388174,0.000690345261077856,0.000702355565616375,0.000659417708611042,0.99440158333067,0.000934942304331085,0.000699469981590937,0.000715096054221105
"img_01649.jpg",0.895389617086465,0.0435139645453694,0.00421198045113173,0.00967011680998615,1.05108934225368e-05,0.0173417514210251,0.0102823051991634,0.0195797535934364
"img_01657.jpg",0.0296778815804706,0.00431034097190806,0.221771176242443,0.00207614309480816,1.00536666970309e-05,0.00804987436844457,0.00237857706042023,0.731725953014809
"img_01669.jpg",0.00236855906440465,0.000745185038381283,0.000236554453535544,0.995651062904039,9.98198024410208e-07,0.000382453644532549,0.000226467517467755,0.000388719179615061
"img_01673.jpg",0.599222570310969,0.00948769854976007,0.00825622155571184,0.00805648085704743,0.316097626008005,0.0164057331543086,0.0184240232415365,0.0240496463226615
"img_01681.jpg",0.0853995985810822,0.00794360310364314,0.00474072599611368,0.00231551564331854,1.00405392378396e-05,0.00454068793974805,0.00531626154758873,0.889733566649268
"img_01684.jpg",0.878037421410723,0.0247588213393732,0.00299102228585827,0.00682912861041194,1.00238030891044e-05,0.00918782749537181,0.00403214556752009,0.0741536094876526
"img_01685.jpg",0.173577133036507,0.0411029759360715,0.128147175505802,0.0243309631513058,0.195490263916727,0.309045800098046,0.0114079128098975,0.116897775545643
"img_01687.jpg",0.602194407143178,0.00966537474135572,0.00266313905869453,0.00294045278253506,1.00341004606972e-05,0.00600975564339075,0.0306590121814264,0.345857824348959
"img_01688.jpg",0.040252195883457,0.0272435788171208,0.00516153917092176,0.00414956207809859,1.00440357901401e-05,0.0124824641596434,0.0082837549774724,0.902416860877496
"img_01689.jpg",0.00537608709064122,0.00401348447389007,0.0114209371716736,0.00206916182591833,1.00334751583559e-05,0.0108006781093276,0.00436024107731767,0.961949376776073
"img_01716.jpg",0.00119916841787747,0.000718621161906679,0.00827577214223093,0.000657507895662372,0.98538650027389,0.00195406675144748,0.00069606031831001,0.00111230303867507
"img_01717.jpg",0.0126838222508612,0.00160289839389221,0.000783339202340152,0.000761880507778515,0.976920979545276,0.00161524416419048,0.00259693603538797,0.00303489990027389
"img_01724.jpg",0.817373408674074,0.0135727391292763,0.0432824946748831,0.00224168714311211,1.0320655381543e-05,0.0774594193114462,0.00673855909513515,0.0393213713166916
"img_01745.jpg",0.820051687209016,0.0466436737854546,0.0383297323727896,0.0165450841148428,0.0156579980657482,0.0349782131477657,0.00889105211619754,0.0189025591881859
"img_01771.jpg",0.913706945754532,0.0309813054848471,0.00420425685569709,0.00840467998507951,1.01455206314568e-05,0.00975754696262673,0.00733442123050998,0.0256006982060762
"img_01773.jpg",0.71382830507212,0.0132490852058886,0.00255113497876755,0.00216718020194795,1.00243789593177e-05,0.00355589044697849,0.0181528362609792,0.246485543454359
"img_01781.jpg",0.00427661996014159,0.00105703112868888,0.00192145953026299,0.00334820959619516,0.98570014827437,0.00183455232863949,0.000928510828800479,0.000933468352901896
"img_01782.jpg",0.00170987895019003,0.000755342293154407,0.000918943365860509,0.000662660476713304,0.992756852439811,0.00125387861850781,0.000697832431248612,0.00124461142451464
"img_01802.jpg",0.707931528793094,0.0148176183658854,0.0107844107689964,0.0116559231223893,0.216742865727745,0.0082222294962594,0.00971591014290936,0.0201295135827204
"img_01803.jpg",0.0125549480913016,0.101823438649099,0.708701387256756,0.0142032744455732,0.0190447978812557,0.0112533941047921,0.016228518692631,0.116190240878592
"img_01824.jpg",0.82473875032895,0.007847343951777,0.00299220769046561,0.00438026251853224,1.01039223468422e-05,0.118647320041672,0.0129847149077722,0.0283992966384836
