"image","ALB","BET","DOL","LAG","NoF","OTHER","SHARK","YFT"
"img_00005.jpg",0.00339497286248704,0.00149112540066164,0.00227017166709937,0.000843185861628161,0.986666708485245,0.0016448983035105,0.00156046725364453,0.00212847016572344
"img_00007.jpg",0.0455198874126034,0.0106207486020866,0.0026408916833594,0.00264480534013858,1.0018630986884e-05,0.00143458070310799,0.00140792195933926,0.935721145668378
"img_00009.jpg",0.8814919388819,0.0558881317824159,0.00200394968561153,0.00171914704899,1.01000900482971e-05,0.0543690961383238,0.00153741464535726,0.00298022172735321
"img_00018.jpg",0.811088926431361,0.0264509821777461,0.00164924073448434,0.00549519505519654,1.00180799848477e-05,0.149807288944499,0.00140444688185393,0.00409390169487446
"img_00027.jpg",0.317270036614547,0.0174072961506908,0.00372552201267073,0.00183480421172421,1.00232547220664e-05,0.0888355154552702,0.00875271997450505,0.56216408232587
"img_00030.jpg",0.0170076874782266,0.00198020061898931,0.00103324717321003,0.00463228639429395,0.969473874490091,0.00383640721900894,0.00082702800821575,0.00120926861796457
"img_00040.jpg",0.0806571517614593,0.00522895095948596,0.00179353856374078,0.00158595276358089,1.00317588239985e-05,0.00571867972117407,0.882559705759984,0.0224459887117507
"img_00046.jpg",0.543841518499076,0.00978731708302624,0.0121367819108611,0.00697602789622176,0.384127310473338,0.0125284145061579,0.0156742541726723,0.0149283754586467
"img_00053.jpg",0.936302007657051,0.0120595735626789,0.0109547499232871,0.00209295602591117,1.0078476118997e-05,0.0288370038403239,0.00230145421947282,0.00744217629515635
"img_00071.jpg",0.00227038050376066,0.000278159264717656,0.000139269614451884,0.996795419426108,9.98254780782007e-07,0.000214210451635248,0.000134806640123193,0.000166755844422693
"img_00075.jpg",0.859567601815497,0.0279742844138481,0.00196294479766879,0.00342698944060354,1.00753311257625e-05,0.10179352694819,0.0023856290302579,0.00287894822280931
"img_00102.jpg",0.4430844309984,0.00820491218572203,0.00156640478906946,0.00185197613090268,1.00501055316377e-05,0.0168005215648873,0.00360543150184996,0.524876272723637
"img_00103.jpg",0.758907329442159,0.0250394713242648,0.100234203094239,0.00198118744903072,1.00219054278792e-05,0.0178146103446744,0.00140505912759754,0.0946081173126064
"img_00109.jpg",0.975792513308986,0.00730312089187173,0.00148213200456095,0.00145909965338312,1.00147793162491e-05,0.00704736137790202,0.00179994473221833,0.00510581325176122
"img_00119.jpg",0.000897103499757845,0.000823176785066671,0.000840127185593481,0.000678686390500904,0.991148375288958,0.000739776070579044,0.000777651746020288,0.00409510303352369
"img_00120.jpg",0.756177274918287,0.00988802421439611,0.00184330446746291,0.00187604591322938,1.00145165209043e-05,0.00813187383417495,0.0385523720715979,0.183521090064331
"img_00125.jpg",0.893243499819599,0.00562227495276743,0.00311639077929524,0.00364129347463322,1.00217784501552e-05,0.0137040065710531,0.00291194037974433,0.0777505722444571
"img_00128.jpg",0.0103156264416365,0.111048470814221,0.312467461233205,0.00147940958032443,1.00250925401489e-05,0.0053599353745129,0.00188385147546393,0.557435219988096
"img_00129.jpg",0.170355740838462,0.00529113952472384,0.00264592038613898,0.00184502333955673,1.00285759587024e-05,0.0066996291726947,0.75029948733299,0.0628530308294747
"img_00133.jpg",0.0127313753538587,0.00218490113104258,0.00154244239418584,0.00129980876294845,0.976423841798733,0.00304747142991343,0.000756930364886594,0.002013228764431
"img_00138.jpg",0.742137361931282,0.219194638438462,0.00482116793391184,0.0041269607787877,1.00167241594632e-05,0.0051383658375857,0.0027843438001183,0.0217871445556931
"img_00141.jpg",0.00292192226780659,0.00356166784594027,0.00544244958926187,0.00138299513599759,1.00162551676842e-05,0.00167034243935304,0.00145004452628287,0.98356056194019
"img_00152.jpg",0.0208261318586434,0.016243328925933,0.00295049409207855,0.00162977654189463,1.00421834168116e-05,0.00853649376670809,0.00379999769671809,0.946003734934607
"img_00161.jpg",0.00236235865034265,0.00137706446511251,0.00133955384496229,0.00133532529903998,1.00137769011272e-05,0.00136099566961792,0.00133690463085889,0.990877783663165
"img_00164.jpg",0.0011337887901065,0.000775575582644765,0.000724473058736053,0.000681095526317574,0.993843129948379,0.000720402714167287,0.00103999045950978,0.00108154392013899
"img_00170.jpg",0.0147847518891638,0.00352150414527882,0.000213395054725214,0.962202886503487,9.63671485944191e-07,0.000983281857287777,0.000147498204403202,0.0181457186741685
"img_00171.jpg",0.319268861533288,0.0126187431007657,0.0104696026970202,0.00851259613831381,5.53268440317486e-06,0.637664827398996,0.00158769689868844,0.00987213954852479
"img_00172.jpg",0.00814232761922447,0.0100900081806882,0.00252354371284431,0.00087456010458746,0.968085565195044,0.00728101212708681,0.000765997015692601,0.0022369860448326
"img_00175.jpg",0.319268861533288,0.0126187431007657,0.0104696026970202,0.00851259613831381,5.53268440317486e-06,0.637664827398996,0.00158769689868844,0.00987213954852479
"img_00180.jpg",0.00918099741608299,0.00211779298688515,0.00292554743517221,0.00200261213603058,1.00140843890177e-05,0.00257326853653709,0.00255983801589884,0.978629929389004
"img_00196.jpg",0.00228823193886483,0.000977063510167027,0.000905567564870183,0.000684583045482385,0.992197490992933,0.00110155604848627,0.000757405662018027,0.00108810123717858
"img_00212.jpg",0.199776128820778,0.0048552513122922,0.00149855550367054,0.0179653518059414,1.00155955553248e-05,0.00182971141837221,0.0014794015197568,0.772585584023634
"img_00223.jpg",0.892563131058846,0.0108769015766037,0.0489730546396768,0.00401247543315487,1.00284994734089e-05,0.0153365517891452,0.00281385209712022,0.0254140049059803
"img_00230.jpg",0.813847716011674,0.0980946311444229,0.00154150962255337,0.00157448520592343,1.00212998870657e-05,0.0618033548396486,0.00145180266340999,0.0216764792124803
"img_00232.jpg",0.00277895355349063,0.00170801042201339,0.00097497378524985,0.00110863024641695,1.00384700995535e-05,0.0026599163644907,0.98797983237,0.0027796447882392
"img_00244.jpg",0.821222545386859,0.064075023272022,0.00182641776743458,0.00310102534779293,1.00255675577122e-05,0.0595402156708314,0.0018285867866438,0.0483961602008583
"img_00272.jpg",0.907883534771987,0.0171160394178144,0.040032184135521,0.00893721571713702,1.00155310357064e-05,0.00908978362631722,0.00231108919559391,0.0146201376045941
"img_00280.jpg",0.96639860102209,0.00369147509740164,0.00324182726037317,0.00151472239322636,1.00196750587933e-05,0.00252677563585134,0.00187443997185574,0.0207421389441435
"img_00282.jpg",0.319268861533288,0.0126187431007657,0.0104696026970202,0.00851259613831381,5.53268440317486e-06,0.637664827398996,0.00158769689868844,0.00987213954852479
"img_00285.jpg",0.747092970593066,0.0127076447952695,0.00259403534569594,0.00163910082541791,1.00213052352421e-05,0.00611248518340684,0.012759762367765,0.217083979584144
"img_00289.jpg",0.974271626746933,0.00550690414590872,0.00337928449233973,0.00163448024350161,1.02635066616029e-05,0.00275005284296602,0.00198237998681231,0.0104650080348774
"img_00292.jpg",0.824753428337154,0.0218176393730753,0.00289718526366943,0.00225440050713356,1.00272223379911e-05,0.0255844786631759,0.0107095439347043,0.11197329669875
"img_00302.jpg",0.0806571517614593,0.00522895095948596,0.00179353856374078,0.00158595276358089,1.00317588239985e-05,0.00571867972117407,0.882559705759984,0.0224459887117507
"img_00311.jpg",0.986978974667879,0.0035237669587054,0.00142066359969441,0.00194282853961657,1.00373610312695e-05,0.00154352776756721,0.00137919402345275,0.00320100708205315
"img_00320.jpg",0.981218643294529,0.00724771531178516,0.00138394882529183,0.00135439744923235,1.00265938199304e-05,0.00374185783925819,0.0014575829182251,0.0035858277678581
"img_00331.jpg",0.924373779456813,0.0107985958450257,0.00177319407271234,0.00175421421405856,1.00173726985816e-05,0.0192660055036677,0.00591852125405592,0.0361056722809682
"img_00358.jpg",0.29031894464127,0.0156639999879227,0.00192980630354665,0.00193772639053861,1.00351343764418e-05,0.0183932759106856,0.0190797307522853,0.652666480879375
"img_00374.jpg",0.680068967139786,0.024117087062195,0.00231652430949923,0.00209941710442448,1.00168440943184e-05,0.00271960575661354,0.00162479532059093,0.287043586462796
"img_00375.jpg",0.0270339840109075,0.0227658766706957,0.91121554476074,0.00594230538954444,1.00636593276379e-05,0.015979887569454,0.00340451682061559,0.0136478211187153
"img_00376.jpg",0.921633524647109,0.0374790580672893,0.00591010585857103,0.00140607391832441,1.00235171384099e-05,0.0178312815328369,0.00613631315785076,0.00959361930087983
"img_00380.jpg",0.933254186074921,0.0243143957213455,0.00262485924678629,0.00246695621076588,1.00167014082891e-05,0.0321508593865613,0.00147818846590507,0.00370053819230664
"img_00383.jpg",0.903344612316018,0.025992052206475,0.00142514030654457,0.00250321573001579,1.00211491934228e-05,0.00184272517636087,0.00139348236473546,0.0634887507506566
"img_00398.jpg",0.965843041120604,0.00859937333873297,0.00150885664994225,0.0025719807526187,1.00312698209064e-05,0.00280386306034029,0.00161988756728825,0.0170429662406525
"img_00407.jpg",0.941925178477935,0.0301625780987959,0.00287038720082626,0.00238258996500949,1.00182766510267e-05,0.01680881607728,0.00150692705279538,0.00433350485070687
"img_00417.jpg",0.0955416020804445,0.00511126242920907,0.00147002474049745,0.00529939347950885,1.00155705389517e-05,0.00142554962586836,0.00139701512411367,0.889745136949819
"img_00432.jpg",0.468571364815971,0.0464331527732236,0.0901671938563102,0.0226654300208439,0.0692348307856338,0.177465764397941,0.0123607154506455,0.113101547899432
"img_00442.jpg",0.00177243219043647,0.00145024164619634,0.00133439354013612,0.00132936855878986,1.00137767340021e-05,0.0013770327799202,0.0013385605459937,0.991387956961793
"img_00446.jpg",0.95418581649595,0.00607003205008641,0.0016135136747848,0.0028558737906952,1.00208217670985e-05,0.0117245062417725,0.0016616162662873,0.021878620658657
"img_00469.jpg",0.918079254188848,0.00704775804382068,0.00218144260685408,0.0045723326758827,1.00204788031866e-05,0.00701820087064732,0.00199870999323246,0.0590922811419121
"img_00473.jpg",0.968576515993168,0.00529473604290157,0.00164185291575032,0.00189808417400485,1.00256725996627e-05,0.00194929040240157,0.00148109196626989,0.0191484028329045
"img_00483.jpg",0.948534712719213,0.0385321298794939,0.00136748462398472,0.0014897222723096,1.00189551152043e-05,0.00213818142143211,0.0014629802910067,0.00646476983744525
"img_00484.jpg",0.0958784463250044,0.0423824888688986,0.00266126606659894,0.00642071161210008,1.00154468650763e-05,0.00461996339381759,0.00195631945259905,0.846070788834116
"img_00486.jpg",0.944549118207823,0.020569504272155,0.0123040496581467,0.00737787383005968,1.0035872138164e-05,0.00285930716336726,0.00347937114313648,0.0088507398531737
"img_00487.jpg",0.0108683996848476,0.0063865808516541,0.00261201656527992,0.00488994777836721,0.964252562944926,0.00275482279264492,0.00222556403309859,0.00601010534918206
"img_00493.jpg",0.00391015371577213,0.000756516871804269,0.00116894119350659,0.000678845890930272,0.988018520846992,0.00343110462015243,0.00109609055680176,0.000939826304040705
"img_00518.jpg",0.819762897458097,0.0355158978227784,0.00203096732037977,0.00615349965734461,1.00579417987079e-05,0.00374638478083736,0.00186977320087744,0.130910521817886
"img_00533.jpg",0.453055280984929,0.0104853680670187,0.00173306789825344,0.00189865931719406,1.00529733045434e-05,0.0141226345145152,0.00977627372116269,0.508918662523622
"img_00538.jpg",0.768548303565166,0.0797843193185437,0.00188835718375322,0.00162398825862218,1.00161506852363e-05,0.00503809813616291,0.00157996482626274,0.141526952560804
"img_00543.jpg",0.986978974667879,0.0035237669587054,0.00142066359969441,0.00194282853961657,1.00373610312695e-05,0.00154352776756721,0.00137919402345275,0.00320100708205315
"img_00550.jpg",0.206649306673773,0.0858808869193005,0.0140403900454696,0.00339789281361916,5.57432335510417e-06,0.677510721475007,0.00162218258934496,0.010893045160131
"img_00551.jpg",0.878739980647166,0.0121497740848767,0.0053360701314498,0.00394679529634793,1.00201237031813e-05,0.0418144847358315,0.00444566184692118,0.0535572131337038
"img_00564.jpg",0.00460805799149168,0.00177946420376514,0.00207774276936401,0.00234092861501548,0.981906160037879,0.00316999624374521,0.00120352636448694,0.00291412377425297
"img_00575.jpg",0.7737246052875,0.00851898813745045,0.00190811452754757,0.00177346751118605,1.00154945923572e-05,0.0277411707947114,0.00490495214728389,0.181418686099728
"img_00582.jpg",0.910705471954693,0.0338407847868736,0.00286546050238988,0.0023438623212527,1.00487074778094e-05,0.0395019356753229,0.00211800079845321,0.00861443525353699
"img_00584.jpg",0.95237708033582,0.00212203105692161,0.00376853318933395,0.0031068530800677,1.00969037783506e-05,0.0301294055054586,0.00252179735038853,0.00596420257823089
"img_00587.jpg",0.0616708571407434,0.0105723414743933,0.00150556241739073,0.00117628138381107,1.00117596676162e-05,0.0109183888411383,0.00404054527950623,0.910106011703349
"img_00590.jpg",0.062284445001177,0.0696007972973681,0.00529481999343495,0.00163622826533256,1.00158415879766e-05,0.00653222007054887,0.0108576109066163,0.843783862623934
"img_00591.jpg",0.0447521623396816,0.00415907033968638,0.00168322657031876,0.00204347873325694,1.0038702246635e-05,0.0128750973801808,0.00240795680015609,0.932068969134473
"img_00598.jpg",0.954413351744117,0.02014829426874,0.00210503055957532,0.00665530575428747,1.00154006446966e-05,0.00899753106409427,0.00207156303519492,0.00559890817334673
"img_00599.jpg",0.781891208438171,0.0104369927053519,0.00360152757755511,0.00210697741263146,1.00169479052516e-05,0.00397867626490802,0.0300745083562431,0.167900092297234
"img_00612.jpg",0.926865524031795,0.00174321156892819,0.00176740402264191,0.00157060828288739,1.00216253101148e-05,0.0447168865861426,0.00698557288629336,0.016340770996001
"img_00618.jpg",0.73105567747259,0.061537120589359,0.0321559507322542,0.0224358972350021,0.0617184660999357,0.0128268410731306,0.0205740167956747,0.0576960300020538
"img_00620.jpg",0.855713589980447,0.0222193590098186,0.0498436607414163,0.00211338131910868,1.00857800528364e-05,0.0137610374479636,0.00210570506666929,0.054233180654524
"img_00642.jpg",0.00244197170862409,0.00105174581233674,0.000348025498036665,0.995292740282972,9.96868220685038e-07,0.000360031039708392,0.000135047471449794,0.00036944131865161
"img_00646.jpg",0.0115024984022587,0.00587761721912554,0.00399245328238463,0.00156198373651495,1.00225040451941e-05,0.00267406154131061,0.0026039630370506,0.97177740027731
"img_00648.jpg",0.986978974667879,0.0035237669587054,0.00142066359969441,0.00194282853961657,1.00373610312695e-05,0.00154352776756721,0.00137919402345275,0.00320100708205315
"img_00650.jpg",0.0187911539536126,0.000705024402391097,0.000306399898941684,0.000273216158429559,9.7673757583167e-07,0.963854636751113,0.0144677685124573,0.0016008235854788
"img_00654.jpg",0.810498295440338,0.0243410349752523,0.0245618370629215,0.00974248010634298,0.0104097397186677,0.0467171632984414,0.0145058934122979,0.0592235559857379
"img_00664.jpg",0.94297047265058,0.014170433182847,0.00145924493103864,0.00138535100105532,1.00155846194507e-05,0.0034907947231001,0.00218565153311426,0.0343280363936456
"img_00667.jpg",0.000697852703936939,0.000668398274780725,0.000714161550676867,0.000665505210420688,0.994952131111313,0.000682898417518963,0.000667150792369478,0.000951901938983071
"img_00676.jpg",0.000708653096586504,0.000930578524104447,0.000844721761459855,0.000672705928940873,0.992495683216504,0.000770804538993503,0.000678120030600298,0.00289873290281087
"img_00697.jpg",0.0020918977007076,0.0024582574411211,0.00213245828026748,0.00141403570951012,1.00249372471434e-05,0.00139159178952806,0.00193106433250045,0.988570669809118
"img_00708.jpg",0.82437273906715,0.0234249620252855,0.00303729423887975,0.00392360365278729,1.00215753562107e-05,0.0733869179384128,0.0207377343713842,0.0511067271307447
"img_00716.jpg",0.00924878849415372,0.00744248570420254,0.000654180710498977,0.000255333734870687,9.68069094626026e-07,0.959560919032547,0.00121373495560784,0.0216235892990242
"img_00717.jpg",0.657073990386736,0.215534483633042,0.00239259012371056,0.0038009206528487,1.00178238759036e-05,0.110666667758563,0.00415563166400318,0.00636569795722071
"img_00718.jpg",0.891667627302774,0.00188138258438307,0.00212475122550835,0.0029355612446721,1.00180432546117e-05,0.0150593077316101,0.0014668821273008,0.084854469740497
"img_00723.jpg",0.0146673973275063,0.00159902118069365,0.000780383087875747,0.000758928000665166,0.975696435946023,0.00161126245419468,0.00259098668848195,0.00229558531455911
"img_00724.jpg",0.0422152499270451,0.00196688608905624,0.0026691215957551,0.00201225106545338,1.00340071213082e-05,0.00908331702561372,0.346776681020578,0.595266459269377
"img_00726.jpg",0.986835903118003,0.00451645663517345,0.00133569478514846,0.00134303241439318,1.00140682398744e-05,0.00215596283255695,0.00152810521628647,0.00227483093019872
"img_00729.jpg",0.95059852864524,0.011034003204925,0.00293273374943016,0.00168526480826044,1.06361032624657e-05,0.00605630797685898,0.00628715751756966,0.0213953679944531
"img_00730.jpg",0.0113129860354206,0.00301506918473365,0.00166386754421504,0.00137414237328528,1.00140133290258e-05,0.00266237522722889,0.00444079767724181,0.975520747944546
"img_00757.jpg",0.88414933961899,0.00929061176572793,0.0495548188247296,0.00940132463786926,1.00719344955982e-05,0.0303320265243551,0.00279234551469349,0.0144694611791395
"img_00760.jpg",0.0042093391796975,0.000432497106474146,0.000146784204726885,0.994421290652281,9.95820498546321e-07,0.000332409498827413,0.000160073893166799,0.000296609644327362
"img_00763.jpg",0.000744558439631233,0.000681899929574045,0.000916834347616789,0.00066351756787199,0.994130169713769,0.00118814487382123,0.000677238398599173,0.000997636729116645
"img_00764.jpg",0.00336970297155982,0.00448538342201958,0.0034571409484707,0.000953775892661713,1.00108996433609e-05,0.00103677005477584,0.000931174685714674,0.985756041125154
"img_00765.jpg",0.0456356723521681,0.564180306594973,0.00217865261470113,0.0127096244647392,1.00398785474404e-05,0.107593465765787,0.00805977328680734,0.259632465042276
"img_00772.jpg",0.0606156204182851,0.00815131675925832,0.339485163337701,0.00141949393675518,1.00549300252156e-05,0.267299404727364,0.00535757438540111,0.317661371505209
"img_00773.jpg",0.772325470518314,0.105173780456368,0.0239399922838069,0.0100840799064327,0.00880196071663822,0.0620829341926722,0.00866244742734278,0.00892933449842572
"img_00777.jpg",0.356217231525505,0.0144234303387154,0.00151923876661663,0.000946278003706153,5.52093180707439e-06,0.622143400376597,0.00377480414923973,0.000970095907812325
"img_00780.jpg",0.0070967535321345,0.00242933656433476,0.00395578551562518,0.00146183459040204,1.00513010364712e-05,0.0123543808010809,0.0120288585485493,0.960662999146837
"img_00798.jpg",0.932016965735335,0.0281311173222395,0.00228532882757625,0.0231895286418461,1.00179621978263e-05,0.00411369130395292,0.00207239203969488,0.00818095816715777
"img_00808.jpg",0.830194082175931,0.14566183710257,0.0016941258859429,0.00163224347557571,1.00380339747651e-05,0.00488730433940098,0.00151021961194759,0.0144101493746575
"img_00816.jpg",0.966483716593739,0.00571217651423848,0.00143145014844273,0.00143692546498414,1.00206702977876e-05,0.00237326821923348,0.00261236753337152,0.0199400748556932
"img_00828.jpg",0.00100114937746171,0.000697654231474161,0.0046209536677218,0.000671178515307907,0.990201374674161,0.000970339798653225,0.000686546093227309,0.00115080364199236
"img_00833.jpg",0.82855150573494,0.0170404637506625,0.00329810160581648,0.00304349295078947,1.00240309435922e-05,0.0621312161225637,0.0232385825541879,0.0626866132500967
"img_00837.jpg",0.80794306044834,0.133027702101878,0.00191955670317605,0.00198540884733941,1.00564163740094e-05,0.0496181950765295,0.00156318248013842,0.00393283792622398
"img_00855.jpg",0.898351724287429,0.0227216368835682,0.00404475894107549,0.00190147146135754,1.01740887663696e-05,0.0343651150519847,0.00541274897923856,0.0331923703065801
"img_00857.jpg",0.981218643294529,0.00724771531178516,0.00138394882529183,0.00135439744923235,1.00265938199304e-05,0.00374185783925819,0.0014575829182251,0.0035858277678581
"img_00858.jpg",0.956142451612291,0.0042801195688747,0.00152180981204029,0.00150041876064306,1.00797814859595e-05,0.0101239141295262,0.00284637592690704,0.023574830408232
"img_00865.jpg",0.917014963654887,0.0549093604348709,0.00148747503640139,0.00193371100095501,1.00195401565476e-05,0.0129378221905952,0.00269341439976822,0.00901323374236575
"img_00876.jpg",0.000688045958218298,0.000679194797273676,0.000703898122717824,0.000669832075620523,0.993792530251018,0.000718900233944407,0.00068598370098058,0.00206161486022634
"img_00889.jpg",0.0750809784697236,0.027298366059488,0.164869217193087,0.00746740543961218,0.111290726427697,0.0381279121671644,0.0211398093857613,0.554725584857467
"img_00894.jpg",0.763630556708288,0.0129160629663661,0.0138150742734618,0.0172501143735997,0.120581563271633,0.0154227645340412,0.00964752854790825,0.0467363353247017
"img_00902.jpg",0.00277895355349063,0.00170801042201339,0.00097497378524985,0.00110863024641695,1.00384700995535e-05,0.0026599163644907,0.98797983237,0.0027796447882392
"img_00914.jpg",0.00175875401981125,0.00169126439228813,0.00134711979165733,0.00132452838891455,1.0014041513392e-05,0.00132711875721832,0.00132864477017395,0.991212555838423
"img_00921.jpg",0.855196068980295,0.00311490802282768,0.00322714845232323,0.00175466738320526,1.00430740115338e-05,0.0540146812141177,0.0442444104836488,0.0384380723895705
"img_00927.jpg",0.0556314419775878,0.0457229924045221,0.00370730675376842,0.00181355605403218,1.00169331773376e-05,0.00743583540624898,0.0110418971171103,0.874636953353553
"img_00943.jpg",0.924529439464857,0.060060884341175,0.0014060918030295,0.00165416470712171,1.00191370937032e-05,0.00185470275980856,0.0015588784800201,0.00892581930689407
"img_00948.jpg",0.564709247575285,0.015812275950336,0.0186015705002773,0.00975575104473361,0.264661556439426,0.0419104243003391,0.0184313803704579,0.0661177938191445
"img_00950.jpg",0.00261199380389391,0.000960527812237743,0.00141504919462642,0.000717063421319112,0.990483165815496,0.0012788452599448,0.00107101987219476,0.00146233482028781
"img_00959.jpg",0.844541371939115,0.0134410974678077,0.00637134135612925,0.00420441000599476,0.0783475916043916,0.0131572096946723,0.0109198838374662,0.0290170940944233
"img_00962.jpg",0.098844826122018,0.00462662026835272,0.00406565395759605,0.00141929554693199,1.01364344059089e-05,0.00608576995028293,0.00961000124087684,0.875337696479536
"img_00964.jpg",0.00114538089619689,0.00245989408042966,0.986632970562152,0.00108513124634471,1.00097798130786e-05,0.00113626347514902,0.000949539967772395,0.00658080999214179
"img_00966.jpg",0.728413215124371,0.0106580594301146,0.00994202111721742,0.0074151351383859,0.121339879061651,0.0398205687541232,0.00800466435137803,0.0744064570227584
"img_00974.jpg",0.908908153395545,0.00874275275252183,0.0024622690169279,0.00197691269122489,1.00145790544207e-05,0.0262954556405627,0.0014767369805312,0.0501277049436321
"img_00979.jpg",0.00449126467040326,0.00401812613096844,0.0066552917977899,0.00101914990011118,1.00343202221266e-05,0.00217911634378239,0.00194416032574257,0.97968285651098
"img_00982.jpg",0.443416434977209,0.361593280012658,0.0485975777293107,0.0253055539797257,0.0303529568739204,0.0406430102029141,0.0194881717081653,0.0306030145160972
"img_00985.jpg",0.824753428337154,0.0218176393730753,0.00289718526366943,0.00225440050713356,1.00272223379911e-05,0.0255844786631759,0.0107095439347043,0.11197329669875
"img_00999.jpg",0.772120522133909,0.0446640781627152,0.00179585550826852,0.00193597941717998,1.00175048928308e-05,0.0120619679034515,0.0486750636451627,0.11873651572442
"img_01022.jpg",0.96688844186251,0.00331765218232085,0.00204416552231595,0.0027015992644949,1.00891463775267e-05,0.0169249368215514,0.00173215580415355,0.00638095939627593
"img_01031.jpg",0.811079036673631,0.00267050394064415,0.00517650077700724,0.00167361633369157,1.00159844403016e-05,0.172689649579716,0.00383414457603495,0.00286653213483508
"img_01035.jpg",0.356217231525505,0.0144234303387154,0.00151923876661663,0.000946278003706153,5.52093180707439e-06,0.622143400376597,0.00377480414923973,0.000970095907812325
"img_01043.jpg",0.00972405455335041,0.00107648964764626,0.00137176448784531,0.000705165611217975,0.972809557132494,0.00363136784295296,0.00865957917794784,0.00202202154654489
"img_01058.jpg",0.951779419803664,0.00579493831926419,0.00273348229649371,0.00176489189073491,1.01909073038131e-05,0.00426269998963953,0.00194212741741903,0.0317122493754807
"img_01059.jpg",0.0221458518437685,0.00840871784664717,0.00176923804876014,0.00186832644766978,1.00210178350334e-05,0.0213264820195306,0.00513526665925713,0.939336096116532
"img_01090.jpg",0.00138928131090642,0.00242694310296704,0.00177479124990032,0.000688779430701341,0.990623894647306,0.000794967994048682,0.00116553539371577,0.00113580687045444
"img_01102.jpg",0.230684314016828,0.55919389056066,0.00237108803194424,0.0401188352253252,1.00358896938746e-05,0.00404569212202563,0.00176590355854097,0.161810240594983
"img_01103.jpg",0.0139225376347163,0.0225248072970334,0.00318616620041774,0.00396500282781229,1.00479660241802e-05,0.00214774153512031,0.00690245429823771,0.947341242240638
"img_01116.jpg",0.835982451714483,0.0905800456214847,0.00518040160938498,0.00804543498381224,1.00166588346746e-05,0.0365888604217433,0.00206498276753008,0.0215478062227268
"img_01134.jpg",0.878739980647166,0.0121497740848767,0.0053360701314498,0.00394679529634793,1.00201237031813e-05,0.0418144847358315,0.00444566184692118,0.0535572131337038
"img_01142.jpg",0.655764880875791,0.0289419810148218,0.0447461760589739,0.0112368152700935,0.225462155078067,0.0122401243784707,0.00771343740737621,0.0138944299164056
"img_01168.jpg",0.00615459129029564,0.00827429347021272,0.000967933329751091,0.00265153936772438,0.00142856405074689,0.965136898731833,0.00509686632528883,0.010289313434147
"img_01171.jpg",0.000791848527555667,0.000687501577100475,0.000752753119210241,0.000664772710302077,0.994526379176976,0.000749986692356006,0.000667624878754339,0.0011591333177453
"img_01177.jpg",0.771349721693554,0.0477247737457549,0.0308188955501746,0.0105096018051894,0.047273365604132,0.0376327335530538,0.0206082006753172,0.0340827073728247
"img_01179.jpg",0.981234065450957,0.00265113377688164,0.00198225263532544,0.00228140384438211,1.0014901694536e-05,0.00871433580929487,0.00143359420539586,0.00169319937606877
"img_01188.jpg",0.0499939099454966,0.414046558413123,0.00273305285033703,0.0109246534573623,1.00542784714175e-05,0.185970338716564,0.0109852282307451,0.325336204107901
"img_01198.jpg",0.484088250198278,0.0328960131358107,0.0161611016475705,0.0101603183723641,0.188952925299011,0.0175995859792941,0.171245908134929,0.0788958972327419
"img_01204.jpg",0.000676608594301709,0.000685825855212145,0.000715053281488671,0.000663478126394459,0.99483383297609,0.000671276189139036,0.000675462213893374,0.00107846276348057
"img_01208.jpg",0.00364819885814255,0.000899109269181877,0.00110707851094419,0.000767321974316429,0.989745189261839,0.00154985554661309,0.00107703526161253,0.00120621131735014
"img_01211.jpg",0.959045157587493,0.0312030449957669,0.00145212722791468,0.00199705743658295,1.00363285366159e-05,0.00155065300802774,0.00138990258048234,0.00335202083519547
"img_01213.jpg",0.895441433499708,0.0657820286167472,0.00174116125344421,0.0030854734744102,1.00263186666108e-05,0.00959412389356309,0.00147297957678339,0.0228727733666776
"img_01222.jpg",0.816069176479731,0.0722931153685518,0.00308272420717678,0.0158393027586325,1.00324830429901e-05,0.0158583995913851,0.00535741587239627,0.0714898332390831
"img_01224.jpg",0.012366795606921,0.0171702545006488,0.196990190791918,0.00261261237599302,1.00164402700333e-05,0.00232071384007706,0.00253212551680991,0.765997290927362
"img_01237.jpg",0.0148793641752435,0.0013763254847403,0.000842787307035539,0.000444790801197935,0.970679980539001,0.00212923400679914,0.000765507817446712,0.00888200986853589
"img_01249.jpg",0.0137880285828706,0.00420946684461472,0.00287320669318061,0.00106519077447009,0.971085958670361,0.00340582772611813,0.00106337548962625,0.00250894521875869
"img_01253.jpg",0.00237925216811963,0.00134720947881354,0.00133112503734043,0.00132451858052388,1.00137170585693e-05,0.00132426584405816,0.00132474063163073,0.990958874542455
"img_01286.jpg",0.0882995969647088,0.005634055796692,0.00192556843071477,0.00217872484909878,1.00416450235073e-05,0.00460414664308552,0.00159404838814902,0.895753817282528
"img_01289.jpg",0.0276624921183319,0.0165225139358315,0.00153990725329857,0.00204194085001098,1.00236274411774e-05,0.0157759433615225,0.00570204306505578,0.930745135788508
"img_01325.jpg",0.0108474510811698,0.00279780941548133,0.0013512546444318,0.000808451425719001,0.978088062275484,0.000886143977013586,0.00219207036236105,0.00302875681833897
"img_01328.jpg",0.925962261682689,0.0531444997365486,0.00145034755514618,0.00214625176824126,1.00188382428256e-05,0.00386616078000068,0.00137038700626676,0.0120500726328648
"img_01366.jpg",0.319268861533288,0.0126187431007657,0.0104696026970202,0.00851259613831381,5.53268440317486e-06,0.637664827398996,0.00158769689868844,0.00987213954852479
"img_01371.jpg",0.976149363668935,0.00242107789593163,0.00149927309842229,0.00143159463919975,1.01423195555229e-05,0.0020828726929204,0.00173024770883162,0.0146754279762035
"img_01373.jpg",0.00443370665130361,0.000953831079571795,0.00289649595970747,0.000761644183628246,0.972376775333461,0.0168563815968616,0.000704161729620614,0.00101700346584579
"img_01377.jpg",0.00841789279334748,0.0032168603619963,0.00106543174829166,0.000693870418082206,0.978554112770924,0.00614150806975895,0.000813648466667801,0.00109667537093106
"img_01379.jpg",0.922668909951969,0.0123217768639271,0.0121053579548559,0.00278390359409239,1.00300597508394e-05,0.0251297132547614,0.00199754562773518,0.0229827626929084
"img_01384.jpg",0.0352595002605664,0.00608647692596559,0.00228578691641664,0.000567270355459308,9.6271617249451e-07,0.951036792154297,0.000222176047898557,0.00454103462322393
"img_01388.jpg",0.928262674790583,0.0387519576009368,0.00158842108819711,0.00142470256609961,1.00737513352932e-05,0.023314773197273,0.0015290115071654,0.00511838549841
"img_01392.jpg",0.00212491584279441,0.00698534623470657,0.949697749219034,0.00152909025200604,1.00298085148809e-05,0.00166680874462432,0.00180059079402397,0.0361854691042959
"img_01399.jpg",0.00622265369386031,0.943897402808544,0.00427667556594781,0.00109449036385966,1.00273025735308e-05,0.0104472394609733,0.00145966547801281,0.0325918453262289
"img_01404.jpg",0.965665580155978,0.00538981807300145,0.00146241036766782,0.00305129811146484,1.00141722553131e-05,0.00731190261909452,0.001368630177347,0.0157403463231907
"img_01405.jpg",0.859008759850303,0.00976419345950987,0.00229459250002239,0.00319882208859367,1.0032383285277e-05,0.122141809159985,0.00167175700470838,0.00191003355359293
"img_01413.jpg",0.987850377136726,0.00218307403852039,0.00146295481124518,0.00183152013115211,1.00359526497565e-05,0.00315857343402227,0.00156845923329469,0.00193500526238992
"img_01426.jpg",0.0417319735707465,0.104829656881662,0.00134053982536747,0.00100792240527732,1.00222001924526e-05,0.00333460054880042,0.806743420388646,0.0410018641793081
"img_01431.jpg",0.00325916267453765,0.000571204103185625,0.000159747911036052,0.995106229585148,9.96515392725911e-07,0.000404190189352633,0.000171895778992517,0.00032657324235496
"img_01441.jpg",0.00267824261826302,0.00159495024740974,0.00143415254982424,0.00134450764534326,1.00152525203199e-05,0.00150710232604695,0.00153580136216601,0.989895227998426
"img_01444.jpg",0.254856835970882,0.0033914881573186,0.00115982139914529,0.00198082954405551,1.00202698288199e-05,0.00750228975956114,0.0283483659492373,0.702750348949971
"img_01490.jpg",0.00770409957587685,0.00456685127284931,0.0185791152678732,0.00149842075692871,1.00228423449389e-05,0.00183009757524962,0.00153206185016759,0.96427933085871
"img_01495.jpg",0.649276682462301,0.0207320760717813,0.00253655633772318,0.0019276856522122,1.00192635772688e-05,0.00797334919861051,0.00172463175181567,0.315818999261978
"img_01505.jpg",0.00105959182691574,0.000711298937097483,0.000861322513961089,0.000695772474517838,0.994261255474277,0.000721655893745854,0.000743053377011541,0.000946049502472969
"img_01511.jpg",0.929349737065616,0.0150390696646846,0.0379976442279523,0.002474700933008,1.00256603317929e-05,0.00820242377791506,0.00236163986514619,0.0045647588053466
"img_01519.jpg",0.322778791185434,0.0419047749098471,0.00348966946384942,0.00515820210004184,1.00452343828934e-05,0.162230534546057,0.112186830392153,0.352241152168234
"img_01530.jpg",0.973638897750892,0.0101436526489336,0.00149438483330396,0.00195039820036408,1.002339143994e-05,0.00206480732429841,0.00149590720276739,0.00920192864800028
"img_01537.jpg",0.849016405743944,0.00804220059587314,0.0455952456469647,0.0014734153510752,1.01361156132328e-05,0.0444364882633074,0.00790542122183992,0.0435206870613826
"img_01538.jpg",0.918054504868495,0.0202769515127608,0.00304858040337499,0.00161352812146991,1.00331335900435e-05,0.0464957745967951,0.00166463551060076,0.00883599185291355
"img_01541.jpg",0.000996247161816378,0.00070869910218316,0.00697188108746304,0.000661106855112984,0.987324552852888,0.00184033273241844,0.000674982967693588,0.000822197240424361
"img_01543.jpg",0.961805986545995,0.00258722381727075,0.00137080077486252,0.00158904987049859,1.00449519425724e-05,0.00172974318711782,0.00144114200148537,0.0294660088508273
"img_01548.jpg",0.967746950829277,0.00230351195426894,0.00223571381798064,0.00140531652082135,1.00357438173534e-05,0.0180856968186532,0.00268569352021758,0.00552708079496407
"img_01552.jpg",0.974730520415774,0.00154915193120268,0.00134079058715722,0.00133537072000966,1.00141588604806e-05,0.0175241808776994,0.00134808559445741,0.0021618857148394
"img_01561.jpg",0.00766601637934031,0.00121517481908527,0.00254397043749074,0.000914956298172451,0.98257435629586,0.00123230923910555,0.00162323906462252,0.00222997746632305
"img_01562.jpg",0.808219589877025,0.00569011009944837,0.00281417137547397,0.00197497730142104,1.00158324606605e-05,0.00875601564017876,0.0382977959610341,0.134237323912958
"img_01571.jpg",0.960946365283614,0.0233418072044023,0.00137228137316553,0.00141652787624604,1.0016349066347e-05,0.00145499696524544,0.00275763493739235,0.00870037001086812
"img_01593.jpg",0.697207314253745,0.12702320486764,0.00333852794782337,0.00237041748890066,1.00249550833688e-05,0.0205211360607328,0.0103254155004326,0.139203958925642
"img_01595.jpg",0.00466191556926355,0.00371013314143398,0.00460234059987237,0.00108843799418149,0.97430891151637,0.00117975637246679,0.00106219730965025,0.00938630749676118
"img_01616.jpg",0.841528010161999,0.132178771179584,0.00165445719695465,0.00182599609712713,1.00282382159747e-05,0.0030761939450444,0.00233486885801277,0.017391674323062
"img_01618.jpg",0.870712502578417,0.00414103812106316,0.00163258183032735,0.0019260866278177,1.02458118393222e-05,0.106852205514132,0.0108085599088703,0.00391677960753316
"img_01627.jpg",0.908154400530158,0.0474470857514124,0.00139818305931379,0.0014914651767335,1.00142414355685e-05,0.0326146391857593,0.00173427718551615,0.00714993486967108
"img_01632.jpg",0.7834060476242,0.0131373771305636,0.0188202991087757,0.00745910516736262,0.116292227861535,0.0310517579373463,0.00809682988213634,0.0217363552880801
"img_01633.jpg",0.867570599296669,0.00868796278625323,0.0107243809189786,0.002181964024125,1.00246613630351e-05,0.0729815826769778,0.00502341028519443,0.0328200753504392
"img_01640.jpg",0.986978974667879,0.0035237669587054,0.00142066359969441,0.00194282853961657,1.00373610312695e-05,0.00154352776756721,0.00137919402345275,0.00320100708205315
"img_01646.jpg",0.968030917529668,0.0135898477653446,0.00135434944922937,0.00138930598442059,1.00139931999267e-05,0.00992068386631562,0.00135822003728014,0.00434666137454225
"img_01647.jpg",0.00180994473683092,0.000711649158819058,0.000705437782848512,0.000661498959137908,0.993737322972725,0.000936839504400225,0.000701524477195414,0.000735782408043441
"img_01649.jpg",0.918228675652895,0.0333513045623679,0.00334377886946438,0.0046026181142561,1.01901966615186e-05,0.0142239560754029,0.0106285887746862,0.0156108877542661
"img_01657.jpg",0.0328013761507243,0.00367250947248964,0.168118925450561,0.00138235156752767,1.00357124433904e-05,0.00815662592791135,0.00175363048580662,0.784104545232536
"img_01669.jpg",0.00325916267453765,0.000571204103185625,0.000159747911036052,0.995106229585148,9.96515392725911e-07,0.000404190189352633,0.000171895778992517,0.00032657324235496
"img_01673.jpg",0.660929552951778,0.0113635221616676,0.00956792249536447,0.00979433436535351,0.236637436996341,0.0240182357744033,0.0279516260194332,0.0197373692356594
"img_01681.jpg",0.0748220918433639,0.00546240319355278,0.00319212640974377,0.00157379675092842,1.00205161400876e-05,0.00436859969050964,0.00405137802143618,0.906519583574325
"img_01684.jpg",0.949745589203436,0.00887185746366756,0.00150055903861863,0.0045183702267564,1.00159529096754e-05,0.00773227790444066,0.00144335398849782,0.0261779762216736
"img_01685.jpg",0.199000046947546,0.0520736839379135,0.15752709514518,0.03039954111334,0.131898108106006,0.270906926392986,0.0167042818229207,0.141490316534108
"img_01687.jpg",0.801116653062552,0.00489838206240787,0.00211953075578709,0.00195170049058914,1.00217298863886e-05,0.00394383478186205,0.00828616887366215,0.177673708243253
"img_01688.jpg",0.0247993804190729,0.0184475861699297,0.00150588304256623,0.00215246464325558,1.00215985871988e-05,0.0143610755562299,0.00487388964496223,0.933849698925396
"img_01689.jpg",0.00474682359334487,0.00293991143090994,0.0075966945728865,0.00139031680874891,1.00225675855878e-05,0.00821799759295004,0.00314144394136484,0.971956789492209
"img_01716.jpg",0.00122073553729109,0.00072037558004826,0.00827761703446746,0.000659261582156873,0.985398297305869,0.00197462421361107,0.00069781446635352,0.00105127428020238
"img_01717.jpg",0.0146673973275063,0.00159902118069365,0.000780383087875747,0.000758928000665166,0.975696435946023,0.00161126245419468,0.00259098668848195,0.00229558531455911
"img_01724.jpg",0.849016405743944,0.00804220059587314,0.0455952456469647,0.0014734153510752,1.01361156132328e-05,0.0444364882633074,0.00790542122183992,0.0435206870613826
"img_01745.jpg",0.85771980774593,0.0478413484366805,0.0323181533443123,0.0139380686961918,0.00677078745734831,0.016883509243186,0.00716811980552015,0.0173602052708314
"img_01771.jpg",0.941215388671713,0.0217435572977299,0.00297289886622101,0.00427639640104699,1.00959630763532e-05,0.00501942776256352,0.00486323943519852,0.0198989956024506
"img_01773.jpg",0.805653503063453,0.00992486944427911,0.0021465759448283,0.00152520223368351,1.00143724484611e-05,0.00314447496145024,0.0172503888742465,0.160344971105611
"img_01781.jpg",0.0067407262989803,0.00096933322371409,0.000798337806373625,0.000703013200096891,0.987358658195306,0.00143282686704927,0.00100951118190228,0.000987593226577956
"img_01782.jpg",0.00232634885823919,0.000755456172951179,0.000919020361835735,0.000662795251602763,0.992533035651953,0.00129823397521492,0.000697959276629585,0.00080715045157389
"img_01802.jpg",0.664519078288739,0.0148572488385598,0.0108240412363516,0.0116955535915143,0.258075038589972,0.00826185995570454,0.00979103927034907,0.0219761402288094
"img_01803.jpg",0.0148007423769059,0.0330092122807898,0.784278720718964,0.00982524381263311,0.0189041337691162,0.0114643229539372,0.0104667005245679,0.117250923563086
