"image","ALB","BET","DOL","LAG","NoF","OTHER","SHARK","YFT"
"img_00005.jpg",0.00339497286248704,0.00149112540066164,0.00227017166709937,0.000843185861628161,0.986666708485245,0.0016448983035105,0.00156046725364453,0.00212847016572344
"img_00007.jpg",0.061939520459735,0.0158743329345179,0.00395233246904351,0.00397041392183833,1.002802330642e-05,0.00214604265135846,0.00211162142120424,0.909995708118996
"img_00009.jpg",0.866133262237416,0.0633678802055447,0.00287101622152799,0.0025656096555728,1.01509414455676e-05,0.0582663942846275,0.0023174543313251,0.00446823212253984
"img_00018.jpg",0.79621771980697,0.0394723523293697,0.00239839515359275,0.00824653589835336,1.0027194672109e-05,0.145463856764496,0.0021084759359939,0.0060826369165523
"img_00027.jpg",0.305933904297014,0.0252344874363034,0.00544136925612119,0.0027426108076521,1.00349705401647e-05,0.114726927912665,0.012951522072172,0.532959143247533
"img_00030.jpg",0.0170076874782266,0.00198020061898931,0.00103324717321003,0.00463228639429395,0.969473874490091,0.00383640721900894,0.00082702800821575,0.00120926861796457
"img_00040.jpg",0.114852290366026,0.00783497555832017,0.00261373235268328,0.00238107269699103,1.00477018566549e-05,0.00841839683548829,0.8304640705828,0.0334254139058344
"img_00046.jpg",0.543841518499076,0.00978731708302624,0.0121367819108611,0.00697602789622176,0.384127310473338,0.0125284145061579,0.0156742541726723,0.0149283754586467
"img_00053.jpg",0.921203412973489,0.0163735007688295,0.0109797505562923,0.00314907745507305,1.01182280514771e-05,0.0346319243669413,0.00346126306053365,0.0101909525907897
"img_00071.jpg",0.00340229838333635,0.000416841659844081,0.000208722123570756,0.995198211490414,9.97390303801494e-07,0.000321036758038804,0.000202034824384285,0.000249857370107744
"img_00075.jpg",0.832730941708803,0.0388037773251174,0.00295539490550238,0.00515990115944308,1.01134752594956e-05,0.11269747996943,0.00359190193613823,0.00405048952030669
"img_00102.jpg",0.417809030731777,0.0104091488859398,0.00230700506089985,0.00271780665081147,1.00753879589904e-05,0.0197652013506228,0.00463541877280566,0.542346313159184
"img_00103.jpg",0.771084684261009,0.0239832685161773,0.0886985692489377,0.00296665031577685,1.00329447829153e-05,0.0242135163132146,0.00210857315338825,0.0869347052467138
"img_00109.jpg",0.965434021055032,0.00977281877746563,0.00222431439583548,0.00218719163329418,1.00222353067502e-05,0.0103612135995874,0.00269878092290975,0.00731163738056936
"img_00119.jpg",0.000897103499757845,0.000823176785066671,0.000840127185593481,0.000678686390500904,0.991148375288958,0.000739776070579044,0.000777651746020288,0.00409510303352369
"img_00120.jpg",0.719806594646011,0.0146379200316307,0.00276642478152935,0.00281601794831132,1.00218407442087e-05,0.0122018996945195,0.0578671520470708,0.189893969010183
"img_00125.jpg",0.843753002644672,0.00798719805929166,0.00467964136919921,0.00546791914574297,1.00327536930487e-05,0.0205764483003002,0.00437268946419578,0.113153068262905
"img_00128.jpg",0.0132694047251975,0.103047608266005,0.300276827338673,0.00222134416909421,1.0037733441962e-05,0.00640525836998106,0.00282876794989976,0.571940751447707
"img_00129.jpg",0.194678004764128,0.00773123062478966,0.00365944642716138,0.00276876813278375,1.00428831317326e-05,0.00909883032187197,0.7149640257174,0.0670896511287335
"img_00133.jpg",0.0127313753538587,0.00218490113104258,0.00154244239418584,0.00129980876294845,0.976423841798733,0.00304747142991343,0.000756930364886594,0.002013228764431
"img_00138.jpg",0.738511302548315,0.215448445515558,0.00684740634038065,0.00619272303328079,1.00251574078438e-05,0.00768922916704607,0.00417442265249851,0.0211264455855133
"img_00141.jpg",0.00438645292652276,0.00534671753004197,0.0081697854476055,0.00207619049435793,1.00244526451825e-05,0.00250756165920924,0.00217684592496954,0.975326421564648
"img_00152.jpg",0.0252692884413539,0.0219837630022185,0.00443107880567068,0.00244974539576173,1.00634590748105e-05,0.0125427526038411,0.00509216182325656,0.928221146468823
"img_00161.jpg",0.00354561839399455,0.00206659241264009,0.00201056470281173,0.00200437793402515,1.00207297600079e-05,0.0020429073316424,0.00200674328329472,0.986313175211831
"img_00164.jpg",0.0011337887901065,0.000775575582644765,0.000724473058736053,0.000681095526317574,0.993843129948379,0.000720402714167287,0.00103999045950978,0.00108154392013899
"img_00170.jpg",0.0169217279496771,0.00320799972657246,0.000315695128431437,0.961191202119597,9.63394341421682e-07,0.00147174521178334,0.000220712381156562,0.016669954088441
"img_00171.jpg",0.298495310925061,0.0137584557655944,0.0111671720501246,0.0127939974191074,5.56060021912242e-06,0.651142853567401,0.00222200044051747,0.0104146492319752
"img_00172.jpg",0.00814232761922447,0.0100900081806882,0.00252354371284431,0.00087456010458746,0.968085565195044,0.00728101212708681,0.000765997015692601,0.0022369860448326
"img_00175.jpg",0.298495310925061,0.0137584557655944,0.0111671720501246,0.0127939974191074,5.56060021912242e-06,0.651142853567401,0.00222200044051747,0.0104146492319752
"img_00180.jpg",0.0137781185058529,0.00317772488159892,0.00439143669050615,0.00300604588273613,1.00211917204921e-05,0.00386264193817141,0.00384247638143547,0.967931534527979
"img_00196.jpg",0.00228823193886483,0.000977063510167027,0.000905567564870183,0.000684583045482385,0.992197490992933,0.00110155604848627,0.000757405662018027,0.00108810123717858
"img_00212.jpg",0.193276322210451,0.00618112273217335,0.00223285455113592,0.017253736217581,1.00234579880517e-05,0.00269448736880462,0.00221263327294563,0.77613882018892
"img_00223.jpg",0.849373243771017,0.0153043318599345,0.0735585888219592,0.00602686777942534,1.0042862070187e-05,0.0229378835521875,0.00422549416571052,0.0285635471876961
"img_00230.jpg",0.805930306113281,0.105429883297965,0.00229942693071977,0.00236341648816224,1.00320361236493e-05,0.0602725251275404,0.00217897518177327,0.0215154348244351
"img_00232.jpg",0.00413287425376526,0.00249119143959865,0.00146522957748958,0.00166630713614726,1.0057898811407e-05,0.00399712643400387,0.982117579749358,0.00411963351082551
"img_00244.jpg",0.776128404686947,0.0725355466465698,0.0027422496904258,0.00464863795830372,1.00384507750807e-05,0.068535886893067,0.00274552457763936,0.0726537110962726
"img_00272.jpg",0.864585920970311,0.0229484840331191,0.0600944288878574,0.0133096720332224,1.00233646429701e-05,0.0136395706459012,0.00346934426347705,0.0219425558014693
"img_00280.jpg",0.956522170247838,0.0054515245072325,0.00486200918309677,0.0022743002283445,1.00295918352689e-05,0.00358062439992958,0.00280866144051817,0.0244906804012048
"img_00282.jpg",0.298495310925061,0.0137584557655944,0.0111671720501246,0.0127939974191074,5.56060021912242e-06,0.651142853567401,0.00222200044051747,0.0104146492319752
"img_00285.jpg",0.710314626924949,0.0178239983493681,0.00389421087591185,0.00246096400221536,1.00320421651992e-05,0.00900087953228028,0.0188375725180804,0.23765771575503
"img_00289.jpg",0.965613380487864,0.0071420478470819,0.00489882325177351,0.00247742588032847,1.04005910587945e-05,0.00417810376924575,0.00301038059294847,0.012669437579699
"img_00292.jpg",0.777120062686717,0.0263807472324768,0.00357929716417508,0.00338401298821309,1.00409374803263e-05,0.0294665436553783,0.0146273378302667,0.145431957505293
"img_00302.jpg",0.114852290366026,0.00783497555832017,0.00261373235268328,0.00238107269699103,1.00477018566549e-05,0.00841839683548829,0.8304640705828,0.0334254139058344
"img_00311.jpg",0.980554777170041,0.00523243812936403,0.00213503071502892,0.0029197124507384,1.00562175740695e-05,0.00231947665915702,0.00207268077029152,0.00475582788780518
"img_00320.jpg",0.971878449921816,0.0108830517385472,0.00207867234479052,0.00203430837904477,1.00400094211904e-05,0.00559635305973428,0.00218937140654198,0.00532975314010412
"img_00331.jpg",0.90373901663386,0.0154344429714209,0.0026595511298997,0.00263344087067379,1.0026131711672e-05,0.0279165802731425,0.00783878190903474,0.0397681600802569
"img_00358.jpg",0.304340644182996,0.0209000087295331,0.00289035896307967,0.00290549315427326,1.00528406680261e-05,0.026168394162232,0.0230667869771506,0.619718260990067
"img_00374.jpg",0.673195256442526,0.0290959597099162,0.00304868141911303,0.00315026523537873,1.00253375848424e-05,0.00402956462752696,0.00243640466765331,0.285033842560301
"img_00375.jpg",0.0406077683730178,0.034253224278155,0.866484656485949,0.00894323181488835,1.00958555268738e-05,0.0240473935924074,0.00512322595955227,0.0205304036405038
"img_00376.jpg",0.903130915696197,0.0361715733171213,0.00887387333732415,0.00211137284935274,1.00353674508829e-05,0.0265789314704089,0.00918860140446784,0.0139346965576771
"img_00380.jpg",0.922514827686075,0.0255461407037555,0.00379036175094874,0.00370181892932165,1.00251237960025e-05,0.0374006737144473,0.00221812753488778,0.00481802455676844
"img_00383.jpg",0.903276375199893,0.0257641482304659,0.00213866759637203,0.00374916632498477,1.00318119926508e-05,0.00276532264299303,0.0020923192452185,0.0602039689480798
"img_00398.jpg",0.949450927235561,0.0128717709882971,0.0022668345539256,0.00386390889132825,1.00470287838488e-05,0.00417079488892249,0.00243345235110155,0.0249322640620802
"img_00407.jpg",0.937358511791539,0.0282772634732858,0.0037375506289589,0.00357210919516976,1.00274906876502e-05,0.019429601967872,0.00225319151026176,0.00536174394222548
"img_00417.jpg",0.092676255592851,0.00729182055345444,0.00220637097951451,0.0062836852163934,1.00234239918228e-05,0.0021351274735971,0.00209657837285777,0.88730013838734
"img_00432.jpg",0.468571364815971,0.0464331527732236,0.0901671938563102,0.0226654300208439,0.0692348307856338,0.177465764397941,0.0123607154506455,0.113101547899432
"img_00442.jpg",0.00265985217170954,0.00217652319569785,0.00200297972595675,0.00199543737137428,1.00207296952978e-05,0.00206698277255969,0.00200921906919169,0.987078984963815
"img_00446.jpg",0.93270158282242,0.0084255202024237,0.00242281649183862,0.00428825711603324,1.00313159194623e-05,0.0175012486568512,0.00248466777537925,0.0321658756191346
"img_00469.jpg",0.894861989486899,0.0101951811413741,0.0032740185134292,0.00670321867379404,1.00308004431636e-05,0.0104061524130817,0.0029996093264396,0.0715497996445389
"img_00473.jpg",0.958783482721507,0.00699398892391658,0.00246477283637561,0.00284689834458198,1.00386088162944e-05,0.0028973297673524,0.00222204210723337,0.0237814466902163
"img_00483.jpg",0.939156307904533,0.041582136639033,0.00205314012455325,0.002235769386246,1.00285100990135e-05,0.0032059490895526,0.00219645586248303,0.00956021248350025
"img_00484.jpg",0.137579065189783,0.0560537036354899,0.0039949746185525,0.00963765347844023,1.00232382817131e-05,0.00693465629969767,0.00292362583967716,0.782866297700078
"img_00486.jpg",0.92171374894147,0.0278232999049223,0.0181423897203365,0.0107373638227426,1.00539546921543e-05,0.0042687382366595,0.00522762201410788,0.0120767834050692
"img_00487.jpg",0.0108683996848476,0.0063865808516541,0.00261201656527992,0.00488994777836721,0.964252562944926,0.00275482279264492,0.00222556403309859,0.00601010534918206
"img_00493.jpg",0.00391015371577213,0.000756516871804269,0.00116894119350659,0.000678845890930272,0.988018520846992,0.00343110462015243,0.00109609055680176,0.000939826304040705
"img_00518.jpg",0.821591012498281,0.0341937170752023,0.00299088611987672,0.00668258217685618,1.00871965960818e-05,0.00555587207190807,0.00270459178002382,0.126271251081255
"img_00533.jpg",0.429699339691633,0.0135147777606216,0.00255295703165147,0.00282725305809408,1.00797510154955e-05,0.0151794834919458,0.0126710460258562,0.523545063189182
"img_00538.jpg",0.769256981336749,0.0763775915028713,0.00264257532839557,0.00237612913538202,1.00242933623698e-05,0.00594035334307283,0.00234287800769829,0.141053467052469
"img_00543.jpg",0.980554777170041,0.00523243812936403,0.00213503071502892,0.0029197124507384,1.00562175740695e-05,0.00231947665915702,0.00207268077029152,0.00475582788780518
"img_00550.jpg",0.208225788614404,0.0797416065343819,0.021222792023927,0.00513882145932411,5.62139182380823e-06,0.667389892304251,0.00245201570455311,0.0158234619673349
"img_00551.jpg",0.86769262239583,0.0146739116136618,0.00784070914788858,0.00591706512543011,1.00302525720246e-05,0.0446136544247051,0.00550740186790875,0.0537446051720035
"img_00564.jpg",0.00460805799149168,0.00177946420376514,0.00207774276936401,0.00234092861501548,0.981906160037879,0.00316999624374521,0.00120352636448694,0.00291412377425297
"img_00575.jpg",0.769429378925775,0.0113354668695546,0.00285663316014641,0.00266155311157364,1.00233096655641e-05,0.0334496374288661,0.00724739778792647,0.173009909406493
"img_00582.jpg",0.896647023083991,0.034262135336522,0.00430784801087136,0.00352320747375623,1.00732901652508e-05,0.0464737502408166,0.00318472561745353,0.0115912369464237
"img_00584.jpg",0.944753971146746,0.00318341674600302,0.00507113901824667,0.00468105649782021,1.01461144746666e-05,0.0304708460134712,0.00370275046066149,0.00812667400257718
"img_00587.jpg",0.0699016704691715,0.015021507230499,0.00225965439974536,0.00176542438937368,1.00177001226541e-05,0.0163848751071548,0.0060638082268393,0.888593042477094
"img_00590.jpg",0.0923292130531022,0.0735104848588587,0.00794756096064797,0.00245627124107227,1.00238314464688e-05,0.00980613478202781,0.0162994066826402,0.797640904590204
"img_00591.jpg",0.0651826549490944,0.0062445771491193,0.00252784587359491,0.0030721139783973,1.00582570826556e-05,0.0193486526150742,0.0036191446986635,0.899994952478974
"img_00598.jpg",0.942284543953969,0.0201019101423669,0.0031597929105136,0.00961228163014171,1.00231690504177e-05,0.0133700435686919,0.00310968177134468,0.00835172285392182
"img_00599.jpg",0.7675433471373,0.0148505506657916,0.00540410649789957,0.00316276815996763,1.00254908337826e-05,0.00573522218667852,0.0338496387517769,0.169444341109752
"img_00612.jpg",0.904666792689451,0.00258872330008469,0.00265376313891392,0.00235847306552493,1.00325235122836e-05,0.0541953766240807,0.010480297189037,0.0230465414693957
"img_00618.jpg",0.73105567747259,0.061537120589359,0.0321559507322542,0.0224358972350021,0.0617184660999357,0.0128268410731306,0.0205740167956747,0.0576960300020538
"img_00620.jpg",0.845175995319479,0.0323856122808771,0.0480433459324676,0.00318398967887052,1.01294707760298e-05,0.0179823552810542,0.00317046573758475,0.0500481062988905
"img_00642.jpg",0.00338859810826333,0.00135268262286157,0.00040192837300213,0.993674472330215,9.96033245099831e-07,0.000508865215402592,0.000202354992950203,0.000470102324060248
"img_00646.jpg",0.0137398519357202,0.00861694534710814,0.00565127185714154,0.00234547105863255,1.00338441042596e-05,0.00400698953417715,0.00389821098111134,0.961731225442005
"img_00648.jpg",0.980554777170041,0.00523243812936403,0.00213503071502892,0.0029197124507384,1.00562175740695e-05,0.00231947665915702,0.00207268077029152,0.00475582788780518
"img_00650.jpg",0.020036361123002,0.00105657014127215,0.0004605996304591,0.000411772320371509,9.81414753842344e-07,0.961993201374912,0.0139833524316569,0.00205716156357236
"img_00654.jpg",0.799572515019971,0.0253656678471999,0.0262501730083172,0.010625578084766,0.0104097481621516,0.0512331728879971,0.0155093325204071,0.06103381246919
"img_00664.jpg",0.929741732191633,0.0212182909767171,0.00219036976046152,0.00207965731217875,1.00234450843865e-05,0.00488312389881846,0.0032809077214872,0.0365958946936194
"img_00667.jpg",0.000697852703936939,0.000668398274780725,0.000714161550676867,0.000665505210420688,0.994952131111313,0.000682898417518963,0.000667150792369478,0.000951901938983071
"img_00676.jpg",0.000708653096586504,0.000930578524104447,0.000844721761459855,0.000672705928940873,0.992495683216504,0.000770804538993503,0.000678120030600298,0.00289873290281087
"img_00697.jpg",0.00314164437420964,0.00368930649597947,0.00320112227574255,0.00212371195769921,1.00375028782573e-05,0.00209000222642563,0.00290008531674537,0.98284408985032
"img_00708.jpg",0.772116671283866,0.0345543177235706,0.00455334973432557,0.00582833355619185,1.0032447520517e-05,0.0913925600355489,0.0311325786426501,0.0604121565763264
"img_00716.jpg",0.0105457842636913,0.00864452661932247,0.00072922524573782,0.000383253332336684,9.69528462979721e-07,0.956742547925541,0.00178612996834035,0.021167563116567
"img_00717.jpg",0.642722698010061,0.208042807763332,0.0035574275665123,0.00570647379557431,1.0026809888696e-05,0.125101581765181,0.00623839967145101,0.00862058461799886
"img_00718.jpg",0.881135746973159,0.00275359864243095,0.0031886644822763,0.00440715277072829,1.00271399248143e-05,0.0221740078772453,0.00220192705642675,0.0841288750578087
"img_00723.jpg",0.0146673973275063,0.00159902118069365,0.000780383087875747,0.000758928000665166,0.975696435946023,0.00161126245419468,0.00259098668848195,0.00229558531455911
"img_00724.jpg",0.0630164553318366,0.00284045815213063,0.00381888410598252,0.00302351082329519,1.0051141409795e-05,0.0136277556158184,0.338554482322591,0.575108402506936
"img_00726.jpg",0.98089582256216,0.00621289925020819,0.00200493795494294,0.00201594393477855,1.00211674449978e-05,0.00316302741620106,0.00229309529118491,0.00340425242307961
"img_00729.jpg",0.936395263505421,0.0129931607739937,0.0043793749485696,0.00259418697024959,1.0985512838309e-05,0.00795825926175345,0.00866632561113862,0.0270024434160354
"img_00730.jpg",0.0169641837686088,0.00452454508246527,0.00249756255958267,0.00206266908161345,1.00210849183802e-05,0.00399638043045989,0.00666589890710708,0.963278739085245
"img_00757.jpg",0.865981112796969,0.0136236869437578,0.046002662886019,0.0141512347516425,1.01083717709628e-05,0.0369836581084284,0.00417481301000976,0.0190727231314025
"img_00760.jpg",0.00630083070526453,0.000647370014772865,0.00021971178836919,0.991650265872297,9.937496842219e-07,0.000497576182164855,0.000239611525848972,0.000443640161597877
"img_00763.jpg",0.000744558439631233,0.000681899929574045,0.000916834347616789,0.00066351756787199,0.994130169713769,0.00118814487382123,0.000677238398599173,0.000997636729116645
"img_00764.jpg",0.00440871351761704,0.00525931906192413,0.00462185047685692,0.00143051659650332,1.00164080534948e-05,0.00154890712690397,0.00139747679559353,0.981323200016548
"img_00765.jpg",0.0581323270199176,0.509464476216561,0.00326787619929068,0.0187728053984919,1.00599605785853e-05,0.146531560982044,0.01065252096136,0.253168373261756
"img_00772.jpg",0.0572091477424666,0.00965486501631865,0.334344272096405,0.00213378060427177,1.00826090611587e-05,0.246252987826135,0.00627284865042823,0.344122015454914
"img_00773.jpg",0.772325470518314,0.105173780456368,0.0239399922838069,0.0100840799064327,0.00880196071663822,0.0620829341926722,0.00866244742734278,0.00892933449842572
"img_00777.jpg",0.356683536207328,0.0160603510645357,0.00221751628881168,0.00142322288033083,5.53888359593618e-06,0.617081156444765,0.00507692629457269,0.00145175193605995
"img_00780.jpg",0.0103291971852166,0.00364851172367413,0.00594268264490761,0.00219834980707072,1.00772000365162e-05,0.0143318244936635,0.0138196562778426,0.949719700667588
"img_00798.jpg",0.908204626605697,0.037891691600427,0.00342317112746674,0.0317794730870186,1.00270171939802e-05,0.00581465314400871,0.00311090941044929,0.00976544800773875
"img_00808.jpg",0.83179169032543,0.132010729171604,0.00254582240920831,0.00244625602946976,1.00572101167096e-05,0.00733383607036509,0.0022696285623522,0.0215919802214537
"img_00816.jpg",0.955791069254384,0.00831006306463038,0.00214915224976588,0.00215762827789858,1.00310881491195e-05,0.00355492759138481,0.0039226165018835,0.0241045119719038
"img_00828.jpg",0.00100114937746171,0.000697654231474161,0.0046209536677218,0.000671178515307907,0.990201374674161,0.000970339798653225,0.000686546093227309,0.00115080364199236
"img_00833.jpg",0.765938932295197,0.023569616100349,0.0049330158182664,0.0045669385442561,1.00361390716324e-05,0.0860795012060774,0.0346926943056125,0.0802092655911699
"img_00837.jpg",0.807403392454438,0.121624423551299,0.00285104535261862,0.00295825913255514,1.00849146968183e-05,0.056976975356225,0.00235109374174207,0.0058247254964249
"img_00855.jpg",0.861701974391666,0.0311946377960207,0.00608767634590327,0.00287502235328617,1.02634786239782e-05,0.0405815994937795,0.00818893577665801,0.0493598903640627
"img_00857.jpg",0.971878449921816,0.0108830517385472,0.00207867234479052,0.00203430837904477,1.00400094211904e-05,0.00559635305973428,0.00218937140654198,0.00532975314010412
"img_00858.jpg",0.946189089973525,0.00559014240367658,0.00228934725035929,0.0022588721615838,1.01202008903321e-05,0.0149205101996465,0.00412734985087088,0.0246145679594479
"img_00865.jpg",0.908752276473501,0.054531504632159,0.00222111873544203,0.00290288914080435,1.00293884944948e-05,0.0172035692437372,0.00331293898812171,0.0110656733977406
"img_00876.jpg",0.000688045958218298,0.000679194797273676,0.000703898122717824,0.000669832075620523,0.993792530251018,0.000718900233944407,0.00068598370098058,0.00206161486022634
"img_00889.jpg",0.0750809784697236,0.027298366059488,0.164869217193087,0.00746740543961218,0.111290726427697,0.0381279121671644,0.0211398093857613,0.554725584857467
"img_00894.jpg",0.763630556708288,0.0129160629663661,0.0138150742734618,0.0172501143735997,0.120581563271633,0.0154227645340412,0.00964752854790825,0.0467363353247017
"img_00902.jpg",0.00413287425376526,0.00249119143959865,0.00146522957748958,0.00166630713614726,1.0057898811407e-05,0.00399712643400387,0.982117579749358,0.00411963351082551
"img_00914.jpg",0.00263999061533748,0.00253863929203015,0.00202210941881551,0.00198819840366957,1.00211272772229e-05,0.00199208669389187,0.00199437734424802,0.98681457710473
"img_00921.jpg",0.804618081286022,0.0045880530717656,0.00485107245000853,0.00263751085191593,1.00648007806527e-05,0.069492918876558,0.0563556266397335,0.0574466720232154
"img_00927.jpg",0.0828888444671025,0.0604764919648115,0.00556554817496507,0.00272267068886019,1.00254719514637e-05,0.0111633132030391,0.0165769935962701,0.820596112433
"img_00943.jpg",0.913989534938564,0.0637047027882358,0.00211115944754228,0.00248023943667562,1.00287833597003e-05,0.00277311786176785,0.0023383683902819,0.012592848353573
"img_00948.jpg",0.564709247575285,0.015812275950336,0.0186015705002773,0.00975575104473361,0.264661556439426,0.0419104243003391,0.0184313803704579,0.0661177938191445
"img_00950.jpg",0.00261199380389391,0.000960527812237743,0.00141504919462642,0.000717063421319112,0.990483165815496,0.0012788452599448,0.00107101987219476,0.00146233482028781
"img_00959.jpg",0.841315083514279,0.0139353492437713,0.00671755052732374,0.00453967218827903,0.0783476030458039,0.0138061653380024,0.0113557222179309,0.0299828539246096
"img_00962.jpg",0.0967359176684026,0.0068322061674445,0.00609954467228419,0.00214302055716645,1.02061066833053e-05,0.00912090939486774,0.0139339224096931,0.865124273023458
"img_00964.jpg",0.00171891673425418,0.00369165934994575,0.979944669703864,0.00162850117345419,1.00147273625702e-05,0.00170523635061866,0.00142501211084157,0.00987598984965883
"img_00966.jpg",0.728413215124371,0.0106580594301146,0.00994202111721742,0.0074151351383859,0.121339879061651,0.0398205687541232,0.00800466435137803,0.0744064570227584
"img_00974.jpg",0.895960169893043,0.0129760446173326,0.00369490661268675,0.00295809790300765,1.00219339444964e-05,0.0243792656018357,0.00221665827782506,0.0578048351603247
"img_00979.jpg",0.00674099087943616,0.0059520541764815,0.00999996862467875,0.00153136007191144,1.00516193105977e-05,0.00327320914666629,0.00291697636464251,0.969575389116873
"img_00982.jpg",0.43015963384736,0.371678503749321,0.0456836401584772,0.0253551987289917,0.0303529720898882,0.0426653092322912,0.0206567530640382,0.033447989129632
"img_00985.jpg",0.777120062686717,0.0263807472324768,0.00357929716417508,0.00338401298821309,1.00409374803263e-05,0.0294665436553783,0.0146273378302667,0.145431957505293
"img_00999.jpg",0.761758798847651,0.0429676308629644,0.00264473848464288,0.00286983014453017,1.00263203560193e-05,0.0141424373614503,0.0467148614493449,0.128891676529061
"img_01022.jpg",0.951306437188088,0.00477586219978569,0.00307977815783784,0.00407024293679159,1.0134369307018e-05,0.0247619987359625,0.00260979280672091,0.00938575360550667
"img_01031.jpg",0.81264311563092,0.0039921120114167,0.00766808680197454,0.00251245553900351,1.0024046026926e-05,0.163210485686055,0.00572665016884509,0.00423707011575829
"img_01035.jpg",0.356683536207328,0.0160603510645357,0.00221751628881168,0.00142322288033083,5.53888359593618e-06,0.617081156444765,0.00507692629457269,0.00145175193605995
"img_01043.jpg",0.00972405455335041,0.00107648964764626,0.00137176448784531,0.000705165611217975,0.972809557132494,0.00363136784295296,0.00865957917794784,0.00202202154654489
"img_01058.jpg",0.934501241142991,0.00871143477501061,0.00413967980092421,0.00267286380536612,1.02891736096784e-05,0.00645533810155994,0.00294127180247545,0.0405678813980627
"img_01059.jpg",0.0326778762635757,0.0126221472650378,0.00265583104378163,0.00280545194847015,1.00316102349184e-05,0.0273045841331453,0.00770192708508885,0.914222150650666
"img_01090.jpg",0.00138928131090642,0.00242694310296704,0.00177479124990032,0.000688779430701341,0.990623894647306,0.000794967994048682,0.00116553539371577,0.00113580687045444
"img_01102.jpg",0.227287950385608,0.562636644298857,0.00350529090572791,0.0391484264401528,1.00540022780675e-05,0.00607940055129498,0.00265349111475427,0.158678742301327
"img_01103.jpg",0.0198364494456907,0.0334915036184964,0.00471799965560376,0.00595911855473347,1.00721722782307e-05,0.0032277596282712,0.010360918346933,0.922396178577993
"img_01116.jpg",0.823991062016025,0.0826575668458599,0.00757784361971402,0.0120633042027967,1.00250544949789e-05,0.0466026838112854,0.00308673733990849,0.0240107771099152
"img_01134.jpg",0.86769262239583,0.0146739116136618,0.00784070914788858,0.00591706512543011,1.00302525720246e-05,0.0446136544247051,0.00550740186790875,0.0537446051720035
"img_01142.jpg",0.655764880875791,0.0289419810148218,0.0447461760589739,0.0112368152700935,0.225462155078067,0.0122401243784707,0.00771343740737621,0.0138944299164056
"img_01168.jpg",0.00615459129029564,0.00827429347021272,0.000967933329751091,0.00265153936772438,0.00142856405074689,0.965136898731833,0.00509686632528883,0.010289313434147
"img_01171.jpg",0.000791848527555667,0.000687501577100475,0.000752753119210241,0.000664772710302077,0.994526379176976,0.000749986692356006,0.000667624878754339,0.0011591333177453
"img_01177.jpg",0.771349721693554,0.0477247737457549,0.0308188955501746,0.0105096018051894,0.047273365604132,0.0376327335530538,0.0206082006753172,0.0340827073728247
"img_01179.jpg",0.971956247843345,0.00391286713451478,0.00297548067069361,0.00342467461947901,1.00224196319114e-05,0.0130428488652269,0.00215200223130218,0.00252585621580652
"img_01188.jpg",0.0692912857850096,0.376154272227718,0.00410533797662945,0.0162930285525391,1.00816920635955e-05,0.212220820849576,0.0126208108877438,0.30930436202872
"img_01198.jpg",0.463054218244787,0.0371005385465269,0.0169751394599342,0.0108098619240059,0.188952993594847,0.0190092314825373,0.177116312106151,0.0869817046412107
"img_01204.jpg",0.000676608594301709,0.000685825855212145,0.000715053281488671,0.000663478126394459,0.99483383297609,0.000671276189139036,0.000675462213893374,0.00107846276348057
"img_01208.jpg",0.00364819885814255,0.000899109269181877,0.00110707851094419,0.000767321974316429,0.989745189261839,0.00154985554661309,0.00107703526161253,0.00120621131735014
"img_01211.jpg",0.940350549519579,0.045009328267914,0.00218215829383025,0.00300031837050319,1.00546423249204e-05,0.00233018889883736,0.00208865799120393,0.00502874401580776
"img_01213.jpg",0.888178275272727,0.0646184537854241,0.00260177473568344,0.00463355156907594,1.00395816711551e-05,0.0137491411156373,0.00221091039678561,0.0239978535429955
"img_01222.jpg",0.761256535299122,0.0814865799187854,0.00462359757690832,0.0215794774230221,1.00488604017787e-05,0.0238042721154599,0.00804723190792952,0.099192256898371
"img_01224.jpg",0.0185088993213684,0.0187275180746807,0.188725543713366,0.00392198439733181,1.002473048341e-05,0.00348078431212601,0.00380053891524388,0.7628247065354
"img_01237.jpg",0.0148793641752435,0.0013763254847403,0.000842787307035539,0.000444790801197935,0.970679980539001,0.00212923400679914,0.000765507817446712,0.00888200986853589
"img_01249.jpg",0.0137880285828706,0.00420946684461472,0.00287320669318061,0.00106519077447009,0.971085958670361,0.00340582772611813,0.00106337548962625,0.00250894521875869
"img_01253.jpg",0.00357134453473868,0.00202220236867674,0.00199806450221826,0.00198815142953276,1.00206400510551e-05,0.00198777205572338,0.00198848471600676,0.986433959753052
"img_01286.jpg",0.132725040099104,0.00846669635057075,0.00289439400155934,0.00327492265572764,1.00626484693875e-05,0.00692066512272653,0.00239607375888293,0.84331214536296
"img_01289.jpg",0.0411340322714373,0.0248107757487359,0.00231259579653999,0.00306654936317243,1.00355333839314e-05,0.0234970014369318,0.00856292221632837,0.89660608763347
"img_01325.jpg",0.0108474510811698,0.00279780941548133,0.0013512546444318,0.000808451425719001,0.978088062275484,0.000886143977013586,0.00219207036236105,0.00302875681833897
"img_01328.jpg",0.92381611801558,0.0500321656439038,0.00217723352527908,0.00322117721590002,1.00283370753072e-05,0.00577361649320648,0.00205734851280933,0.012912312256246
"img_01366.jpg",0.298495310925061,0.0137584557655944,0.0111671720501246,0.0127939974191074,5.56060021912242e-06,0.651142853567401,0.00222200044051747,0.0104146492319752
"img_01371.jpg",0.964138316079758,0.00361278328898571,0.00226501018711548,0.00216277661633342,1.02150616179389e-05,0.0030947575420245,0.00261398250476988,0.0221021587193951
"img_01373.jpg",0.00443370665130361,0.000953831079571795,0.00289649595970747,0.000761644183628246,0.972376775333461,0.0168563815968616,0.000704161729620614,0.00101700346584579
"img_01377.jpg",0.00841789279334748,0.0032168603619963,0.00106543174829166,0.000693870418082206,0.978554112770924,0.00614150806975895,0.000813648466667801,0.00109667537093106
"img_01379.jpg",0.907588406557732,0.0157991295470769,0.0148327410414391,0.00410093319721595,1.00452083152597e-05,0.0269888722853031,0.00296518905114279,0.027714683111775
"img_01384.jpg",0.214603118385413,0.0376755920556961,0.0212532068262741,0.00592685588137856,5.58191418139458e-06,0.677005644687175,0.00211752993599553,0.0414124703138862
"img_01388.jpg",0.913468455619239,0.0445631544694418,0.00239079263098414,0.00214495592419439,1.01110878034742e-05,0.0275434492873587,0.00229589373468743,0.0075831872462914
"img_01392.jpg",0.00316422784557695,0.0104824061118715,0.924736493825738,0.00229690635155237,1.00448289983501e-05,0.00250253180390897,0.00270326714765362,0.0541041220847002
"img_01399.jpg",0.00816242176993816,0.917024851140783,0.0064214188252469,0.00164393273248864,1.00410599306085e-05,0.0156552955368944,0.00219244182010545,0.0488895971146131
"img_01404.jpg",0.950279964952473,0.00748183738961099,0.00219456912078665,0.00455236548634714,1.00213234317828e-05,0.00987415629357395,0.00205435849753002,0.0235527269362466
"img_01405.jpg",0.848321186321161,0.0131268239892605,0.00341642050231262,0.00480602283178333,1.00487042315979e-05,0.12495423983513,0.00251158753132596,0.00285367028479445
"img_01413.jpg",0.981749162525168,0.00327995233391527,0.00219839364707266,0.00275224148234732,1.00540764945177e-05,0.00474573489968389,0.00235693674316878,0.00290752429214993
"img_01426.jpg",0.0465767790860618,0.127899018509767,0.00200365702945999,0.0015129987467118,1.00333589981942e-05,0.00424273490719086,0.768444646466834,0.0493101318949761
"img_01431.jpg",0.00488016667383815,0.000855278390481322,0.000239205569232509,0.99267286561993,9.94787898601593e-07,0.00060524271129286,0.000257393258957367,0.000488852988369166
"img_01441.jpg",0.00402039798547044,0.00239412359585607,0.00215287179824073,0.00201831082344211,1.00229466605237e-05,0.00226239008743951,0.0023054680828063,0.984836414680084
"img_01444.jpg",0.244948685415464,0.00481387727680562,0.00174045047899075,0.00297135757140511,1.00304846245915e-05,0.00950827678399117,0.0279224667292154,0.708084855259503
"img_01490.jpg",0.00974641090671282,0.00669033690374682,0.0277405119003617,0.00224910649110882,1.00343545798037e-05,0.00273376375753193,0.00229955005132384,0.948530285634634
"img_01495.jpg",0.659175292482281,0.0273750828296513,0.00354020672766637,0.00289323305449116,1.00289733358812e-05,0.0111979174623584,0.00256541821832108,0.293242820251895
"img_01505.jpg",0.00105959182691574,0.000711298937097483,0.000861322513961089,0.000695772474517838,0.994261255474277,0.000721655893745854,0.000743053377011541,0.000946049502472969
"img_01511.jpg",0.905466120576962,0.0218237494962366,0.0465645046887306,0.00371672005074049,1.00385902360653e-05,0.0122727875568719,0.00354645779823758,0.00659962124198527
"img_01519.jpg",0.322810526514559,0.050444122668862,0.00500077161028239,0.00773930364060101,1.00680345746018e-05,0.184603557466457,0.10617523678937,0.323216413275294
"img_01530.jpg",0.96094266737425,0.0147938311352709,0.0022441675921306,0.00292798946829082,1.0035178554847e-05,0.00308854321232758,0.0022464565024827,0.0137463095366926
"img_01537.jpg",0.841028391926236,0.0117901330069045,0.0429616934847783,0.00222530920736811,1.02058401296954e-05,0.0499178191914457,0.00869116365461338,0.0433752836885238
"img_01538.jpg",0.898349608582041,0.0294274209739707,0.00456538152003908,0.00242430733002341,1.00498332152937e-05,0.0514289949068597,0.00249721230949112,0.0112970245443599
"img_01541.jpg",0.000996247161816378,0.00070869910218316,0.00697188108746304,0.000661106855112984,0.987324552852888,0.00184033273241844,0.000674982967693588,0.000822197240424361
"img_01543.jpg",0.95748289825466,0.00382557140827603,0.0020603862583396,0.0023889081996095,1.00676304296406e-05,0.00246350537400786,0.0021665532943328,0.029602109580345
"img_01548.jpg",0.956233802185434,0.00345998921783452,0.00335948802787827,0.00211175943891061,1.00537620910686e-05,0.0225596554045998,0.00403557758068971,0.00822967438256212
"img_01552.jpg",0.964976565526824,0.00232520798453662,0.00201244752176677,0.00200448522252823,1.00213037908111e-05,0.0234066934078949,0.00202355975777999,0.0032410192748785
"img_01561.jpg",0.00766601637934031,0.00121517481908527,0.00254397043749074,0.000914956298172451,0.98257435629586,0.00123230923910555,0.00162323906462252,0.00222997746632305
"img_01562.jpg",0.76813758847668,0.00837481506348175,0.00422453028027432,0.00296474359388877,1.00238177259244e-05,0.0131421574649331,0.0574905433350525,0.145655597967964
"img_01571.jpg",0.951370684125048,0.0278071335076885,0.00205952482333731,0.0021243142608416,1.00245933366855e-05,0.00216994101690052,0.00352306813380804,0.0109353095390389
"img_01593.jpg",0.644046288637176,0.124591332637794,0.0050103024199023,0.00354224641864077,1.00375326690346e-05,0.0308095382796786,0.0154918864331369,0.176498367641003
"img_01595.jpg",0.00466191556926355,0.00371013314143398,0.00460234059987237,0.00108843799418149,0.97430891151637,0.00117975637246679,0.00106219730965025,0.00938630749676118
"img_01616.jpg",0.831874013208642,0.129910327315443,0.00248455270333628,0.0027414853821951,1.00424755758316e-05,0.00461897751879146,0.00350588296070918,0.0248547184353069
"img_01618.jpg",0.866084456113018,0.00582023407489703,0.00247799343688505,0.00290685041169831,1.03733578224908e-05,0.101111831227654,0.0161029272696105,0.00548533410841492
"img_01627.jpg",0.893887888493678,0.0540489939936661,0.00209208562599578,0.00222345815133832,1.00214260815857e-05,0.0346320711195914,0.00258298140323268,0.010522499786416
"img_01632.jpg",0.7834060476242,0.0131373771305636,0.0188202991087757,0.00745910516736262,0.116292227861535,0.0310517579373463,0.00809682988213634,0.0217363552880801
"img_01633.jpg",0.840128339270408,0.0104102422289921,0.0105631609192144,0.00327650329626295,1.00370865295409e-05,0.0823649931425203,0.00744120984684101,0.0458055142092315
"img_01640.jpg",0.980554777170041,0.00523243812936403,0.00213503071502892,0.0029197124507384,1.00562175740695e-05,0.00231947665915702,0.00207268077029152,0.00475582788780518
"img_01646.jpg",0.955728582650959,0.0172516273268194,0.00203294574324906,0.00208540618962628,1.00210546255718e-05,0.0145775815967185,0.00203871541493849,0.00627512002306397
"img_01647.jpg",0.00180994473683092,0.000711649158819058,0.000705437782848512,0.000661498959137908,0.993737322972725,0.000936839504400225,0.000701524477195414,0.000735782408043441
"img_01649.jpg",0.899674997324039,0.0327125759135055,0.00490150131146969,0.00675128082707777,1.02880719617514e-05,0.0210072424464927,0.0160710768776413,0.0188710372278124
"img_01657.jpg",0.0300262419935059,0.00441994579329643,0.249593028510795,0.00207724163058661,1.00537137505881e-05,0.00805100086270963,0.00254225386446037,0.703280233630895
"img_01669.jpg",0.00488016667383815,0.000855278390481322,0.000239205569232509,0.99267286561993,9.94787898601593e-07,0.00060524271129286,0.000257393258957367,0.000488852988369166
"img_01673.jpg",0.660929552951778,0.0113635221616676,0.00956792249536447,0.00979433436535351,0.236637436996341,0.0240182357744033,0.0279516260194332,0.0197373692356594
"img_01681.jpg",0.102428312233196,0.0077945026779574,0.00479069091611654,0.00236294976468418,1.00308558680722e-05,0.00655929974735005,0.00605995962833126,0.869994254176496
"img_01684.jpg",0.932439865357603,0.0132763274802795,0.00225226213139186,0.00678286937120917,1.00239986457503e-05,0.00979542317578341,0.00216662278288393,0.033276605702203
"img_01685.jpg",0.199000046947546,0.0520736839379135,0.15752709514518,0.03039954111334,0.131898108106006,0.270906926392986,0.0167042818229207,0.141490316534108
"img_01687.jpg",0.738906911500495,0.00700300974350837,0.00317285471254104,0.00292779894584544,1.003267988002e-05,0.00586375423806653,0.0111402485906903,0.230975389588973
"img_01688.jpg",0.0370954043605918,0.0277012565903007,0.00226127691148561,0.00323220373677785,1.00324833070517e-05,0.0215561257162095,0.00731872312587459,0.900824977075453
"img_01689.jpg",0.00711347038575114,0.00440841531456907,0.0114079174046169,0.00208784140894645,1.00339399288536e-05,0.0123383850024383,0.00471695475202095,0.957916981791728
"img_01716.jpg",0.00122073553729109,0.00072037558004826,0.00827761703446746,0.000659261582156873,0.985398297305869,0.00197462421361107,0.00069781446635352,0.00105127428020238
"img_01717.jpg",0.0146673973275063,0.00159902118069365,0.000780383087875747,0.000758928000665166,0.975696435946023,0.00161126245419468,0.00259098668848195,0.00229558531455911
"img_01724.jpg",0.841028391926236,0.0117901330069045,0.0429616934847783,0.00222530920736811,1.02058401296954e-05,0.0499178191914457,0.00869116365461338,0.0433752836885238
"img_01745.jpg",0.851438760178658,0.0464127276923259,0.0352587747410554,0.0156561018559224,0.00677079568684245,0.0178992625992148,0.00779580229328983,0.0187677749526908
"img_01771.jpg",0.911587477487738,0.0327269557978333,0.00448086179878219,0.00644555300686707,1.01446901381845e-05,0.00753379395746262,0.00733003145315663,0.0298851818080216
"img_01773.jpg",0.764700550042036,0.0147728007536982,0.00321982241935417,0.00228934423828628,1.00216244415523e-05,0.00471541845581788,0.0258913484755672,0.184400693990799
"img_01781.jpg",0.0067407262989803,0.00096933322371409,0.000798337806373625,0.000703013200096891,0.987358658195306,0.00143282686704927,0.00100951118190228,0.000987593226577956
"img_01782.jpg",0.00232634885823919,0.000755456172951179,0.000919020361835735,0.000662795251602763,0.992533035651953,0.00129823397521492,0.000697959276629585,0.00080715045157389
"img_01802.jpg",0.664519078288739,0.0148572488385598,0.0108240412363516,0.0116955535915143,0.258075038589972,0.00826185995570454,0.00979103927034907,0.0219761402288094
"img_01803.jpg",0.0148007423769059,0.0330092122807898,0.784278720718964,0.00982524381263311,0.0189041337691162,0.0114643229539372,0.0104667005245679,0.117250923563086
"img_01824.jpg",0.830644504520077,0.00680773376691084,0.00398700897951035,0.00363286197967349,1.00461810340761e-05,0.10595928838583,0.0118080023329015,0.0371505538540624
