"image","ALB","BET","DOL","LAG","NoF","OTHER","SHARK","YFT"
"img_00005.jpg",0.0065450404652315,0.00294067905992136,0.00444377631228717,0.00166148608320952,0.973962112060969,0.00324426481983081,0.00307757703571122,0.00412506416283957
"img_00007.jpg",0.00869660585134802,0.00591678564479648,0.000971226343643248,0.00163960350020878,1.96937976395158e-06,0.000431222697645732,0.000415155758091803,0.981927430824502
"img_00009.jpg",0.865458635553876,0.0668620413486853,0.00287239072065587,0.00245898320448155,1.01504730924106e-05,0.0567388617794506,0.00220470027003943,0.00339423664971879
"img_00018.jpg",0.772800071752487,0.0515638574260261,0.00264439745001607,0.0151322479331634,1.00275372163847e-05,0.146543866831814,0.00330628345217842,0.00799924761709933
"img_00027.jpg",0.296720245477062,0.0251975108081426,0.00651468134301421,0.00251344301192684,1.00853897212277e-05,0.0943673855968325,0.0102745812696574,0.564402067103643
"img_00030.jpg",0.0327004477675675,0.00384513200670483,0.00219219102990592,0.0093224883154435,0.937387820213369,0.00770947242026852,0.00419689923157408,0.00264554901516694
"img_00040.jpg",0.0182334842859071,0.00338720083567394,0.000689781264470412,0.000501671060951225,1.94865419522896e-06,0.00150272859488867,0.967162735642197,0.00852044966171682
"img_00046.jpg",0.628711853984008,0.00974623947263277,0.0120957042908791,0.00693495029730156,0.301920874417441,0.0124873368845776,0.0134450473640042,0.0146579932891561
"img_00053.jpg",0.91188783823114,0.0194634351182866,0.0112156685715821,0.00525531672015208,1.01440642213935e-05,0.0328771952166658,0.00559491179359694,0.0136954902843547
"img_00071.jpg",0.00324828921400044,0.00167163463776767,0.00040851349834311,0.993303670254285,1.99088787126165e-06,0.000504395280411649,0.000400930238840731,0.000460575988480241
"img_00075.jpg",0.807721338064143,0.0368713991559313,0.00854528749436827,0.00557405091680677,1.01847551298084e-05,0.125217736143318,0.00824932790925913,0.00781067556104306
"img_00102.jpg",0.447204936179059,0.0199495649520743,0.00289494079918689,0.00412477700224739,1.00843235335973e-05,0.0195847015180857,0.00515850210458117,0.501072493121232
"img_00103.jpg",0.768046885913393,0.024937580564521,0.0890869487851385,0.00416553471990018,1.00326784229147e-05,0.021890920768494,0.00246005671686793,0.0894020398532623
"img_00109.jpg",0.967278513327391,0.00975477180363668,0.00220658447944933,0.00216946327616368,1.00218143459695e-05,0.00988495898712967,0.00253610019320061,0.00615958611868351
"img_00119.jpg",0.00160024858049144,0.00144741536170057,0.00147623684622157,0.00132635010180011,0.969899641050589,0.00183650027059505,0.00141452354414087,0.0209990842444618
"img_00120.jpg",0.721096510269401,0.0151338055100461,0.00280930869505714,0.00242627500885969,1.00303275766974e-05,0.00768391953962004,0.0405635797975881,0.210276570851852
"img_00125.jpg",0.831268822129115,0.00996501816217707,0.0109968253813669,0.00765165851405449,1.00326095815203e-05,0.017832086503643,0.00817125247541824,0.114104304224644
"img_00128.jpg",0.0107257594897714,0.105868430752207,0.296273555286357,0.00221529681494679,1.0040116364656e-05,0.0058796496045746,0.00245345316875493,0.576573814767024
"img_00129.jpg",0.0333837660576927,0.00319366266195007,0.000694643473515233,0.000538789484563815,1.90481737049454e-06,0.00156148128437039,0.946040688631118,0.0145850635894192
"img_00133.jpg",0.0198357802292056,0.00428826273413632,0.00302601772390145,0.00234240443327488,0.959194771180803,0.00592784596204779,0.00148271450054824,0.00390220323608326
"img_00138.jpg",0.737712713743667,0.220683811980059,0.00520674228930007,0.00420102080430455,1.0049965637357e-05,0.00554223671613629,0.0051286320476081,0.0215147924532874
"img_00141.jpg",0.00065245050467053,0.000817640088642187,0.00116451592581841,0.00040962848768926,1.99689348658441e-06,0.000448979242733217,0.000429679275586818,0.996075109581373
"img_00152.jpg",0.00456154868576127,0.00431357968396161,0.000999013096163409,0.00047024559583711,1.98609791722743e-06,0.00263783733902051,0.000993366798403319,0.986022422702935
"img_00161.jpg",0.00053376665927677,0.000411143302181293,0.000399967113695603,0.000398733001248602,1.99889599102103e-06,0.000401854453793536,0.000399204831872273,0.997453331741941
"img_00164.jpg",0.00224293020962486,0.00146512962760094,0.00461540145594445,0.00134949466837047,0.980724527791297,0.00147990868867618,0.0017541758646807,0.00636843169380493
"img_00170.jpg",0.0352712614941565,0.00641260931397624,0.000551678984908439,0.924310285065388,1.85327792748211e-06,0.001900913436686,0.000403202027399958,0.0311481963995572
"img_00171.jpg",0.34611728708768,0.0181565763706041,0.0154395728326508,0.0138014029253732,6.85394955356961e-06,0.59132333147838,0.00325802208897068,0.0118969532667871
"img_00172.jpg",0.0157805555629848,0.0195556887205292,0.00488982848497179,0.00169365103218698,0.938206189664222,0.0141110925422973,0.00148322632257011,0.0042797676702381
"img_00175.jpg",0.34611728708768,0.0181565763706041,0.0154395728326508,0.0138014029253732,6.85394955356961e-06,0.59132333147838,0.00325802208897068,0.0118969532667871
"img_00180.jpg",0.0014968343138677,0.000508780855627093,0.000604516824039459,0.000485844778563119,1.99612642267923e-06,0.000558111427115557,0.000556749655664932,0.995787166018699
"img_00196.jpg",0.00321053779155976,0.00166905274468276,0.00155150181055332,0.00134989806999915,0.98330380522918,0.00175248178230726,0.00143590559226828,0.00572681697944973
"img_00212.jpg",0.0349742675983438,0.00113110287332889,0.000425460349890494,0.00330711212895586,1.92293076964849e-06,0.000455074416038107,0.000421581038171914,0.959283478664501
"img_00223.jpg",0.846128914293314,0.0149373878296727,0.0698075704929554,0.00609193662120354,1.00430339579592e-05,0.0271396796089106,0.00402868063656556,0.0318557874834199
"img_00230.jpg",0.76857151736079,0.130552007042823,0.00385751145348876,0.00566295255063737,1.00317638941147e-05,0.0590126348821086,0.00311194498852097,0.0292213999577379
"img_00232.jpg",0.000926512396692477,0.000627789241012543,0.00045423518832217,0.000465276937085296,2.00352083657733e-06,0.000889231100782056,0.995323331813529,0.00131161980173967
"img_00244.jpg",0.771287938488718,0.097092787956026,0.00380435143639894,0.00672922821313923,1.00383379976615e-05,0.0600310346937068,0.00243007097914966,0.0586145498948635
"img_00272.jpg",0.845345595757128,0.0252013017419518,0.0692787224608651,0.0186783391587595,1.0051275278267e-05,0.0104082148849485,0.00277200970592571,0.0283057650151429
"img_00280.jpg",0.938319417558468,0.00735654904632641,0.00572914202267605,0.00225630698489056,1.04073337853744e-05,0.00478575279121346,0.00277103171716034,0.0387713925454796
"img_00282.jpg",0.34611728708768,0.0181565763706041,0.0154395728326508,0.0138014029253732,6.85394955356961e-06,0.59132333147838,0.00325802208897068,0.0118969532667871
"img_00285.jpg",0.691014186323432,0.020038260464074,0.0028510773119288,0.00227181203274862,1.00770564701412e-05,0.00594098326775485,0.0155902817038434,0.262283321839749
"img_00289.jpg",0.963555693561752,0.00753732109821866,0.00496977095801571,0.00251728568655428,1.05341224397897e-05,0.00423979828331185,0.00432944543693214,0.0128401508527751
"img_00292.jpg",0.809131026530735,0.0279212068617788,0.00344374767890307,0.00391230110087086,1.00837296825037e-05,0.0253754922286439,0.0136243205209651,0.11658182134842
"img_00302.jpg",0.0182334842859071,0.00338720083567394,0.000689781264470412,0.000501671060951225,1.94865419522896e-06,0.00150272859488867,0.967162735642197,0.00852044966171682
"img_00311.jpg",0.980195536179344,0.00523564483692728,0.00213536654795908,0.00292091615790548,1.00660013255646e-05,0.00231156456314702,0.00207294417676317,0.00511796153662853
"img_00320.jpg",0.961823432967706,0.0169531407574236,0.0027044750993024,0.00205450150898831,1.00359649306326e-05,0.00553940698735184,0.00330785271603427,0.00760715399826327
"img_00331.jpg",0.877008181151103,0.0180230110418297,0.00277911429884865,0.00301147612273207,1.00730747308779e-05,0.0431715929076457,0.00967525827788066,0.0463212931252289
"img_00358.jpg",0.0542099619127408,0.00530575520082708,0.000604357989133593,0.000701039525204568,1.87555007100355e-06,0.00417866645102961,0.00384155884446117,0.931156784526532
"img_00374.jpg",0.652470921825414,0.0290043548676883,0.00579445624824304,0.0112474044871486,1.00251698373686e-05,0.00430809885579085,0.003089207946597,0.294075530599281
"img_00375.jpg",0.0390464510814023,0.0371480157918542,0.856664208467,0.016145603730469,1.01101497206337e-05,0.0173150896978074,0.00704382170306413,0.0266266993786823
"img_00376.jpg",0.882481015927505,0.0346078316381684,0.00852980821586153,0.00210643865098228,1.00657922995284e-05,0.0281581188141461,0.00923318528635827,0.0348735356746787
"img_00380.jpg",0.91671499058922,0.027404454935136,0.0046689787067905,0.00416488491564054,1.00344131023491e-05,0.0378691716300714,0.00332659912731155,0.00584088568272714
"img_00383.jpg",0.903275107831033,0.0253596063778284,0.00213920271440222,0.00374967084979115,1.00316098534436e-05,0.00251220331288737,0.00209285544386582,0.0608613218603387
"img_00398.jpg",0.946833026230384,0.0164250217815658,0.00225277945828558,0.00385105349142491,1.00545759451274e-05,0.00413261557831562,0.00241952241598553,0.0240759264680936
"img_00407.jpg",0.935207444726161,0.0279891869287422,0.00338853613047647,0.00666522316005769,1.00310923005908e-05,0.0191831387401378,0.00253676056598297,0.00501967865614111
"img_00417.jpg",0.0171886419326644,0.00139417465927903,0.000430979510907807,0.00122919672432473,1.9622891694935e-06,0.000417032145199989,0.000409485374462144,0.978928527363992
"img_00432.jpg",0.331200023864232,0.0489687682393039,0.086683451495965,0.0188389330658961,0.0917715416880018,0.217308006461143,0.0115444205369561,0.193684854648502
"img_00442.jpg",0.00045901337364565,0.00041954876596022,0.000398743617378472,0.000397239006233962,1.99901786780369e-06,0.000403402651465455,0.0003999882930647,0.997520065274384
"img_00446.jpg",0.914555435337898,0.0198692195786998,0.00226660665789939,0.00884786787431301,1.00333569630987e-05,0.0122158169234641,0.00241104467670202,0.0398239755940605
"img_00469.jpg",0.888301195515041,0.0160874422867854,0.00614692398842756,0.00712808011451896,1.00627043771782e-05,0.0098644673945821,0.00329346831356406,0.0691683596827039
"img_00473.jpg",0.954377448978425,0.00686302540285203,0.0024359422105367,0.00281833955391182,1.0045750048332e-05,0.00286880685241947,0.00219303880841844,0.0284333524433879
"img_00483.jpg",0.934935505928459,0.0382832276456375,0.00204630802562897,0.00222893241059364,1.00282423088662e-05,0.00274938036000501,0.00215982076460694,0.0175867966227598
"img_00484.jpg",0.0217599262810426,0.0117077074952053,0.000666111781264292,0.00191736469312353,1.92848954389962e-06,0.000992291366721728,0.000921417476474641,0.962033252416624
"img_00486.jpg",0.905040643455466,0.0376658234709576,0.0193674131346279,0.0158415542584673,1.00839912079554e-05,0.00406810299146138,0.00517235843485671,0.0128340202629557
"img_00487.jpg",0.0140934661727428,0.0112974415295474,0.00445660314435862,0.00949265079008062,0.942240478235251,0.0033126842557461,0.00392674977056489,0.0111799261017087
"img_00493.jpg",0.0135973239837557,0.0014927879641616,0.00250905752332265,0.00134017025746103,0.970691493351827,0.00645518656497092,0.00216002502589325,0.00175395532860769
"img_00518.jpg",0.821608193159048,0.0342587266847985,0.00282617650678116,0.00654505130115909,1.01614598244571e-05,0.00541004621266035,0.00253777443146969,0.126803870244259
"img_00533.jpg",0.433124156261849,0.0161188719636033,0.00281982133221559,0.00340665817925419,1.00960209151495e-05,0.014765091441863,0.0124630797570622,0.517292225043238
"img_00538.jpg",0.75826800882019,0.0767451265153963,0.00314288364257961,0.00522030276387871,1.00352775608983e-05,0.00659792624364904,0.00260112523657135,0.147414591500174
"img_00543.jpg",0.980195536179344,0.00523564483692728,0.00213536654795908,0.00292091615790548,1.00660013255646e-05,0.00231156456314702,0.00207294417676317,0.00511796153662853
"img_00550.jpg",0.211751340812979,0.0814126817020113,0.0192115540055922,0.00472411565475678,6.1956676709652e-06,0.661166138845727,0.00194768732495111,0.0197802859863116
"img_00551.jpg",0.864270404016588,0.0146331926182749,0.00806566893049874,0.00724243760180985,1.0042559983709e-05,0.0494097569330687,0.0065167802787834,0.0498517170609926
"img_00564.jpg",0.00862486682469605,0.00349680806466363,0.00404984428851505,0.00460136329394018,0.965840008731301,0.00557949537069369,0.00218700776960369,0.0056206056565862
"img_00575.jpg",0.743308800164284,0.0136784086528897,0.00334305285715368,0.00266908313500803,1.00727159674423e-05,0.0320578256691849,0.00715756679089088,0.197775190014621
"img_00582.jpg",0.870000225684488,0.0341401232254117,0.0067499564118438,0.00373854016751666,1.02832353558707e-05,0.0528171453214825,0.00277682582224261,0.0297669001316588
"img_00584.jpg",0.944974231370093,0.00284110479417331,0.00462399388515078,0.00308913481977398,1.04410331191412e-05,0.0309427337829792,0.0040911872167246,0.00942717309798633
"img_00587.jpg",0.0140174640568392,0.00339047120827338,0.000679295089130311,0.000475126331262679,1.95933348297393e-06,0.00428098488335318,0.0015923007717222,0.975562398325936
"img_00590.jpg",0.0113201561997382,0.0147830143487774,0.00159901273028365,0.0004818636877253,1.9434878476107e-06,0.00159315447529272,0.00221729151553928,0.968003563554796
"img_00591.jpg",0.011928894381274,0.00121649790061531,0.000487627930259337,0.000602959994026472,1.97564567194901e-06,0.00287658694418325,0.000742583967497331,0.982142873236472
"img_00598.jpg",0.932848425215551,0.0210689022777368,0.0027796819148662,0.0087420663012125,1.00450613814114e-05,0.00740177152734429,0.00250583139170958,0.0246432763101984
"img_00599.jpg",0.764749643163779,0.0151731039054013,0.00418375489331539,0.00356746632136059,1.0084035550111e-05,0.00460981056927583,0.0292612447148911,0.178444892396427
"img_00612.jpg",0.915794694347776,0.00323274074964808,0.00266403905558409,0.00280551818161369,1.00630050583778e-05,0.0500155019411715,0.0107153077381827,0.0147621349809651
"img_00618.jpg",0.711158629219067,0.0614411829530123,0.0320600141696065,0.022339961027562,0.0823750189385542,0.0125902693580321,0.0204780806562747,0.0575568436778916
"img_00620.jpg",0.844945030913778,0.0347041995111584,0.0472292124497602,0.00410372160166842,1.01498761083613e-05,0.0144469082532712,0.00380683166687411,0.0507539457273817
"img_00642.jpg",0.0036751738323305,0.00286522980908508,0.00101516910899908,0.990129994396861,1.98492163283502e-06,0.000743390831471686,0.000634988109308985,0.000934068990310407
"img_00646.jpg",0.00254215818867217,0.0016463369876319,0.00093221047169705,0.000463513255790696,1.99249587601333e-06,0.000680920184476776,0.000771852498449136,0.992961015917406
"img_00648.jpg",0.980195536179344,0.00523564483692728,0.00213536654795908,0.00292091615790548,1.00660013255646e-05,0.00231156456314702,0.00207294417676317,0.00511796153662853
"img_00650.jpg",0.0368269276650942,0.00265533842294581,0.00153458263165244,0.000917670379647378,1.89010132513677e-06,0.923098713045948,0.0279334160515253,0.00703146170186183
"img_00654.jpg",0.712572365859196,0.0636675256709801,0.0330689064509711,0.0209635576345738,0.0250494259051066,0.0405483543252014,0.0146617654440001,0.0894680987099706
"img_00664.jpg",0.923244732325104,0.0234906337420783,0.00245976709992181,0.00209520958031546,1.00335119010844e-05,0.0054120754483298,0.00504815758527942,0.0382393907070705
"img_00667.jpg",0.00138641601699667,0.00132816994860841,0.00137352425809384,0.00132244892024719,0.983757817277604,0.00135684394874237,0.00132570305490447,0.00814907657480256
"img_00676.jpg",0.0013942200301824,0.00154399443053226,0.00153050692291411,0.00132642479743962,0.979085958984803,0.00143203368170796,0.00133385363490475,0.0123530075175161
"img_00697.jpg",0.000557930508753058,0.000734776610054203,0.000607691637437076,0.000422721792755979,2.0006783686443e-06,0.000416002758052842,0.000577468785536424,0.996681407229042
"img_00708.jpg",0.749267333790285,0.0365742352836948,0.0045333330908102,0.0047286567551751,1.00478879323337e-05,0.0741578978125111,0.0249703619894054,0.105758133390186
"img_00716.jpg",0.0650143805886875,0.0549180906682692,0.00482505720532119,0.00262261160407605,6.011011774315e-06,0.692296546670697,0.0094256533172428,0.170891648933932
"img_00717.jpg",0.604864480446176,0.248046816085881,0.00680504675804843,0.0143289202995567,1.0026664742922e-05,0.109663768685173,0.00735400833320301,0.00892693272721886
"img_00718.jpg",0.871162762983785,0.0027449040502437,0.00512820214876018,0.00589636239417839,1.00653416988403e-05,0.0290107567402664,0.00354395115707221,0.0825029951839953
"img_00723.jpg",0.0247919274221245,0.00313122475870844,0.00153098206250927,0.00148938549920808,0.954889427302021,0.00315531264417466,0.00507989308359058,0.00593184722766319
"img_00724.jpg",0.031386274484679,0.00162830023748576,0.00368158362184699,0.00203329378048967,6.05330612792835e-06,0.00977851456327182,0.206476164145439,0.74500981586066
"img_00726.jpg",0.981267260269971,0.00620436695122787,0.00199672619557876,0.00200773133703866,1.00204040869389e-05,0.00310872492472928,0.00214660561134525,0.00325856430602207
"img_00729.jpg",0.938888218114297,0.012668814335588,0.00426332480720572,0.00252130577375432,1.07198640641578e-05,0.00775566548381841,0.00766791534667306,0.0262240362745989
"img_00730.jpg",0.00209896738883389,0.000954341544019275,0.000448184127550874,0.000410831110195062,1.99371149014212e-06,0.00106924349790566,0.00141099484593829,0.993605443774067
"img_00757.jpg",0.860130471228752,0.0145917125377004,0.0482859941367845,0.0172487575149023,1.01480046640492e-05,0.0311391904453185,0.00636335850735367,0.0222303676245244
"img_00760.jpg",0.00599341535496712,0.00157315052968024,0.000467707797216476,0.990243301990708,1.98534837327247e-06,0.000658024271369224,0.0004347955298648,0.000627619177820915
"img_00763.jpg",0.00147716179725208,0.00135286735950931,0.00181890208281182,0.00131640263492432,0.986018103326473,0.00235709536697225,0.00134362037340936,0.00431584705864764
"img_00764.jpg",0.00130661948829964,0.00146147648735174,0.00170144505208996,0.000470240794203053,1.99861924618769e-06,0.00044760445572507,0.000417388876148315,0.994193226226936
"img_00765.jpg",0.0512533458826578,0.524429665924613,0.0046667599890879,0.020474063685519,1.0060642506488e-05,0.119804244123171,0.0085813732138993,0.270780486538546
"img_00772.jpg",0.0570696733536198,0.00967011394203978,0.332500057246006,0.00214635398365438,1.00861958428351e-05,0.246170837709685,0.0060937875054938,0.346339090063658
"img_00773.jpg",0.654592519870269,0.117759255632371,0.0750025942284097,0.0262406019358099,0.00880680835241285,0.0968397267665495,0.00804403793910362,0.0127144552750745
"img_00777.jpg",0.379849567123228,0.0158147101249953,0.00203171159581317,0.00142542838284785,5.99501091223948e-06,0.594165054872877,0.00515679902620997,0.00155073386311669
"img_00780.jpg",0.00196054520261662,0.000671991985783875,0.0008181045515808,0.000431119245151656,1.99659857392904e-06,0.00268253028946738,0.00272270849559647,0.990711003631229
"img_00798.jpg",0.90474094784491,0.0350203706373858,0.00343993362808899,0.0305890539945754,1.00545752663143e-05,0.00658499083422311,0.00293791677471209,0.0166767317108387
"img_00808.jpg",0.815594038284591,0.133769281218764,0.00246283776422233,0.00452359338497365,1.00568923201924e-05,0.00624369304041981,0.00227693362879776,0.0351195657859106
"img_00816.jpg",0.950982866295705,0.00939178902926751,0.00211770046716169,0.002138010062237,1.00592713293911e-05,0.00333697173321393,0.00495993585965823,0.027062667281427
"img_00828.jpg",0.00197223463004927,0.00137588607672062,0.00914043021881685,0.00132348837672169,0.979846479749628,0.00187431523044308,0.00135390212388813,0.00311326359373261
"img_00833.jpg",0.749932072174181,0.0240978609104452,0.00412257291063242,0.00391835904099292,1.00431884554159e-05,0.0597599558159057,0.0265603486713721,0.131598787288015
"img_00837.jpg",0.784723466864011,0.123934480299936,0.00527237252195623,0.00463050570982401,1.01078163836702e-05,0.0537375368957869,0.00242957329158661,0.0252619566005163
"img_00855.jpg",0.827516890150851,0.0353070322100514,0.013142735252869,0.00436324806318277,1.02846989024729e-05,0.0382267102148611,0.010137923125039,0.0712951762842438
"img_00857.jpg",0.961823432967706,0.0169531407574236,0.0027044750993024,0.00205450150898831,1.00359649306326e-05,0.00553940698735184,0.00330785271603427,0.00760715399826327
"img_00858.jpg",0.946538602340808,0.00540580707855165,0.00227413608293049,0.00216417038847358,1.01480673647379e-05,0.0086010937265207,0.00376607032482526,0.0312399719905258
"img_00865.jpg",0.890937844582027,0.0674261290551091,0.00222918120042465,0.00291092271751828,1.00289635249341e-05,0.0167601489293681,0.00332095519002724,0.0164047893620004
"img_00876.jpg",0.00134977435480633,0.00133347547910429,0.00135730819031712,0.00132297745377398,0.983435764290255,0.00137532679380307,0.00135494405756097,0.0084704293803792
"img_00889.jpg",0.0739576885989605,0.0273490566137021,0.20368938431836,0.00745838164408475,0.111151067320948,0.0445933184953489,0.021193234852757,0.510607868155839
"img_00894.jpg",0.553980441194646,0.013695097830238,0.0143543099937476,0.0142655875169155,0.284570568493601,0.0121037912385701,0.00835180539385968,0.0986783983384223
"img_00902.jpg",0.000926512396692477,0.000627789241012543,0.00045423518832217,0.000465276937085296,2.00352083657733e-06,0.000889231100782056,0.995323331813529,0.00131161980173967
"img_00914.jpg",0.000459219875033813,0.000481261517813863,0.000403162694411566,0.000396398246517076,1.99897859203277e-06,0.000397173868729923,0.000397630799462076,0.99746315401944
"img_00921.jpg",0.821970842895764,0.00434806065928313,0.00388883243186149,0.00256046295649017,1.01141251411961e-05,0.0556398007127466,0.0522942590748333,0.0592876271438799
"img_00927.jpg",0.0121593853646891,0.0115851676807178,0.00130456139556642,0.000540797056665162,1.94770404020758e-06,0.002351224794756,0.00307165783433859,0.968985258169227
"img_00943.jpg",0.911277698796222,0.0619813577701809,0.00210645620292199,0.00247551316046424,1.00281575364524e-05,0.00267526526326669,0.00233365096720812,0.0171400296822
"img_00948.jpg",0.219352789462691,0.0152710527736494,0.0169937024832085,0.00543871149242929,0.641916358963396,0.0180947193159659,0.0118606989267719,0.0710719665818878
"img_00950.jpg",0.00465573045986975,0.00190930587120088,0.00281023261697451,0.00142672443516512,0.981640039278331,0.00258693941405098,0.00212831702418064,0.00284271090022756
"img_00959.jpg",0.849564325750162,0.0140030671948505,0.00678765941507696,0.00460989600586166,0.0699093496450662,0.0138702465759401,0.0114003211831461,0.0298551342298969
"img_00962.jpg",0.0186534412997703,0.00131184683819054,0.000995573932611189,0.00041631525616069,1.98834334728711e-06,0.00174834982842962,0.00271340679012789,0.974159077711362
"img_00964.jpg",0.00232513520218787,0.0226919525205931,0.936074197483729,0.00558182310685233,1.00212658761534e-05,0.00231158807671758,0.00352070423386715,0.0274845781101766
"img_00966.jpg",0.656017772807251,0.0101397600801468,0.00913011507133216,0.00689683581563778,0.172115897207134,0.0395490009058988,0.00875927360048727,0.0973913445121115
"img_00974.jpg",0.890213252429906,0.0142461551823456,0.00390989089201113,0.0106089767151807,1.00216031584879e-05,0.0238237693332821,0.00219931708195676,0.0549886167621595
"img_00979.jpg",0.00137877309251305,0.00131045651510173,0.00436133087938255,0.000433809337414302,1.99328962633142e-06,0.000905853896329109,0.000708124974863977,0.990899658014769
"img_00982.jpg",0.413803210780505,0.331784351808385,0.0456574514532259,0.0230014684824005,0.101426693674228,0.035122553479402,0.0122831500445297,0.0369211202773235
"img_00985.jpg",0.809131026530735,0.0279212068617788,0.00344374767890307,0.00391230110087086,1.00837296825037e-05,0.0253754922286439,0.0136243205209651,0.11658182134842
"img_00999.jpg",0.717457568288306,0.0456727719470865,0.00256103157536445,0.00287215127146426,1.00267381788731e-05,0.0136673028365818,0.0475724423336833,0.170186705009335
"img_01022.jpg",0.944016735720679,0.00456914531554513,0.00378204399732843,0.0080378893338656,1.01766604262086e-05,0.0180877481236762,0.0036905643621493,0.0178056964863297
"img_01031.jpg",0.802825161531557,0.00980684042579201,0.00666840433922973,0.0025300918231546,1.00500250180281e-05,0.167202971264006,0.00591738499570179,0.00503909559554117
"img_01035.jpg",0.379849567123228,0.0158147101249953,0.00203171159581317,0.00142542838284785,5.99501091223948e-06,0.594165054872877,0.00515679902620997,0.00155073386311669
"img_01043.jpg",0.0188373207848853,0.00209680225531236,0.00267179786717285,0.00137371426250993,0.947187417238216,0.00707197640204659,0.0168635300988676,0.0038974410909898
"img_01058.jpg",0.918105011295814,0.0125409165925752,0.00393510188566412,0.00242985927232978,1.04748824976393e-05,0.00562920635249134,0.0028036603414284,0.0545457693771999
"img_01059.jpg",0.00437409223249909,0.00321333075056386,0.00143890507770168,0.000835313781089561,1.97508993457076e-06,0.00491166077224518,0.00212701427483098,0.983097708021135
"img_01090.jpg",0.00215470744080493,0.00293342801728866,0.00318989911945289,0.00134179559617051,0.985280179110758,0.00149667210738695,0.00176098311354564,0.00184233549459249
"img_01102.jpg",0.207607266711782,0.577359045728515,0.00309702922254548,0.0413373221320315,1.00621725524803e-05,0.00491465677274587,0.00239953058788778,0.16327508667194
"img_01103.jpg",0.00281353996470913,0.0110063423443502,0.0014537223540552,0.00112777039423473,1.97643200718962e-06,0.000571998622969234,0.00187592528786644,0.981148724599808
"img_01116.jpg",0.819094457121741,0.084323710646,0.00838836664720921,0.0170129895851167,1.00281217366852e-05,0.0456615779626509,0.00309777653010813,0.0224110933854377
"img_01134.jpg",0.864270404016588,0.0146331926182749,0.00806566893049874,0.00724243760180985,1.0042559983709e-05,0.0494097569330687,0.0065167802787834,0.0498517170609926
"img_01142.jpg",0.609193491100964,0.0302583703982717,0.049607643083971,0.0174792514370986,0.244957364792784,0.0194069907484135,0.00763920427463965,0.0214576841638572
"img_01168.jpg",0.0163654733915394,0.0139916633319009,0.00265192544833075,0.00674923589341509,0.00532578571374033,0.918100241484876,0.00757926964227055,0.0292364050939268
"img_01171.jpg",0.00157102731023771,0.00136426651997146,0.00166181956341407,0.00131922985679546,0.985314181211113,0.00148807916378858,0.00132488135500015,0.00595651501967923
"img_01177.jpg",0.743443579326303,0.0483478970826087,0.030450849782204,0.0115763146956299,0.0654706253668225,0.0414148404075707,0.0183265454121225,0.0409693479267392
"img_01179.jpg",0.964928783624025,0.00669165390899612,0.00355629642722629,0.00766598565063713,1.00536512309631e-05,0.011357930152625,0.00286358572868325,0.00292571085657635
"img_01188.jpg",0.0503002263228789,0.392234307039299,0.00485770024297963,0.0204008037402489,1.00853740887569e-05,0.182985150368293,0.011813323448696,0.337398403463515
"img_01198.jpg",0.360741282915648,0.0184180571090707,0.00343852003068108,0.00301771483155753,0.532689128711938,0.00552646985171652,0.020798769588938,0.0553700569604501
"img_01204.jpg",0.00133579949691995,0.00133108918126853,0.00135813765807592,0.00131001185468116,0.976904218229289,0.00133614903323652,0.00133354805789671,0.0150910464886318
"img_01208.jpg",0.00671360002288315,0.00178543286100432,0.0021680062793602,0.00150558483366532,0.980149456419464,0.00319640209002309,0.00213783480577934,0.00234368268782009
"img_01211.jpg",0.935538205254853,0.0460825023485242,0.00220654296899611,0.00511449597333372,1.00566107272801e-05,0.0024709541149825,0.00211302436176875,0.00646421836681438
"img_01213.jpg",0.852617234685447,0.0821273111458188,0.00700488948692425,0.00967413919697459,1.00945340683556e-05,0.012136116852799,0.00561779202792967,0.030812422070038
"img_01222.jpg",0.768987980209657,0.104513056542771,0.00584793074327459,0.0232921123293774,1.005200468985e-05,0.0140159510543789,0.00716218166822524,0.0761707354476261
"img_01224.jpg",0.00254384056718071,0.00372271499796329,0.0356691672796967,0.000748837032058262,1.91521775476327e-06,0.0013454693588975,0.000693755938032321,0.955274299608416
"img_01237.jpg",0.0306732639975786,0.00310204447843665,0.00207096345619983,0.00130182141307353,0.937936354343517,0.00455595577342146,0.00187760530371549,0.0184819912340573
"img_01249.jpg",0.025700681820623,0.019270402683816,0.00726136039219521,0.00656807926060388,0.927747305074386,0.00626385196532097,0.00241704664548688,0.00477127215756832
"img_01253.jpg",0.00053278219020384,0.000403327528003183,0.00039851254397143,0.000396535099661328,1.99890168075823e-06,0.000396459422764311,0.000396601583128419,0.997473782730587
"img_01286.jpg",0.0175681886826986,0.00217120737684556,0.000460478555337596,0.00131329022251508,1.98538063031305e-06,0.00114887152819025,0.000473570323192024,0.976862407930591
"img_01289.jpg",0.00558228199098131,0.00628084606570478,0.00115549086274727,0.000817713726445668,1.97064157756178e-06,0.00320686382272032,0.00151186046145265,0.98144297242837
"img_01325.jpg",0.0209268093245745,0.00607769268254519,0.00447290916772021,0.00143517865331846,0.95244330954801,0.00173396377257738,0.00385909729518609,0.00905103955606834
"img_01328.jpg",0.915898193808866,0.0519441561650435,0.00228560102748014,0.00554763212465382,1.00296478781131e-05,0.0071380273209941,0.00308587195405941,0.0140904879510253
"img_01366.jpg",0.34611728708768,0.0181565763706041,0.0154395728326508,0.0138014029253732,6.85394955356961e-06,0.59132333147838,0.00325802208897068,0.0118969532667871
"img_01371.jpg",0.961515368150004,0.00683528244979328,0.00345369552577121,0.00217004735889315,1.01752761608928e-05,0.004000975116899,0.00293513715239619,0.0190793189700818
"img_01373.jpg",0.0112708143347218,0.00667689515372331,0.00945929330197289,0.00309244494699065,0.930953022915583,0.0326064375392248,0.00316579204371085,0.00277529976407306
"img_01377.jpg",0.0134966525102929,0.00678823604016345,0.00439741882511379,0.00173149174777475,0.957863807418904,0.0119742784626494,0.00163310644703207,0.00211500854807022
"img_01379.jpg",0.897492460317307,0.0161304185145265,0.0177867050556822,0.00515645636847402,1.00719619807786e-05,0.030588496187456,0.00424996655866864,0.0285854250359045
"img_01384.jpg",0.217081002750428,0.0397749142541506,0.0199786075934372,0.00491767029662832,6.14734199808022e-06,0.669454081007029,0.00163400794230942,0.0471535688140192
"img_01388.jpg",0.890638450828317,0.0445978863043593,0.00335966657358468,0.00214021000226792,1.00460561288111e-05,0.0301016126848625,0.00289191464697122,0.0262602129035089
"img_01392.jpg",0.00284868412513484,0.0162885313228343,0.905262808344235,0.00504463044679627,1.00451877839793e-05,0.00237855863475257,0.00275520210300081,0.0654115398354618
"img_01399.jpg",0.0086560808922926,0.871967571707665,0.00743104572878368,0.00230486361440053,1.00475256406788e-05,0.0161682318925587,0.0028583387450429,0.0906038198936158
"img_01404.jpg",0.93081084079011,0.0103440130160392,0.00220271612404681,0.0107505568271048,1.00240996226358e-05,0.014902272483419,0.00208818410207596,0.0288913925575815
"img_01405.jpg",0.845628766229232,0.0125550625729278,0.00341124288434595,0.00322495168366716,1.00882004742687e-05,0.129625008670884,0.00280895224055039,0.0027359275179186
"img_01413.jpg",0.953242326224037,0.0061268629519663,0.00412617461516235,0.00713325696599713,1.00817149892622e-05,0.008632551474685,0.00463884871264648,0.0160898973405162
"img_01426.jpg",0.00885742275300466,0.0290795308943591,0.000563549769389745,0.000411475743146894,1.89431085434791e-06,0.000917542480854072,0.943397764303914,0.0167708197444774
"img_01431.jpg",0.00471155677676009,0.00148399498404918,0.000471098688132536,0.991445698969032,1.98796374021015e-06,0.00076167827447937,0.000451020781162982,0.000672963562643589
"img_01441.jpg",0.000623024969411773,0.000475833169401574,0.00041285256412375,0.000400886313805969,1.99883663129278e-06,0.000421078311724042,0.000458152950893788,0.997206172884008
"img_01444.jpg",0.050554407929038,0.00215726047949667,0.000448933316054384,0.000754189382709747,1.8850623273069e-06,0.00292659875629276,0.00593070929962867,0.937226015774453
"img_01490.jpg",0.00176779527961001,0.00141922977005032,0.00908180329434058,0.00076984534903776,1.97880729152344e-06,0.000519174948832936,0.000444602452247118,0.98599557009859
"img_01495.jpg",0.617129948669634,0.0352144216520296,0.0114775592131099,0.00924794386711514,1.00287818428828e-05,0.0126530280044269,0.00338603354889494,0.310881036262946
"img_01505.jpg",0.00209307212687837,0.00140393348282784,0.00157660723478708,0.00137321254168368,0.983631698291428,0.00142442594555044,0.00146676339496408,0.00703028698188021
"img_01511.jpg",0.896668242565838,0.023345520843333,0.0480447366677992,0.00532679670298667,1.00405810538113e-05,0.0123225042736503,0.00361762314650662,0.0106645352188326
"img_01519.jpg",0.319905009912571,0.0580636888337085,0.00529295882613257,0.0112110630399126,1.00760184982321e-05,0.169673475094811,0.110313938596772,0.325529789677594
"img_01530.jpg",0.933927556677065,0.0152713090359552,0.00312114835826594,0.00280044783368075,1.03423941631387e-05,0.00302238331324525,0.00257030225213575,0.0392765101354889
"img_01537.jpg",0.819372026424186,0.0130301909437727,0.0458300372779338,0.00224064108057212,1.03206430114477e-05,0.0671599031776436,0.00921441040540328,0.0431424700474772
"img_01538.jpg",0.884072085247045,0.0331734523140427,0.0057236828239056,0.00274794481408069,1.00505547766043e-05,0.0571666576273654,0.00459969542928774,0.0125064311894959
"img_01541.jpg",0.00193016264447824,0.00139291389235638,0.0137472317523547,0.00129903673065832,0.973763925876109,0.00354766262829389,0.00132640778675805,0.00299265868899139
"img_01543.jpg",0.956780651362612,0.00381477487304818,0.00204680248890243,0.00218496354743747,1.00808479498196e-05,0.00245092061905751,0.00215357867901434,0.0305582275819779
"img_01548.jpg",0.954533125756338,0.00338859399658646,0.00270383698033255,0.00208032946630645,1.01350725017289e-05,0.022505458829433,0.00577564435084128,0.00900287554766108
"img_01552.jpg",0.954806163009766,0.0067626409165136,0.0040056380577348,0.00204028574189134,1.00463004688261e-05,0.0235669616989671,0.00348789266343966,0.00532037161121838
"img_01561.jpg",0.0147100563704292,0.00238621176379737,0.00500034666956014,0.00179559293272655,0.966507522572447,0.00239754885899805,0.00318899510630471,0.00401372572573754
"img_01562.jpg",0.763196858858934,0.0113123967862067,0.00358482859639314,0.00249507282714001,1.00330820637385e-05,0.00836937878213788,0.0420984380742462,0.168932992992878
"img_01571.jpg",0.952768782261221,0.0277787871363344,0.00205732491142738,0.00212211028687986,1.00239648327326e-05,0.00216773418231435,0.00334322015990305,0.0097520170970875
"img_01593.jpg",0.66347020178788,0.134801094533318,0.00362449679443092,0.00372857025636094,1.00386684847392e-05,0.0188891720035177,0.0116631113338084,0.163813314622199
"img_01595.jpg",0.00764331950340654,0.00723910366279211,0.00897895713327256,0.00212665435815091,0.949977903115038,0.00217100190919679,0.00207548358433855,0.0197875767338043
"img_01616.jpg",0.826895095623641,0.132062883106979,0.00259793039249776,0.0039953623335663,1.01098620654485e-05,0.00559353956050191,0.00518028095254634,0.0236647981682019
"img_01618.jpg",0.864576386105622,0.0100579252904679,0.00246835623831406,0.00257961104026158,1.0376715217329e-05,0.0964872758339256,0.0160833418485336,0.00773672692765806
"img_01627.jpg",0.905767808223211,0.0464633339370851,0.0020877916198551,0.00214636730066299,1.00210017366053e-05,0.0315343060999336,0.00257866661071316,0.00941170520680248
"img_01632.jpg",0.740633962642196,0.0152146918564811,0.0167493508068606,0.0073459218930601,0.14860624662146,0.0292298944778961,0.016996500097403,0.0252234316046428
"img_01633.jpg",0.851715779123954,0.011998431875165,0.0107195695779078,0.00522294705728825,1.0053316245358e-05,0.0746677677608127,0.00853007786864071,0.0371353734199866
"img_01640.jpg",0.980195536179344,0.00523564483692728,0.00213536654795908,0.00292091615790548,1.00660013255646e-05,0.00231156456314702,0.00207294417676317,0.00511796153662853
"img_01646.jpg",0.955159003672179,0.0165735072858381,0.00248667944545252,0.00424555813491806,1.00210405481209e-05,0.0131699587583206,0.00274511742706858,0.00561015423567511
"img_01647.jpg",0.00238025393445956,0.00137300387437834,0.00139689075474615,0.00131149313220901,0.98886550221932,0.00185947449564953,0.0013911517162242,0.00142222987301351
"img_01649.jpg",0.908541837773827,0.034385027636215,0.00415327064491959,0.00899071926368208,1.05108337658835e-05,0.0151959684860133,0.0102316696857238,0.0184909956758536
"img_01657.jpg",0.00563332152347959,0.000818169467545957,0.0420956036577772,0.000394084111094458,1.90834163283215e-06,0.00152799081760964,0.000451490761339834,0.94907743131952
"img_01669.jpg",0.00471155677676009,0.00148399498404918,0.000471098688132536,0.991445698969032,1.98796374021015e-06,0.00076167827447937,0.000451020781162982,0.000672963562643589
"img_01673.jpg",0.599222570310969,0.00948769854976007,0.00825622155571184,0.00805648085704743,0.316097626008005,0.0164057331543086,0.0184240232415365,0.0240496463226615
"img_01681.jpg",0.0159737226687427,0.00151814225102326,0.000926921227111099,0.000453401781497613,1.96633602898642e-06,0.000888812010425634,0.00103843195528642,0.979198601769884
"img_01684.jpg",0.913792313287822,0.0247198077538492,0.0029899324866951,0.00682900422891836,1.00238030862997e-05,0.00919721668041483,0.00403202590010594,0.0384296758591083
"img_01685.jpg",0.173577133036507,0.0411029759360715,0.128147175505802,0.0243309631513058,0.195490263916727,0.309045800098046,0.0114079128098975,0.116897775545643
"img_01687.jpg",0.725385890134299,0.00956213501621215,0.00265821249206153,0.00293421214338452,1.00340905263951e-05,0.00602769421258369,0.0117638590376929,0.24165796287324
"img_01688.jpg",0.00661264052110497,0.00535103548047285,0.00101410358112332,0.000815291391914861,1.97341718242589e-06,0.00244717836305625,0.00137517089888182,0.982382606346263
"img_01689.jpg",0.00102313152445727,0.000795371896305157,0.00226713097698566,0.000410742450936324,1.99171376187176e-06,0.00214097406041102,0.000826299709905503,0.992534357667237
"img_01716.jpg",0.0023637935395127,0.00141654169218262,0.0163131520415704,0.00129607559103021,0.971193957639919,0.00385184457327833,0.00137206989360561,0.00219256502890081
"img_01717.jpg",0.0247919274221245,0.00313122475870844,0.00153098206250927,0.00148938549920808,0.954889427302021,0.00315531264417466,0.00507989308359058,0.00593184722766319
"img_01724.jpg",0.819372026424186,0.0130301909437727,0.0458300372779338,0.00224064108057212,1.03206430114477e-05,0.0671599031776436,0.00921441040540328,0.0431424700474772
"img_01745.jpg",0.814449665021299,0.052393503466688,0.0374850907605637,0.0165448496975085,0.0156579980662062,0.0356185832441435,0.00890923044386256,0.0189410792997283
"img_01771.jpg",0.917622556784427,0.030986683304418,0.00420392609547828,0.00840459162397734,1.01455202686589e-05,0.00588003558433448,0.00733435343931916,0.0255577076477772
"img_01773.jpg",0.752503642989932,0.0132534136651579,0.00255043174937575,0.0021671165716518,1.00243785987842e-05,0.00354953993238216,0.0181345486224918,0.207831282090409
"img_01781.jpg",0.00843265421535016,0.00208425768157325,0.00378874063127192,0.00660201140816266,0.971803502285242,0.00361737670673689,0.00183084090413856,0.00184061616752439
"img_01782.jpg",0.00339516621052585,0.00149982116033064,0.00182467037494657,0.00131579048875824,0.985617876720762,0.00248972380014705,0.00138562855044276,0.00247132269408715
"img_01802.jpg",0.707931528793094,0.0148176183658854,0.0107844107689964,0.0116559231223893,0.216742865727745,0.0082222294962594,0.00971591014290936,0.0201295135827204
"img_01803.jpg",0.0125549480913016,0.101823438649099,0.708701387256756,0.0142032744455732,0.0190447978812557,0.0112533941047921,0.016228518692631,0.116190240878592
"img_01824.jpg",0.827216508194273,0.00785156883254631,0.00299114902267686,0.00438019628059442,1.01039215334735e-05,0.114272742379009,0.0129616025747042,0.0303161287946629
