"image","ALB","BET","DOL","LAG","NoF","OTHER","SHARK","YFT"
"img_00007.jpg",0.137666743252347,0.041998891206468,0.00705736399023198,0.00973127918609659,1.00327057689372e-05,0.00412911462444867,0.00250615367184246,0.796900421362797
"img_00009.jpg",0.816426748643523,0.0805267437041189,0.0027982858092309,0.00245459562845938,1.01504780470603e-05,0.0921486915149536,0.00220976992660401,0.00342501429506337
"img_00018.jpg",0.73215316890874,0.0537934183669547,0.00360885106096068,0.0153180190365138,1.00275650971544e-05,0.183041280149918,0.0033114792158778,0.00876375569593709
"img_00027.jpg",0.23006518115552,0.0252491956547203,0.00641311223250752,0.00250349746032274,1.00853889010454e-05,0.0939102359468849,0.0106476522142629,0.631201039946881
"img_00040.jpg",0.0860501534993993,0.0191664827218518,0.00373166860925844,0.00268324012456054,1.00583694879351e-05,0.00834493834105021,0.836157684312653,0.0438557740217382
"img_00053.jpg",0.899528665754104,0.0266817929387059,0.0138261149209074,0.00525711127112586,1.01440654280696e-05,0.0353451421890943,0.00560975090392451,0.0137412779567097
"img_00071.jpg",0.0163502303703457,0.00841453118185852,0.00205633971410561,0.966292656306567,1.00215469453081e-05,0.00253897901369406,0.00201816555260269,0.00231907631388076
"img_00075.jpg",0.801884845896139,0.0481761562440463,0.00855779567502929,0.00557501629560616,1.01847586094079e-05,0.118331987276125,0.00829519968295834,0.00916881417148635
"img_00102.jpg",0.424133730062618,0.0208475497730943,0.00287870199244481,0.00477629640785088,1.0084408018427e-05,0.0180991789928319,0.00555082662622155,0.52370363173692
"img_00103.jpg",0.839683226831229,0.0308261773423624,0.0531731709895008,0.00381499216094558,1.00242762984921e-05,0.0203605744892214,0.00224949950196354,0.049882334408479
"img_00109.jpg",0.963078049634379,0.00923922626889956,0.00226240973332885,0.00217042623056007,1.00218406260303e-05,0.0106578511124399,0.00354778157754519,0.00903423360222087
"img_00120.jpg",0.621531513095039,0.0164787091364447,0.00318560376364888,0.00250490460065552,1.00296421692987e-05,0.00803478474658812,0.0440799664585761,0.304174488556879
"img_00125.jpg",0.828202991003096,0.0103045394812935,0.0110130126499689,0.00766538348180992,1.00326195547574e-05,0.0179980178863322,0.00820478639864141,0.116601236479303
"img_00128.jpg",0.00935982880485097,0.0688612713638072,0.302335958600997,0.00221486456328835,1.00401171837237e-05,0.00466647037452934,0.00245644093245793,0.610095125242885
"img_00129.jpg",0.137955793678991,0.0167138835322982,0.00342017248329508,0.00284568845614269,1.00672457203045e-05,0.0074619499235891,0.764105293827035,0.0674871508529286
"img_00138.jpg",0.750227282120854,0.209856089307237,0.00586265872313654,0.00347688883303952,1.00531652854668e-05,0.00632233690339088,0.00484482588360188,0.0193998650634553
"img_00141.jpg",0.00327510202640599,0.00410431334565964,0.00584536112875838,0.00205621282896192,1.00238096898822e-05,0.0022537411503168,0.00215686198885741,0.98029838372135
"img_00152.jpg",0.0239139553886659,0.0224805209613954,0.00506694904109237,0.00238459498825915,1.0071261669295e-05,0.0134328271585062,0.00599715934316597,0.926713921857246
"img_00161.jpg",0.00267533000998925,0.00206059758034049,0.00200480884790769,0.00199875453655575,1.00199975236177e-05,0.00201439922093937,0.00200111526780741,0.987234974538936
"img_00170.jpg",0.330066764298427,0.0137303917836757,0.00305501494008202,0.455509825801931,1.00282358604692e-05,0.00971943621374216,0.00228180958811875,0.185626729138163
"img_00171.jpg",0.581517128818188,0.0297330563475822,0.0526305236307274,0.0336775373233915,1.01859329904197e-05,0.283598779012521,0.00700013204292437,0.0118326568916745
"img_00175.jpg",0.571250931615717,0.0211921531184938,0.0188135291915653,0.0151332653189151,1.02306687699093e-05,0.336738016298055,0.00574821304991369,0.0311136607385708
"img_00180.jpg",0.00819019937094522,0.00250411074592415,0.0026933271366965,0.0025372865289138,1.00232365969432e-05,0.00263207175962613,0.00269075050084406,0.978742230720453
"img_00212.jpg",0.272645136913429,0.00562035771386462,0.00221940992040548,0.0198794324383885,1.0022745495698e-05,0.00234119953390325,0.0022079011911834,0.69507653954333
"img_00223.jpg",0.857480625424015,0.0133347339452594,0.0654437831052958,0.00618275855038676,1.00360828612826e-05,0.0307206255358431,0.00430681341616041,0.0225206239401785
"img_00230.jpg",0.772672539207234,0.116238053561317,0.00592058631789142,0.00596014119727788,1.00396917422416e-05,0.0594000681030635,0.00387963256901429,0.0359189393524592
"img_00232.jpg",0.00391223005530807,0.00258091134167434,0.00207654630627011,0.00216832079302254,1.00459492378281e-05,0.00376099505187013,0.979528966084984,0.00596198441763308
"img_00244.jpg",0.767974116739047,0.111378347816352,0.0038041970650606,0.00672231180210981,1.00383378446126e-05,0.0490719442295155,0.0024299058302647,0.0586091381798057
"img_00272.jpg",0.845345595757128,0.0252013017419518,0.0692787224608651,0.0186783391587595,1.0051275278267e-05,0.0104082148849485,0.00277200970592571,0.0283057650151429
"img_00280.jpg",0.938840671721863,0.00741239608821717,0.00574777134954101,0.00225653666358739,1.04073367426733e-05,0.00478770099635393,0.00280118473077161,0.0381433311129234
"img_00282.jpg",0.648337539083605,0.0450614038209508,0.017536458740944,0.0401514733873452,1.01099357713992e-05,0.225657893941701,0.00559856393975861,0.0176465571499232
"img_00285.jpg",0.639153102960447,0.0232725167524511,0.0028508312316697,0.00227219774132185,1.00770588023246e-05,0.00583116293739409,0.0161192240863024,0.310490887231611
"img_00289.jpg",0.963555693561752,0.00753732109821866,0.00496977095801571,0.00251728568655428,1.05341224397897e-05,0.00423979828331185,0.00432944543693214,0.0128401508527751
"img_00292.jpg",0.744756675810924,0.0361035329370259,0.00306347462571618,0.0041296256134245,1.00917824324281e-05,0.0405370751555654,0.0366083364478805,0.134791187627031
"img_00302.jpg",0.0993970891580753,0.0171972149997992,0.00363978171605698,0.00285646325973082,1.00985471664634e-05,0.00806191797130788,0.830784687980815,0.0380527463670483
"img_00311.jpg",0.973648742411921,0.0143672253693872,0.00201655568522536,0.00245475830460737,1.00370231590179e-05,0.00212648043598855,0.00201049794824552,0.00336570282146573
"img_00320.jpg",0.965654286696149,0.00645700476804366,0.0034403227024648,0.00205843467586892,1.00405706787864e-05,0.00855391819959328,0.00483487649487071,0.00899111589233129
"img_00331.jpg",0.876934438574185,0.0229099444875758,0.00277972801719355,0.00301151598200264,1.00730746343544e-05,0.0434322033852069,0.0091521905740681,0.0417699059051333
"img_00358.jpg",0.381523167787941,0.0295059806327839,0.00332256000229468,0.00381555773968504,1.00711852921556e-05,0.0231155668918664,0.0213698523010565,0.53733724345908
"img_00374.jpg",0.63255687831419,0.0309315531091204,0.00549219410777676,0.0112482703586541,1.00251703621326e-05,0.00436071197887084,0.00309047325671593,0.31230989370431
"img_00375.jpg",0.0356046234607993,0.0324108785619723,0.867122377622543,0.0162355112995075,1.00922180648522e-05,0.0140811395318844,0.00702625159371026,0.0275091257115182
"img_00376.jpg",0.887702277310279,0.0294864973112699,0.00762379793051846,0.00210855365799644,1.00671908814988e-05,0.0314118256906212,0.0107975990759065,0.0308593818325271
"img_00380.jpg",0.898583448800309,0.0237376765047466,0.00468811563436027,0.00437302558703267,1.00343447720006e-05,0.0517854207837493,0.00342337219280399,0.0133989061522262
"img_00383.jpg",0.896489368971641,0.00953281265155296,0.00231050525426858,0.00321055882926491,1.00478940788616e-05,0.00301084071611025,0.00226449501268617,0.0831713706703972
"img_00398.jpg",0.946833913243311,0.0164758506812449,0.0022528212371053,0.0038510330960567,1.00545761384873e-05,0.00415079882486678,0.00241966042542478,0.0240058679158524
"img_00407.jpg",0.961544807275093,0.00816121085074551,0.00271996606555188,0.00771019872302276,1.00304281551328e-05,0.0106623983095126,0.00294873735634343,0.0062426509915761
"img_00417.jpg",0.194060558362686,0.00829772072903977,0.00220143312155177,0.00669984752593513,1.00226383735852e-05,0.00212932470112548,0.00209197593226254,0.784509116989026
"img_00442.jpg",0.0023006052791801,0.00210286078723249,0.00199867465882879,0.00199113288961548,1.00199380461575e-05,0.00202202759185486,0.00200490929745734,0.987569769557785
"img_00446.jpg",0.892819360615881,0.0144359475178427,0.00218037471034479,0.00843729250510353,1.00310369378594e-05,0.0116450424074685,0.0024284341584192,0.0680435170480029
"img_00469.jpg",0.918365068816086,0.0204599218901037,0.00494817491178135,0.00550267973240813,1.00406774014732e-05,0.00880190235198222,0.00303511802550366,0.0388770935947335
"img_00473.jpg",0.94122922518261,0.00771347499545994,0.00245173124318004,0.00285463592360272,1.00457619646649e-05,0.0029222572550747,0.00220126815644789,0.0406173614816603
"img_00483.jpg",0.937147849498266,0.0334744650108225,0.00204632193074378,0.002228983123664,1.0028242575766e-05,0.0027473408630618,0.0021598942345715,0.0201851170962944
"img_00484.jpg",0.132402862702536,0.0762593442570028,0.00346197585290162,0.00996501882830779,1.00229877426755e-05,0.00515674650002213,0.00477926914289956,0.767964759728587
"img_00486.jpg",0.893404133096984,0.0470994361309347,0.0195703282008715,0.0165519371894979,1.00841480416397e-05,0.00418340505329687,0.00518943580800919,0.0139912403723643
"img_00518.jpg",0.839113247415604,0.019768323434337,0.00301034504288626,0.00536135858019196,1.01614526171437e-05,0.00537479214028071,0.00248077893502306,0.124880992999059
"img_00533.jpg",0.446473422022671,0.0138565541312597,0.00287202903206957,0.00398426891587345,1.0126971541859e-05,0.0171574095391299,0.00865789674614964,0.506988292641305
"img_00538.jpg",0.791373024446352,0.0636423225292585,0.00301457074529367,0.00530629437954284,1.00352851115449e-05,0.00568379393422374,0.00259313923668762,0.12837681944353
"img_00543.jpg",0.970559145761244,0.00666930005715221,0.00218272175112532,0.00287099608913104,1.00675913729098e-05,0.00233854202615831,0.00206008935469521,0.0133091373691207
"img_00550.jpg",0.259177844036807,0.070222878772578,0.0291873939254262,0.00964335714891264,1.0370455224678e-05,0.530038761113889,0.00413253411721616,0.0975868604299464
"img_00551.jpg",0.861603940957928,0.0100938131228373,0.0041117145566183,0.00534818103581503,1.00324955163267e-05,0.0559796423123605,0.0117914707369702,0.0510612047819541
"img_00575.jpg",0.831857551956522,0.0096975873891011,0.00394858725342546,0.00232237372115586,1.00675940013679e-05,0.0155942042927145,0.0106856638487352,0.125883963944344
"img_00582.jpg",0.876250091279004,0.0266729447964893,0.0067522834544246,0.00375032253575688,1.02832464485429e-05,0.05057583522399,0.00278852209368252,0.033199717370204
"img_00584.jpg",0.94145481445709,0.00284040847961725,0.00792660286273663,0.00309248085408616,1.0441039072702e-05,0.0311254273992998,0.00405337204107808,0.00949645286701962
"img_00587.jpg",0.0799153064261682,0.0183794184783863,0.00431923639698626,0.00233129508012354,1.00775176586568e-05,0.0226963196178914,0.0102334134710487,0.862114933011737
"img_00590.jpg",0.073177002823172,0.0685183844281553,0.00826573083348177,0.00251873856137392,1.00386941125766e-05,0.00827883064829681,0.0114842001565443,0.827747073854863
"img_00591.jpg",0.0749355144210026,0.00637244062395176,0.00276608524735574,0.00407541684988695,1.0092797019367e-05,0.0189001780045504,0.00408892676170377,0.888851345294529
"img_00598.jpg",0.937437916253132,0.0157443808764948,0.00277975283892668,0.00864731738335412,1.0045061645953e-05,0.00823702534919751,0.00250585661815693,0.0246377056190916
"img_00599.jpg",0.65839343287815,0.0154807824934876,0.00418318536839661,0.00356802478425391,1.00840382537492e-05,0.00453620596173676,0.025407019134286,0.288421265341435
"img_00612.jpg",0.912575662205094,0.00323170753975133,0.00266397997369226,0.0028055208703758,1.00630050706916e-05,0.0536172330798826,0.0107354041600858,0.0143604291660474
"img_00620.jpg",0.844395034417793,0.0276642026617409,0.0689032945493727,0.00528992316564809,1.02329895997147e-05,0.0182387114281232,0.00413442643428383,0.031364174353439
"img_00642.jpg",0.0164546393289641,0.0109617669115091,0.00295795110562786,0.951852110170754,1.00226211186907e-05,0.00312039936079601,0.00203384875450447,0.0126092617467258
"img_00646.jpg",0.022181121170416,0.0180258337787562,0.0474203269304716,0.00238155536835555,1.00333535471761e-05,0.0035218475870682,0.00421755304413408,0.902241728767251
"img_00648.jpg",0.980789501995757,0.00394212832559571,0.00227114840806061,0.00376464728218769,1.00734999498015e-05,0.00234597305973298,0.00208762048697361,0.0047889069417427
"img_00650.jpg",0.21111003437375,0.0146937186239269,0.00835747761602291,0.00497989407399336,1.02379212308892e-05,0.548017481119362,0.171477830154165,0.0413533261175497
"img_00664.jpg",0.916545989598827,0.0236406345704937,0.00272205575461092,0.00209535687944139,1.00335131849973e-05,0.00539658043133817,0.00506629108093778,0.0445230581711664
"img_00697.jpg",0.00279883328936142,0.00368386339140631,0.00304735945043135,0.00212064632970676,1.00366994828916e-05,0.00208693795955632,0.00289684207277678,0.983355480807278
"img_00708.jpg",0.710398470539481,0.0368458641406212,0.0045386344654173,0.00474769939507943,1.00479002578956e-05,0.0787681571661774,0.0253212314290662,0.1393698949639
"img_00716.jpg",0.0942880952681092,0.12081703313184,0.00669544281876939,0.00550091548589806,1.02209872516757e-05,0.48718829087661,0.0154331337566465,0.270066867674875
"img_00717.jpg",0.659140440883112,0.184739262443125,0.00681584970269848,0.0143290160867759,1.00266648510056e-05,0.113363324346429,0.00735426483353108,0.0142478150394773
"img_00718.jpg",0.947931764140317,0.00264951911098218,0.00469526578974532,0.00468530035905375,1.00326103895506e-05,0.0160193227390734,0.00407899123457576,0.0199298040158627
"img_00724.jpg",0.042540399166408,0.0035436541285406,0.00588853045235879,0.00242132557476595,1.01294488186099e-05,0.0118299915772117,0.216352624925451,0.717413344726445
"img_00726.jpg",0.981506631117801,0.00600995791443438,0.00199670968764724,0.00200771397009644,1.00204040258822e-05,0.00306220770769044,0.00214639319481365,0.00326036600349076
"img_00729.jpg",0.938888218114297,0.012668814335588,0.00426332480720572,0.00252130577375432,1.07198640641578e-05,0.00775566548381841,0.00766791534667306,0.0262240362745989
"img_00730.jpg",0.0283857757099772,0.00481368967962943,0.00225534451614818,0.0020673921165896,1.00327120035465e-05,0.00538077294820445,0.0071840367868654,0.949902955530582
"img_00757.jpg",0.891516973002197,0.0194380722628457,0.0190143995592459,0.0152835452679589,1.0113299656156e-05,0.0264136363953188,0.00594562154291034,0.0223776386698672
"img_00760.jpg",0.0308220231845815,0.00799427586084899,0.00236435038362991,0.949333974899107,1.00245602232356e-05,0.00332315789072176,0.00219545098553013,0.00395674223535733
"img_00764.jpg",0.00631182625404677,0.00697292087891765,0.00812623098529586,0.00236426141032046,1.00514627788854e-05,0.00224562060991019,0.00209918522129093,0.971869903177439
"img_00765.jpg",0.0492671388914527,0.458538590914742,0.00446010424100431,0.020565213973867,1.00513494584339e-05,0.1601533840988,0.00911302118690638,0.29789249534377
"img_00772.jpg",0.0971078250638517,0.00905742289445394,0.307547828789689,0.00215189694831465,1.00862161683231e-05,0.145857238945736,0.0049370644141103,0.433330636727676
"img_00777.jpg",0.643163013831713,0.0735816223869562,0.00365044321024096,0.00220446783688696,1.01221148543752e-05,0.265624264104551,0.00901735153860268,0.00274871497619451
"img_00780.jpg",0.0103198040918085,0.00342067665983652,0.00413072911337444,0.00217582909151216,1.00765945632655e-05,0.0145438937053935,0.0143599140504841,0.951039076693027
"img_00798.jpg",0.879782960684873,0.0550431597437006,0.00311592038217567,0.0269376928034244,1.00566808961067e-05,0.00814353181919474,0.00299778455218436,0.0239688933335511
"img_00808.jpg",0.809639911166434,0.139571135711056,0.00246294784070426,0.00452205192626707,1.00568923086871e-05,0.00634468196855715,0.00227697930839743,0.0351722351862753
"img_00816.jpg",0.942639515504689,0.00984142614880763,0.0021291423332664,0.00213809935696934,1.00592745198761e-05,0.00336127954507109,0.00496226300306278,0.0349182148336133
"img_00833.jpg",0.75077936134421,0.0246269243358039,0.00412264213228464,0.00392012563025727,1.00431970344352e-05,0.0597130433668059,0.0295082623844835,0.127319597609121
"img_00837.jpg",0.788566871573813,0.0868863735120034,0.00529630864606666,0.00461030241342719,1.01078238119189e-05,0.0865010900535641,0.0024320796204056,0.0256968663569081
"img_00855.jpg",0.824606664113021,0.0349841864593999,0.0131250984114546,0.00436242704550373,1.02846997498212e-05,0.0411012417917928,0.0101435932676506,0.0716665042114279
"img_00857.jpg",0.966254758578976,0.0136865890636241,0.0023437907924757,0.00204377284556027,1.00301187374958e-05,0.00688967605369761,0.00255474529727185,0.00621663724965736
"img_00858.jpg",0.948328427326354,0.00590825073713974,0.00227320851405452,0.00216771667394738,1.01480713240355e-05,0.00867552053163958,0.00377083376882397,0.0288658943767165
"img_00865.jpg",0.859544607454948,0.0751573519002344,0.00222391243464766,0.00291107297528939,1.00289647757302e-05,0.0159062891184223,0.0275256274615086,0.0167211096901743
"img_00902.jpg",0.00382066983462518,0.00311366852981873,0.00240427271186948,0.00223504695021784,1.00376810631081e-05,0.0034965729385182,0.978339429137346,0.00658030221654153
"img_00914.jpg",0.00230193373301261,0.00241240377244673,0.00202094022151903,0.00198703201819881,1.00203129075071e-05,0.00199091998272732,0.00199321045657351,0.987283539502614
"img_00921.jpg",0.737009569992236,0.00430611554689844,0.00388875895909997,0.0025603274088756,1.01141248939955e-05,0.137949531171681,0.0550485434356214,0.0592270393606937
"img_00927.jpg",0.163720871111148,0.0526096857420739,0.00690205248348905,0.00255173178999619,1.00431438509651e-05,0.013377356681422,0.0150368922996191,0.745791366748401
"img_00943.jpg",0.91533465015549,0.0553394746413787,0.0021064541395308,0.00247281991677281,1.00281575108786e-05,0.00266611187615209,0.00233212458399023,0.0197383365291745
"img_00959.jpg",0.965537283317808,0.00336963983959382,0.00207128080096905,0.00200586827560156,1.00330062580186e-05,0.00549871716764598,0.00264306613138812,0.0188641114607358
"img_00962.jpg",0.114970436063105,0.00727535654057523,0.0061963899744985,0.00213957015394286,1.0205474272607e-05,0.00930937276065604,0.0134665960990418,0.846632072933908
"img_00964.jpg",0.00232513379662958,0.0226919497263461,0.936074237720931,0.0055818230290197,1.00212660517726e-05,0.00231158749645587,0.00352070305113732,0.027484543913429
"img_00974.jpg",0.923805977865209,0.0179937374394179,0.00463722194423731,0.0132507258423326,1.00213292663779e-05,0.0118591360519382,0.00225918990398535,0.0261839896236132
"img_00979.jpg",0.00696889461238329,0.00674249612755644,0.0228394552533723,0.00218900507021973,1.0057985813988e-05,0.00457185959351127,0.00357552723183415,0.953102704125309
"img_00982.jpg",0.749140773768862,0.190770075409535,0.00662714832164997,0.00341880406343933,1.02350398337583e-05,0.0150586845872583,0.00604173383798181,0.0289325449714397
"img_00985.jpg",0.734102327632094,0.035810856834004,0.00356072527185816,0.00390681860542,1.00881059747463e-05,0.0231797668659185,0.0163378040991377,0.183091612585593
"img_00999.jpg",0.716963109187755,0.0350149659061292,0.00240324900208272,0.00295655944843245,1.0026876759647e-05,0.0151620374025982,0.0801963864756356,0.147293665700608
"img_01022.jpg",0.944066874823587,0.00438645378015953,0.00378195374935875,0.00803808855378482,1.01766601999401e-05,0.0182580939207508,0.00369061780688063,0.0177677407052783
"img_01031.jpg",0.781159150400104,0.0105780194430533,0.00745802756754583,0.00277615668293592,1.00636671701083e-05,0.187744853855415,0.0065532201524345,0.00372050823134118
"img_01035.jpg",0.6982259039892,0.0431989191504856,0.00335889581801743,0.00267122648297987,1.01198280333288e-05,0.242989981354592,0.00690681885080003,0.00263813452589223
"img_01058.jpg",0.918105011295814,0.0125409165925752,0.00393510188566412,0.00242985927232978,1.04748824976393e-05,0.00562920635249134,0.0028036603414284,0.0545457693771999
"img_01059.jpg",0.0877444286888314,0.0163582124554831,0.00732633550947256,0.00424838634625522,1.00452380976705e-05,0.0623314260624296,0.0110495537880038,0.810931611911427
"img_01102.jpg",0.202846797968773,0.473190895151621,0.00285126084761577,0.0595552311098819,1.00334339247326e-05,0.00402832451376029,0.00244265892807492,0.255074798046349
"img_01103.jpg",0.0184693806967443,0.0719852048934574,0.0265687208252774,0.00577230984512374,1.00721057125464e-05,0.00291843100921351,0.00970788107529981,0.864567999549171
"img_01116.jpg",0.758523485140354,0.0579098775516466,0.00876883698793658,0.0171244604023996,1.00281241066941e-05,0.0463767971530285,0.00314750973979701,0.108139004900731
"img_01134.jpg",0.887309287485898,0.0103736355390354,0.00589484697752144,0.00626998409603957,1.00350911230547e-05,0.0403002619377365,0.00382970398336822,0.0460122448892782
"img_01179.jpg",0.965003754596442,0.00664838480041661,0.00355627614363104,0.00766598642924882,1.0053651337681e-05,0.0113341629482498,0.00286358939010786,0.00291779204056605
"img_01188.jpg",0.0690926273718757,0.431450362570724,0.00488353076207099,0.0212178122281646,1.01101713909075e-05,0.168479617258718,0.0551611327618852,0.249704806875171
"img_01211.jpg",0.929483548634768,0.0521255238517264,0.00220655748047597,0.00511481929749757,1.00566105965019e-05,0.0024709673204208,0.00211302625359138,0.00647550055092296
"img_01213.jpg",0.761252595671464,0.167449555437016,0.0116658051659734,0.00990656184222212,1.00995175527611e-05,0.0137455472106606,0.00560513652304288,0.0303646986320685
"img_01222.jpg",0.720305662610874,0.124391993862294,0.00509766537857424,0.0315163755436477,1.00601617181014e-05,0.0134387579640301,0.006912026147504,0.0983274583313577
"img_01224.jpg",0.0132792443574003,0.0208247380844159,0.111028351265042,0.00391937949006836,1.00244386659286e-05,0.00703992291643153,0.00363172265415647,0.84026661679382
"img_01253.jpg",0.00267065711510603,0.00202173786504338,0.00199765863704028,0.00198769684910726,1.00198206301393e-05,0.00198731749915165,0.001988030111189,0.987336882102732
"img_01286.jpg",0.08999432104477,0.0111150046618487,0.00235692642139403,0.00672251094827542,1.01620279489234e-05,0.00588041642360659,0.00242393620517867,0.881496722266978
"img_01289.jpg",0.0696180287652779,0.0319963004639064,0.00588669373013299,0.00416587500096522,1.00395116081571e-05,0.0161774075446497,0.00771299111511096,0.864432663868349
"img_01328.jpg",0.907599383878981,0.0644665744537318,0.00237549710232425,0.00559623486137215,1.00433244519352e-05,0.0108884943895766,0.00272804049600911,0.00633573149355311
"img_01366.jpg",0.483910919061041,0.0140995053435306,0.0151027978266802,0.0112371263660935,1.01641886017191e-05,0.460276464085226,0.00297505563274623,0.0123879674960813
"img_01371.jpg",0.961154355864027,0.00694003244658044,0.00345450002917583,0.00217008498599906,1.01752762874671e-05,0.00398276133533937,0.00293522653567888,0.019352863526912
"img_01379.jpg",0.853367708727218,0.019703535141,0.0216204091185762,0.00628497418022413,1.00644018824618e-05,0.0357073052995808,0.00379784620357192,0.059508156927947
"img_01384.jpg",0.310425876118258,0.0906021335811368,0.0313148639442801,0.00653320603013229,1.04182884382556e-05,0.524813063514043,0.00292040680698747,0.033380031716724
"img_01388.jpg",0.802660495435329,0.114046742762531,0.00406326491047857,0.00212826353234146,1.00315196839263e-05,0.0406003255923897,0.00336339156439386,0.0331274846828523
"img_01392.jpg",0.00337778596455638,0.0189686715094114,0.905775753743254,0.0066350935134495,1.00513352595706e-05,0.00253680253100349,0.00304994706499606,0.0596458943380698
"img_01399.jpg",0.00767578055046542,0.872999699783296,0.00742990023017272,0.00230482355968729,1.00475253411344e-05,0.0161374539596772,0.00285833161771926,0.0905839627736406
"img_01404.jpg",0.929535952061642,0.0101343534246136,0.00220421804522109,0.0107943021249794,1.0024100406382e-05,0.0163031259522294,0.00208819960843224,0.0289298246824763
"img_01405.jpg",0.859121928799289,0.0138790354652281,0.00346822986471384,0.00323987180086894,1.00882164744244e-05,0.114053902404093,0.00281220279408405,0.00341474065524787
"img_01413.jpg",0.953177397626422,0.00613917113216249,0.00412620161014011,0.00713326186019305,1.00817147846863e-05,0.00868329491467836,0.00463887689566209,0.0160917142459576
"img_01426.jpg",0.0493242300487878,0.233830321240211,0.00317276940301664,0.00218083636109008,1.00398160257804e-05,0.00470137997851844,0.615477378348528,0.0913030448038222
"img_01431.jpg",0.0228659048973343,0.00723114120791266,0.00237713996512061,0.957880718827084,1.00232731500149e-05,0.00428688195150933,0.00215094058818045,0.00319724928970831
"img_01441.jpg",0.00312385889375522,0.00238576572546883,0.00207004097685943,0.00201004729955141,1.00221834416711e-05,0.00211129010227925,0.00229718277213727,0.985991792046507
"img_01444.jpg",0.178203896949733,0.0113620764500114,0.00239709284744732,0.00402130186336604,1.00566080226948e-05,0.0141410023403664,0.0768225644366949,0.713042008504358
"img_01490.jpg",0.00708459310853247,0.00670970468136068,0.0393009897356825,0.00390341380541804,1.00414474427389e-05,0.00282422758442036,0.00226725699799317,0.93789977263915
"img_01495.jpg",0.619268954718227,0.034998271551939,0.011391686132909,0.00924817239979013,1.00287817836166e-05,0.0120810703190847,0.00337806142782683,0.30962375466844
"img_01511.jpg",0.886654858032718,0.0284213325400736,0.0503950004734382,0.00533278801489949,1.00405885457167e-05,0.012416425157592,0.00363841271525986,0.013131142477473
"img_01519.jpg",0.415546145030646,0.0532024025787259,0.00518688614023826,0.0112513435610029,1.00760930845525e-05,0.131605843263016,0.125942653776034,0.257254649557253
"img_01530.jpg",0.914139152603667,0.0335363483127253,0.00313716716939463,0.00300695535901261,1.03423985126178e-05,0.00301186827917849,0.00257452689823644,0.0405836389792726
"img_01537.jpg",0.827972955550571,0.0259573751775397,0.0221514796922226,0.0021568228655317,1.02187558146686e-05,0.0755331664284179,0.00517282308052042,0.0410451584493821
"img_01538.jpg",0.894016032745305,0.0336882635671742,0.00573039167360947,0.00275229286926316,1.00505592324331e-05,0.0465926276536519,0.00460493390753653,0.012605407024227
"img_01543.jpg",0.955367939117615,0.00379973393066229,0.00230228652475105,0.00218667148249062,1.00808495015956e-05,0.00243432356664154,0.00215466948498828,0.0317442950433497
"img_01548.jpg",0.953431657010845,0.00340414842528248,0.0027039663605272,0.00208033010737028,1.01350722645456e-05,0.0235889461679561,0.00577574028229042,0.0090050765734641
"img_01552.jpg",0.95381026112219,0.00677709019301922,0.00401600099541929,0.00204029917791281,1.00463004450737e-05,0.0245353987018743,0.00348808623725397,0.00532281727188507
"img_01562.jpg",0.718726746169707,0.0153690859071207,0.00410976097006535,0.00258825333001781,1.0041815518135e-05,0.00919179821045086,0.0475512264142438,0.202453087182876
"img_01571.jpg",0.934421629490599,0.0298367938323235,0.00207018174999536,0.00212044399192986,1.00239647986611e-05,0.00216907726026569,0.0114808756298645,0.0178909740802232
"img_01593.jpg",0.597385490841335,0.217080019792822,0.00406500946160863,0.00399952106957525,1.00489681560982e-05,0.0193663903631744,0.0119072110176306,0.146186308485698
"img_01616.jpg",0.852811311384879,0.109579158026021,0.0028750361783495,0.00408284485547826,1.00825434689084e-05,0.0069258443090266,0.00509810774816544,0.018617614954612
"img_01618.jpg",0.906628799126744,0.0121590664702706,0.00247111850985203,0.00259254840817855,1.03767316492732e-05,0.0528775618490072,0.0158492646871949,0.00741126421710388
"img_01627.jpg",0.898828739249522,0.0518999660179659,0.00208720143129863,0.00214125680137632,1.00210009828698e-05,0.0325474575995929,0.00263128141301181,0.00985407648624998
"img_01633.jpg",0.878806287248171,0.00983488138424724,0.00606941925304862,0.00522530652882964,1.00533311608815e-05,0.0548790908209387,0.00856102905882378,0.03661393237478
"img_01640.jpg",0.978834288477214,0.00699720592373824,0.00208209484552477,0.00292555444481955,1.00565404233762e-05,0.0022705835857368,0.00204498535715172,0.00483523082539157
"img_01646.jpg",0.930570152116949,0.0274222452976386,0.00250554993540118,0.0042508763360227,1.00210507500063e-05,0.0266371619685554,0.0027556075892803,0.00584838570540289
"img_01649.jpg",0.895389617086465,0.0435139645453694,0.00421198045113173,0.00967011680998615,1.05108934225368e-05,0.0173417514210251,0.0102823051991634,0.0195797535934364
"img_01657.jpg",0.0296778815804706,0.00431034097190806,0.221771176242443,0.00207614309480816,1.00536666970309e-05,0.00804987436844457,0.00237857706042023,0.731725953014809
"img_01669.jpg",0.0247124774009364,0.0077377366254076,0.00237461379304459,0.954760137155916,1.00278892963715e-05,0.00339546309436457,0.00239823207672158,0.00461131196431284
"img_01681.jpg",0.0853995985810822,0.00794360310364314,0.00474072599611368,0.00231551564331854,1.00405392378396e-05,0.00454068793974805,0.00531626154758873,0.889733566649268
"img_01684.jpg",0.878037421410723,0.0247588213393732,0.00299102228585826,0.00682912861041194,1.00238030891044e-05,0.00918782749537181,0.00403214556752009,0.0741536094876525
"img_01687.jpg",0.574888554444556,0.00990308976514824,0.00254697624786208,0.00234794280678556,1.00308127675546e-05,0.00455770363278558,0.0467485192080315,0.358997183082063
"img_01688.jpg",0.040252195883457,0.0272435788171208,0.00516153917092176,0.00414956207809859,1.00440357901401e-05,0.0124824641596434,0.0082837549774724,0.902416860877496
"img_01689.jpg",0.00537608709064121,0.00401348447389007,0.0114209371716736,0.00206916182591833,1.00334751583559e-05,0.0108006781093276,0.00436024107731767,0.961949376776073
"img_01724.jpg",0.897371186814813,0.00755064108276184,0.00846995527917744,0.00227612766554399,1.03816084070779e-05,0.0361810240168518,0.00535050195266509,0.0427901815797797
"img_01745.jpg",0.887371605932706,0.0474133201706746,0.0223533405430659,0.00999126328448801,1.01218305323401e-05,0.0195440893131605,0.00472611497095652,0.00859014395441653
"img_01771.jpg",0.913706945754532,0.0309813054848471,0.00420425685569709,0.00840467998507951,1.01455206314568e-05,0.00975754696262673,0.00733442123050998,0.0256006982060762
"img_01773.jpg",0.71382830507212,0.0132490852058886,0.00255113497876755,0.00216718020194795,1.00243789593177e-05,0.00355589044697849,0.0181528362609792,0.246485543454359
"img_01824.jpg",0.82473875032895,0.007847343951777,0.00299220769046561,0.00438026251853224,1.01039223468422e-05,0.118647320041672,0.0129847149077722,0.0283992966384836
"img_01831.jpg",0.367606662165936,0.0321294991098226,0.00272059528992985,0.520506239212848,1.00246698834589e-05,0.0100613322934521,0.00225036124202569,0.0647152860161023
"img_01834.jpg",0.00801603915172472,0.00650851381759099,0.206971678665614,0.00234285933642302,1.00604670377936e-05,0.00967278451880016,0.00269622274552189,0.763781841297287
"img_01847.jpg",0.318872745476283,0.020219739601213,0.00258728008763096,0.00359895403326408,1.00480666176056e-05,0.00759273418013616,0.00537067012582276,0.641747828429032
"img_01853.jpg",0.101252142094842,0.064561218384327,0.00656584434546758,0.00304479093327543,1.00573497711899e-05,0.0109067966300969,0.0166795775738154,0.796979572688404
"img_01856.jpg",0.929532009763314,0.00682704549280727,0.0039341133865142,0.00228647025254139,1.01217059877433e-05,0.00357714889218741,0.00244057751333365,0.0513925129933145
"img_01860.jpg",0.944688286563577,0.00297982865817732,0.00309505419770495,0.00213235143438109,1.01639894088667e-05,0.0143860261995377,0.00959294445571986,0.0231153445014937
"img_01862.jpg",0.755964077312767,0.00504367394041135,0.0729127170871962,0.00213933082089529,1.02730701190875e-05,0.129138467383613,0.0128377177866132,0.0219537425983855
"img_01874.jpg",0.744157666940264,0.00634250480691224,0.00264914367612363,0.00218693171705911,1.0092867264433e-05,0.0135488021693235,0.151660724938667,0.0794441328843862
"img_01888.jpg",0.0747064474100058,0.277483045132991,0.00528661000607256,0.0179170099737816,1.00424510851216e-05,0.377830270638166,0.0130409415492384,0.23372563283866
"img_01918.jpg",0.0373114554073637,0.0157985122329497,0.00243516793981863,0.929189190361717,1.00308147851151e-05,0.00438743745577009,0.00286208699909898,0.00800611878849718
"img_01930.jpg",0.923228713550851,0.0260249293716725,0.00576959487037482,0.0040957745511841,1.00282667698632e-05,0.0329051629475796,0.00354834384178547,0.00441745259978222
"img_01932.jpg",0.867402767501984,0.0152583090996379,0.00642966348838324,0.00773372878196033,1.00663065298872e-05,0.0086848656662512,0.00345378378024733,0.0910268153750062
"img_01955.jpg",0.00244734784000145,0.00220777472259293,0.00200445669486393,0.00199421462555656,1.00201296383429e-05,0.00198804820512577,0.00199356774150143,0.98735457004072
"img_01963.jpg",0.96657921837312,0.00997853982902671,0.00405254297641237,0.00368547926276486,1.00520060949955e-05,0.00482920415132865,0.0025809353478211,0.00828402805343139
"img_01966.jpg",0.915862041718814,0.0488981272762628,0.00206423703129701,0.00204883567349208,1.00212892728465e-05,0.0171135274361217,0.00208794261187173,0.011915266962868
"img_01983.jpg",0.855633993626834,0.0149554533187812,0.0683731779143246,0.00457951271861736,1.04525635457054e-05,0.018136222764271,0.00377235849651154,0.0345388285971145
"img_01984.jpg",0.133028455032174,0.0115800020699884,0.00224159483137326,0.00306077526476501,1.00327279565641e-05,0.00680474553363968,0.0022319656140816,0.841042428926021
"img_01995.jpg",0.0424666959884901,0.208510300178722,0.0112386801965112,0.368264800777868,1.01177687375937e-05,0.109221368804801,0.012004909706007,0.248283126578863
"img_01996.jpg",0.0824420249491666,0.0127684247242699,0.00271800959696014,0.00561163526609268,1.01614862989958e-05,0.835378811179362,0.0357340169031763,0.025336915894673
"img_02001.jpg",0.419343844750654,0.00565948708019547,0.00541053083053378,0.00322519609796259,1.0096539603232e-05,0.240933947004826,0.160365283928573,0.165051613767651
"img_02006.jpg",0.364678952811051,0.0343713500510011,0.188714927480441,0.155613765620862,1.00483012680926e-05,0.0152291311976925,0.00615404441381603,0.235227780123868
"img_02066.jpg",0.945778850052295,0.0105592550955656,0.00288668502012902,0.00231863150197972,1.00456429210264e-05,0.0110337868957629,0.00313371601189285,0.0242790297794538
"img_02074.jpg",0.954005772127801,0.00844964354967614,0.00268380148107045,0.00479457563664216,1.00421084542741e-05,0.0250342816499334,0.0022083967958967,0.00281348665052632
"img_02076.jpg",0.0945317573059085,0.864290319385142,0.00225082034771248,0.00249711772691971,1.00555387071754e-05,0.00241872983265369,0.00214689618932942,0.0318543036736272
"img_02077.jpg",0.0358518206896373,0.012734886555203,0.00799446237413063,0.912042893001559,1.0024967598967e-05,0.0193299628713279,0.00316951834718225,0.00886643119336149
"img_02096.jpg",0.98427446877569,0.00262050825511668,0.00199797196323235,0.00202689529327137,1.0020573594841e-05,0.00304784862895458,0.00226777148285471,0.00375451502728541
"img_02119.jpg",0.850412068787291,0.0155494050460041,0.0741659605910986,0.00600124541038263,1.00499851134597e-05,0.0234153728034348,0.00374897378298811,0.0266969235936875
"img_02124.jpg",0.0444448297375606,0.00513578022634095,0.00430511741130404,0.00283817942210851,1.0044925660398e-05,0.923041333952156,0.00643399961879722,0.0137907147060718
"img_02172.jpg",0.828561115975555,0.021649004520274,0.0224103460981221,0.00217965001572585,1.02702547316634e-05,0.0634897058929622,0.00573371386474362,0.0559661933778859
"img_02180.jpg",0.884425175342213,0.0198311468735454,0.00481142846862619,0.00594893682571105,1.01208056861199e-05,0.0397749446839756,0.0074560266308657,0.0377422203693766
"img_02188.jpg",0.688923756042198,0.0111238698578614,0.00381502121430511,0.00293979624563646,1.00765616992394e-05,0.0594460677312797,0.0133784355064539,0.220362976840566
"img_02209.jpg",0.0309806535536603,0.00618888236445707,0.0041515269336404,0.00291093766007898,1.0057873573875e-05,0.931307751279475,0.00931403975334813,0.0151361505817665
"img_02231.jpg",0.251647890448714,0.00822224260469725,0.00682766307175386,0.680315688453909,1.05906015194796e-05,0.0312866749757267,0.00300807483805274,0.0186811750056275
"img_02235.jpg",0.0442318855088704,0.13157638159189,0.00820448030001125,0.502748876226211,1.01289574326928e-05,0.0828297788843341,0.0135390738302008,0.216859394701049
"img_02252.jpg",0.968731219325717,0.00715976315872243,0.00330890645185382,0.00251305689050096,1.01308879798247e-05,0.00459424937268729,0.00309014944835499,0.0105925244641838
"img_02268.jpg",0.763082083805504,0.0245316210044724,0.0187628970432007,0.0674449782659717,1.00998330207238e-05,0.00740666548992795,0.00452830690030787,0.114233347657594
"img_02270.jpg",0.939257829189974,0.0183209169627568,0.0100173677418124,0.00443852647178615,1.0161002160573e-05,0.0160322309148558,0.00401468201591245,0.00790828570074218
"img_02281.jpg",0.0303068497372654,0.00706951525196027,0.00262499305235086,0.949069991604719,1.00210934750037e-05,0.003217281638984,0.00203985164568338,0.00566149597556189
"img_02282.jpg",0.00266476063186276,0.0085950383089295,0.00201727331141409,0.00199767686005167,1.00214285477429e-05,0.00214451867646106,0.00357119626901906,0.978999514513714
"img_02291.jpg",0.976834679137476,0.00992930092442757,0.00203210408343382,0.00221095002715323,1.00279034956482e-05,0.00264841017703131,0.00205858657034556,0.0042759411766369
"img_02299.jpg",0.82005537379349,0.0713390947391082,0.00531749799344512,0.0202856295688015,1.0057827107031e-05,0.0145123947318129,0.00556640513894086,0.0629135462072947
"img_02305.jpg",0.0288658166178695,0.194013942615881,0.00730396365654724,0.4283849816602,1.01181137072489e-05,0.0438562838107579,0.0124470527107815,0.285117840814255
"img_02307.jpg",0.708458910731634,0.0165715551091548,0.00219984498583719,0.00280513514213908,1.00828047826643e-05,0.0768366653157613,0.0325520314337981,0.160565774476893
"img_02309.jpg",0.979559837646566,0.00518404816716933,0.00208644117417919,0.00265074931843415,1.00477705088507e-05,0.00250477837342489,0.00213887438669005,0.00586522316302751
"img_02318.jpg",0.0144536380630386,0.00350460237977089,0.00233487031000746,0.00214579514389833,1.00279268418921e-05,0.00224588539064264,0.00224778423089731,0.973057396554903
"img_02356.jpg",0.0173538046552644,0.00271473662576738,0.00275733397691502,0.00443476934547596,1.00225375480133e-05,0.00326067430144058,0.00299767848116953,0.966470980076419
"img_02367.jpg",0.914131375994306,0.0313651156640435,0.0045590917483759,0.00659229499550396,1.01885031068734e-05,0.0157812046843715,0.0091015186663842,0.0184592097439079
"img_02379.jpg",0.273948943925132,0.0116251087081919,0.00249835395547855,0.00221204783062343,1.00442864352789e-05,0.00327615676998673,0.0033249658594034,0.703104378664748
"img_02384.jpg",0.772505749003447,0.0166326900690041,0.00359128639249935,0.00302078693402416,1.00779127312003e-05,0.0559940105004438,0.00975819228939794,0.138487206898452
"img_02398.jpg",0.893579690485686,0.0279394436199684,0.00720672062001235,0.0130968235457115,1.00372414623821e-05,0.0289641569894083,0.0028517822469256,0.0263513452508252
"img_02400.jpg",0.926584951870569,0.0151362246560491,0.0138908056618593,0.00369252850650235,1.00235549582335e-05,0.0268673230065908,0.00258310333211927,0.0112350394113518
"img_02406.jpg",0.0332888083347421,0.00739272535559402,0.00828071305036321,0.926652701142767,1.00211924376965e-05,0.0136813144302932,0.0036862882410905,0.00700742825271262
"img_02412.jpg",0.775901226472793,0.00341451496148389,0.00267022114380712,0.00235183016775161,1.00592808228693e-05,0.0024445772432929,0.00354867755611578,0.209658893173933
"img_02422.jpg",0.808411176387162,0.032693345567913,0.00365920659660087,0.00516893281965168,1.00434023220315e-05,0.011892943125895,0.0204315974407827,0.117732754659672
"img_02486.jpg",0.867848493032955,0.0810618318306802,0.00697572133547857,0.00233849679780527,1.00239621906824e-05,0.0150250050229574,0.00485445296662796,0.0218859750513049
