"image","ALB","BET","DOL","LAG","NoF","OTHER","SHARK","YFT"
"img_00005.jpg",0.000937207060342254,0.000937207060342254,0.000937207060342254,0.000937207060342254,0.993439550577604,0.000937207060342254,0.000937207060342254,0.000937207060342254
"img_00007.jpg",0.0468190765681168,0.0152852812729376,0.00526956015544322,0.00480634995638694,1.00292629696549e-05,0.00324779060193776,0.0029368442413255,0.921625067940883
"img_00009.jpg",0.857681801413098,0.0722722659744326,0.00594057028686574,0.00299781526087476,1.00288947885428e-05,0.0533702174136937,0.00289940889326616,0.00482789186298035
"img_00018.jpg",0.736261210103621,0.0721099991655925,0.00300075147742208,0.0105561215747034,1.00295042880233e-05,0.167039239978362,0.00296105013108361,0.00806159806492778
"img_00027.jpg",0.244428536657878,0.0339000343205181,0.00987510276703389,0.00345376446620928,1.01039072437128e-05,0.14355969730293,0.0109982495825983,0.553774510995589
"img_00030.jpg",0.00143879521121365,0.000943459458995786,0.000943459458995786,0.000943459458995786,0.992900448034812,0.000943459458995786,0.000943459458995786,0.000943459458995786
"img_00040.jpg",0.163221598880492,0.00927878860952771,0.00435832682367263,0.0030053864041526,1.00743354025423e-05,0.0063864510371348,0.767920135038154,0.0458192388714636
"img_00046.jpg",0.587929513747643,0.0338134177132276,0.0338134177132276,0.0338134177132276,0.209189979972991,0.0338134177132276,0.0338134177132276,0.0338134177132276
"img_00053.jpg",0.940795282736999,0.0178286038598661,0.0160818218564102,0.00393986527137966,1.00696280644635e-05,0.0115152528390044,0.00309590584524348,0.00673319796303285
"img_00071.jpg",0.00056435358135991,0.000285026023480966,0.000284994090501718,0.998009624795392,1.0008495890575e-06,0.000284991186927301,0.000284990376023884,0.0002850190967253
"img_00075.jpg",0.934689631341953,0.012469453250054,0.00298812758909216,0.00317457510336415,1.01963192476197e-05,0.0406467143271266,0.00298780789490379,0.00303349417425884
"img_00102.jpg",0.321301348467833,0.0139017283208049,0.0034053877596235,0.00300919607313064,1.00296082878833e-05,0.0440678139551245,0.011235766280027,0.603068729535169
"img_00103.jpg",0.808519832629701,0.074030252252903,0.0736489551562244,0.00292427355319026,1.00289248127699e-05,0.0127635001258115,0.00301938448293154,0.0250837728744259
"img_00109.jpg",0.980177862694312,0.0039847490813806,0.00286890607296767,0.0028679176042819,1.00285527498332e-05,0.00355889282426311,0.00289349724259015,0.00363814592745452
"img_00119.jpg",0.000951076479742733,0.000951076479742733,0.00128053150868325,0.000951076479742733,0.986979137469394,0.00128728350824362,0.00131494340022624,0.00628487467422502
"img_00120.jpg",0.702535644698737,0.013389032146829,0.00310745647607217,0.00298164880811694,1.00341120234385e-05,0.015472943439931,0.0499208981343121,0.212582342183978
"img_00125.jpg",0.78112979017385,0.00566021146546937,0.00879668695059479,0.00560513796497761,1.00297470904551e-05,0.0202126458257345,0.00581107174412186,0.172774426128161
"img_00128.jpg",0.00373215174468995,0.035505379370247,0.255260214506475,0.00291552121473352,1.00290616570149e-05,0.00323108722636458,0.00335847274954546,0.695987144126288
"img_00129.jpg",0.195877825335396,0.00892350295211543,0.00358335867352201,0.00301165225202685,1.00900301649486e-05,0.00886337562039189,0.731129043004739,0.0486011521316435
"img_00133.jpg",0.00372778425021057,0.000948269733342509,0.00095316330281442,0.000948269733342509,0.990131607774298,0.00139436573930705,0.000948269733342509,0.000948269733342509
"img_00138.jpg",0.794066573010143,0.186905694718445,0.00473984825389471,0.0048067631304687,1.00353738729532e-05,0.00316280605330028,0.00303663679180793,0.00327164266806751
"img_00141.jpg",0.00287786357918991,0.00819727027430151,0.00738954871938763,0.00287767532474556,1.00286762905461e-05,0.00287767709804725,0.00287770720849465,0.972892229119543
"img_00152.jpg",0.0091160903834404,0.00588626975921765,0.00290241106695297,0.00289426730846767,1.00360557754029e-05,0.00435139774945371,0.00326480486404217,0.97157472281265
"img_00161.jpg",0.00283820581115273,0.00283822877955737,0.00283819938646527,0.00283819290443451,1.0028281292236e-05,0.00283819312552902,0.00283819318554963,0.982960758526019
"img_00164.jpg",0.000942153574512504,0.000942153574512504,0.000942153574512504,0.000942153574512504,0.992957496409586,0.000942153574512504,0.000942153574512504,0.00138958214333934
"img_00170.jpg",0.0103529837257142,0.00116179171481414,0.000283936173995908,0.959427066756879,9.62432400758799e-07,0.00130910431593509,0.000455490658112632,0.027008664222148
"img_00171.jpg",0.552468269240749,0.0106755341014407,0.0625548800812582,0.0245475903437837,1.01151947642072e-05,0.339471667017009,0.00485927411708731,0.00541266990390823
"img_00172.jpg",0.000937207060342254,0.000937207060342254,0.000937207060342254,0.000937207060342254,0.993439550577604,0.000937207060342254,0.000937207060342254,0.000937207060342254
"img_00175.jpg",0.0459189116847962,0.000742275585467564,0.00102205883719226,0.000905771830137782,9.55830991697982e-07,0.950094436912712,0.000335293784723893,0.000980295533978329
"img_00180.jpg",0.00667222702426346,0.00356736435155775,0.00344846188864895,0.00291660984959887,1.00293093733409e-05,0.00352029698451522,0.00370562350527876,0.976159387086764
"img_00196.jpg",0.00209582939423607,0.00135396855343228,0.00109495296703713,0.000961508075503169,0.991489777027426,0.00101412423901785,0.000965179847321073,0.00102465989602682
"img_00212.jpg",0.368999109945997,0.00482489691099146,0.00296929617425549,0.0171884753563706,1.00287940995909e-05,0.0034447725129613,0.00294261689626078,0.599620803409064
"img_00223.jpg",0.82624435384874,0.0160711662386905,0.0946075886175575,0.00841102826103064,1.0029780748459e-05,0.0282441017227558,0.00631922737338042,0.0200925041570972
"img_00230.jpg",0.802395354360359,0.115436991788898,0.00294498114392562,0.00291693795231935,1.0029065563858e-05,0.0495020170779281,0.00294180174408336,0.0238518868669222
"img_00232.jpg",0.00429985627482219,0.00303503069589513,0.00289997648526267,0.00289952925219878,1.00317820913805e-05,0.00425720675103744,0.979180679468157,0.00341768929053524
"img_00244.jpg",0.789659397440672,0.0521435607557243,0.00312433687751511,0.00315540913822447,1.00294825046019e-05,0.0412602881071879,0.00383179071145557,0.106815187486716
"img_00272.jpg",0.845093047007447,0.00404180923078705,0.086897807444124,0.0170237287330815,1.0101804114526e-05,0.0166158525621909,0.00303497989412726,0.0272826733241281
"img_00280.jpg",0.975162486746238,0.00304158545783843,0.00323403494606316,0.00300406354527017,1.02814034067868e-05,0.00480661970821258,0.00376833492762831,0.00697259326534294
"img_00282.jpg",0.572809789452525,0.0132566045907161,0.0106601858832124,0.0312046790887999,1.01009298262693e-05,0.35279229869973,0.0036477415872358,0.0156185997679545
"img_00285.jpg",0.512451053219331,0.0128469369892157,0.00475419728100766,0.0032908083292754,1.00606876035953e-05,0.0101178973857275,0.0119443169549977,0.444584729152841
"img_00289.jpg",0.95129689907431,0.0143904937379316,0.00700630955812382,0.0028454645157217,1.00359355448437e-05,0.00284901860089594,0.00287273039320677,0.0187290481842652
"img_00292.jpg",0.680764633170187,0.0599355708023389,0.0130754119717515,0.00409966304863055,1.0081673728199e-05,0.0618005652367485,0.0124348529453156,0.1678792211513
"img_00302.jpg",0.22473478487507,0.00890223566101177,0.00348284927548192,0.00302153688396969,1.01279082864355e-05,0.00862927381321048,0.715938958091482,0.0352802334914869
"img_00311.jpg",0.982904514307598,0.00285086222876744,0.00284599377850531,0.00284608104054342,1.00357987992956e-05,0.00284608246571987,0.00284599515776999,0.00285043522229649
"img_00320.jpg",0.980157282082289,0.00343302471408137,0.00288475063822707,0.00288474586405401,1.00367424480533e-05,0.00443786840797399,0.00327742437333219,0.00291486717759479
"img_00331.jpg",0.924240491099406,0.00516282651648557,0.00311141091480851,0.00295690655943484,1.00611937184261e-05,0.0404930622891693,0.00552921922905458,0.0184960221979229
"img_00358.jpg",0.332426374379631,0.0251426804973049,0.00300692866311863,0.0029532728508551,1.00293704592993e-05,0.0196606317240009,0.0183236254691185,0.598476457045512
"img_00374.jpg",0.727768224476686,0.0335812176698302,0.00355979777323259,0.00352504271729846,1.00292328717212e-05,0.00838030724069404,0.00326162495913692,0.21991375593025
"img_00375.jpg",0.0211793961865093,0.0216379996164893,0.915980399833432,0.0054756335464432,1.00334893177968e-05,0.0147836811220947,0.0050246344789879,0.0159082217267255
"img_00376.jpg",0.954340969534364,0.00736840385510271,0.00666035851726777,0.00297577398034798,1.00433772169692e-05,0.0161164033235229,0.00612856956175267,0.00639947785042511
"img_00380.jpg",0.951997866947661,0.00857713688950999,0.00292255214014769,0.00332615308413028,1.00287880955058e-05,0.0266649931934542,0.00289010536746075,0.0036111635895409
"img_00383.jpg",0.938456986537538,0.00576841298008846,0.00285142808813994,0.00286829782083561,1.00284085955533e-05,0.00285113850350003,0.00285103352611474,0.0443426741351877
"img_00398.jpg",0.966813387275925,0.00615618211618381,0.00288351114811019,0.00288425686362875,1.00434003584499e-05,0.00363103498917682,0.0028958871794082,0.014725697027209
"img_00407.jpg",0.958125668404015,0.0248688215494547,0.0028882097191435,0.00288496763017978,1.00287345280125e-05,0.00457656256898962,0.0029450774293476,0.00370066396434151
"img_00417.jpg",0.178121790601567,0.00386930743613073,0.00285649944439661,0.00506508336668279,1.00283718672503e-05,0.00285001926940288,0.00284729316914962,0.804379978340804
"img_00432.jpg",0.320050789631588,0.0186736685573035,0.0749335972088783,0.0231472671756326,0.11440755046908,0.346109219842579,0.0388331661687495,0.0638447409461894
"img_00442.jpg",0.0028389828120115,0.00283926409137928,0.00283874796919116,0.00283874653070131,1.00282869647306e-05,0.0028387465475206,0.00283875283665649,0.982956730925575
"img_00446.jpg",0.949519076839318,0.00453287036715173,0.00294388748841757,0.00482088742408417,1.00363619618231e-05,0.0183587486673649,0.00294688297727748,0.0168676098744244
"img_00469.jpg",0.938623245418536,0.00566617291875132,0.00294041475621574,0.00339283040637223,1.00380629065597e-05,0.0149851712087316,0.00324234655258004,0.0311397806759071
"img_00473.jpg",0.968817620145303,0.00909948085678461,0.00291348963548644,0.00291664328158767,1.0050890016931e-05,0.00311371863334419,0.00290421723436359,0.0102247793231137
"img_00483.jpg",0.966746641151075,0.0159418889458104,0.0028812296777134,0.00288265382567672,1.0028711930615e-05,0.00304986765262847,0.00303135900695315,0.00545633102821271
"img_00484.jpg",0.178714323134622,0.0656009915437008,0.00803200275746994,0.0241321118861891,1.00297211120655e-05,0.00870189063941009,0.00439527636106447,0.710413373956432
"img_00486.jpg",0.93785470526522,0.0279462968628984,0.0183660585489452,0.00598606807796127,1.00841507028307e-05,0.0030652496101291,0.00330751516073315,0.00346402232340973
"img_00487.jpg",0.000937207060342254,0.000937207060342254,0.000937207060342254,0.000937207060342254,0.993439550577604,0.000937207060342254,0.000937207060342254,0.000937207060342254
"img_00493.jpg",0.0017038168358648,0.000950023284945207,0.000950023284945207,0.000950023284945207,0.991968313569529,0.00157775316988056,0.000950023284945207,0.000950023284945207
"img_00518.jpg",0.833154171358511,0.0150269003635102,0.00352199360075355,0.00370811383111718,1.02286269116358e-05,0.00298679519938497,0.00306880119267245,0.138522995827139
"img_00533.jpg",0.371064258213374,0.0136279039295758,0.00305591517529915,0.00303207930912742,1.00319048901707e-05,0.0150079977049662,0.00622337066528315,0.587978443097484
"img_00538.jpg",0.834928518699183,0.0603422497058659,0.00301793386081688,0.00329197505476324,1.00292758830258e-05,0.0199009687092701,0.00313609422797578,0.0753722304662417
"img_00543.jpg",0.982913012115184,0.00285452021977976,0.00284378209580413,0.00284379675538269,1.00283372246469e-05,0.00284379778545297,0.00284378255647175,0.00284728013469996
"img_00550.jpg",0.0382573882103803,0.00211248970390123,0.00275106897124524,0.000873083926755055,9.81490778352992e-07,0.954107150751184,0.000318961493708203,0.00157887545204772
"img_00551.jpg",0.863477855405607,0.00605593147405118,0.00307245550634898,0.00378792843265796,1.00314393812053e-05,0.0959726504713335,0.00484864100410119,0.0227745062665185
"img_00564.jpg",0.00103602507440044,0.000949451808892978,0.00109397182288664,0.000949451808892978,0.992399430795403,0.00167276507173808,0.000949451808892978,0.000949451808892978
"img_00575.jpg",0.748076323898402,0.0100866715577511,0.00300252288603172,0.00293893799599448,1.00561067506038e-05,0.0120668819127858,0.0061067642269624,0.217711841415322
"img_00582.jpg",0.951290590220692,0.0102645884616008,0.00573722464194466,0.00311660880430503,1.05004158729474e-05,0.019247821814215,0.00345342321034427,0.00687924243102585
"img_00584.jpg",0.951617157682124,0.00301691943026476,0.00909850347627937,0.00301523315260822,1.03934297929842e-05,0.0239146057793829,0.00305009957081776,0.00627708747872978
"img_00587.jpg",0.0641949060488229,0.00798450173588124,0.00406509085815675,0.00293660082145566,1.00425769803071e-05,0.0272125716803571,0.0123046708899162,0.88129161538843
"img_00590.jpg",0.107945245258571,0.0600011032375359,0.00716557995731337,0.002983225846755,1.00391622861062e-05,0.00819974200171698,0.0141189224860905,0.799576142049731
"img_00591.jpg",0.0370494809989601,0.00322005093483152,0.00289951586714187,0.00289872956818307,1.00288702925819e-05,0.0167388002383918,0.00289725981668808,0.934286133705511
"img_00598.jpg",0.933885889128307,0.0187123832346632,0.00375377114212226,0.012326560456536,1.00567007760134e-05,0.0171926194105148,0.00403915320877989,0.0100795667183007
"img_00599.jpg",0.780271330009765,0.0217807842611546,0.00990772446288077,0.00301576661971601,1.00843452670357e-05,0.0054320193049387,0.0246284492475232,0.154953841748755
"img_00612.jpg",0.89083078417518,0.0106550481877828,0.00381980591232614,0.0029802541720987,1.00940838408297e-05,0.0762065800636684,0.00941806593055291,0.00607936747455
"img_00618.jpg",0.781545843534515,0.0338027269393735,0.0338027269393735,0.0338027269393735,0.0156377948292439,0.0338027269393735,0.0338027269393735,0.0338027269393735
"img_00620.jpg",0.895108078308258,0.00938004765564963,0.052228539647179,0.00352739866156694,1.00295962445959e-05,0.0224984243959594,0.00419855995957109,0.0130489217755711
"img_00642.jpg",0.000981345197500988,0.000641979928283933,0.000288782413068329,0.997156866831793,1.00003445572125e-06,0.000289255726434086,0.000288689641399639,0.00035208022706472
"img_00646.jpg",0.00924912137974058,0.00354178330483076,0.00315404625860999,0.00285856064343437,1.00284840319961e-05,0.00308387677759701,0.0037627879541551,0.9743397951976
"img_00648.jpg",0.982850957354434,0.00288996783363811,0.00284897679738902,0.0028489913995757,1.00349260282496e-05,0.00284899579704588,0.00284897661179377,0.00285309928009507
"img_00650.jpg",0.0153234201977879,0.000928458035920793,0.000498681898202486,0.000518505755225278,9.84590935913319e-07,0.975899821478314,0.00520830591983072,0.00162182212378308
"img_00654.jpg",0.712919655079926,0.0292310569987004,0.0510735968641471,0.015862873482089,0.0871617872151868,0.0298963658948624,0.0263620931769665,0.0474925712881217
"img_00664.jpg",0.95653864413332,0.0169248435562385,0.00291426957234228,0.00291418160483228,1.00290416003909e-05,0.00501873869072046,0.00388006420494176,0.0117992291960046
"img_00667.jpg",0.000949735621542831,0.000949735621542831,0.000972329759821805,0.000949735621542831,0.992628928474472,0.000949735621542831,0.000949735621542831,0.00165006365799254
"img_00676.jpg",0.00095232621739336,0.000990574889615168,0.00117585705383616,0.00095232621739336,0.988198861349615,0.00116770721563376,0.0012892174187703,0.00527312963774282
"img_00697.jpg",0.00284354068695758,0.00291207459826677,0.00284343577611434,0.00284337514657279,1.00283331535887e-05,0.00284337556318738,0.00284340236132933,0.982860767534418
"img_00708.jpg",0.753624656217753,0.0175228271056192,0.0057013060329403,0.00635879709972388,1.00844124496724e-05,0.137950730080798,0.0457834135792214,0.033048185471495
"img_00716.jpg",0.00551830540069233,0.00834917342280042,0.00202607671427887,0.000327749951340553,9.78473966274461e-07,0.972513412266896,0.00125906147465721,0.0100052422953686
"img_00717.jpg",0.626807395571844,0.24700536112657,0.00319076685004083,0.00637927506516785,1.00296381318879e-05,0.103624890917073,0.00946651102696232,0.00351576980421075
"img_00718.jpg",0.976399467590283,0.00324597910720992,0.00287046660335819,0.00293743616503032,1.00286038553266e-05,0.00692423070459807,0.00287071036293105,0.0047416808627339
"img_00723.jpg",0.00882590065126203,0.000933977793113765,0.000933977793113765,0.000933977793113765,0.985570232590055,0.000933977793113765,0.000933977793113765,0.000933977793113765
"img_00724.jpg",0.0482373321756069,0.0040438386000211,0.00500229093386722,0.00331185665939126,1.01636154913902e-05,0.0206005687849037,0.273119108024279,0.64567484120644
"img_00726.jpg",0.981813744116991,0.00334559377439787,0.00284327655358408,0.00284325395936137,1.00283322989015e-05,0.00304276063535133,0.00323680787592123,0.00286453475209463
"img_00729.jpg",0.857292607853619,0.094118284868292,0.00316028213383187,0.00312726889445357,1.08763162779783e-05,0.00792286312696095,0.00381788704581574,0.030549929760749
"img_00730.jpg",0.0135711431883251,0.00559070934214196,0.00320390677293407,0.00291878706451609,1.00290876210041e-05,0.00384884201388546,0.00616324689885293,0.964693335631723
"img_00757.jpg",0.955640850452713,0.00343599325444057,0.00719268812897965,0.00714806092388801,1.0031475831231e-05,0.0169993471350808,0.00293216900030533,0.00664085962876161
"img_00760.jpg",0.00504223575567642,0.000468997009686481,0.000429882325673954,0.992969426227722,9.96483685290844e-07,0.000307842973309831,0.000292871298981163,0.000487747925264783
"img_00763.jpg",0.000946181474976341,0.000946181474976341,0.000946181474976341,0.000946181474976341,0.993097011810117,0.000946181474976341,0.000946181474976341,0.0012258993400252
"img_00764.jpg",0.00390732639271942,0.00582582474804103,0.00603952426859433,0.00286039512292836,1.0028500364033e-05,0.00286541735413348,0.00286016550217433,0.975631318111045
"img_00765.jpg",0.0540452155387185,0.385036680092612,0.00327946614435477,0.0199461912927847,1.00306049518919e-05,0.179911854438803,0.0124828797001619,0.345287682187614
"img_00772.jpg",0.0564303542089108,0.00644759101715853,0.467423221637428,0.00290141175556516,1.00289654896807e-05,0.145348141654819,0.00344128125747835,0.31799796950315
"img_00773.jpg",0.813510498612441,0.035673623999086,0.0229684894177291,0.00957831928541043,0.035673623999086,0.0112481966880755,0.035673623999086,0.035673623999086
"img_00777.jpg",0.75774490694915,0.020632361269709,0.00404829066349549,0.00295782221016671,1.00953602474795e-05,0.205847264825278,0.00569969549159644,0.00305956323035629
"img_00780.jpg",0.00385641084995079,0.00292246879724008,0.00476973749779296,0.00287843197017016,1.00286836456388e-05,0.0319762342877892,0.00444091696866666,0.949145770944745
"img_00798.jpg",0.907366570091309,0.0394144100814622,0.0055442402693028,0.0294898357711549,1.01224101175632e-05,0.0066465113048154,0.00398908928114946,0.00753922079068853
"img_00808.jpg",0.919918520571181,0.0479887664399227,0.00291018249169417,0.00294336498140658,1.00288155811992e-05,0.00435452215824687,0.00289212117185147,0.0189824933701162
"img_00816.jpg",0.947624891689723,0.00317487681370326,0.00290521756618147,0.00290326621305931,1.00474853627991e-05,0.00394414745037279,0.00437077348378345,0.0350667792978137
"img_00828.jpg",0.000943016545079258,0.000943016545079258,0.000990802922946392,0.000943016545079258,0.993351097806578,0.000943016545079258,0.000943016545079258,0.000943016545079258
"img_00833.jpg",0.756575598625935,0.0124242504897089,0.00594163662076079,0.0045937093430437,1.00868771053769e-05,0.112575639723572,0.048012390590907,0.0598666877289675
"img_00837.jpg",0.830387603685277,0.102499243457137,0.00501380898443384,0.00347726213174781,1.00703496951668e-05,0.0489254172453943,0.00299391743801835,0.00669267670829706
"img_00855.jpg",0.891395518875803,0.0139519959401105,0.00636270236954845,0.00298882874471202,1.00872398593918e-05,0.0563912150465282,0.00570842476199448,0.0231912270214439
"img_00857.jpg",0.97995971244706,0.00535715103545511,0.00289384361768247,0.0028938384041815,1.0047301309754e-05,0.00297300248112454,0.00299216368652878,0.00292024102665756
"img_00858.jpg",0.96741834508506,0.00419485333824395,0.00291196339493056,0.00291068028040512,1.00353280634801e-05,0.00546024133239857,0.00357447289936621,0.0135194083415324
"img_00865.jpg",0.919207405809874,0.0575531893516547,0.00325206466945966,0.00289100818141253,1.00288053118764e-05,0.00800429985962792,0.00336585203052817,0.00571615129213136
"img_00876.jpg",0.000950169026938995,0.000950169026938995,0.00100508243795715,0.000950169026938995,0.99025336427108,0.00140586938601412,0.0011951005144534,0.00329007630967791
"img_00889.jpg",0.0338227897911816,0.0338227897911816,0.155009401050499,0.0338227897911816,0.0338227897911816,0.0338227897911816,0.0338227897911816,0.642053860202411
"img_00894.jpg",0.588269633158606,0.0133649163691661,0.0145602095160316,0.0199810239906161,0.290465644770444,0.012062577704569,0.0100198855599369,0.0512761089306311
"img_00902.jpg",0.00349021920008395,0.0034581780843112,0.00296585222675507,0.00290532292063163,1.00367535754752e-05,0.00451784677404638,0.9795568273573,0.00309571668329652
"img_00914.jpg",0.00283821339941327,0.00283960026389088,0.00283819294967149,0.00283819286593252,1.002828131005e-05,0.00283819288520874,0.00283819287015591,0.982959386484417
"img_00921.jpg",0.889657922555541,0.00313202212361605,0.00410040460973725,0.00297001022186085,1.00909072401771e-05,0.0491699338555447,0.0192715822122666,0.0316880335141933
"img_00927.jpg",0.0942969576986652,0.0309705309433824,0.00577979641429508,0.00320274419230053,1.00413954435044e-05,0.01018612966167,0.0197194441951549,0.835834355499088
"img_00943.jpg",0.954150473013244,0.0283216141461014,0.00286774953007201,0.00291439166890816,1.00285770790675e-05,0.00289196054152969,0.00286824518185337,0.00597553734121213
"img_00948.jpg",0.483272496042706,0.0109184426757512,0.0161237937173065,0.0388319815661376,0.346559325281454,0.0385470324163255,0.0136138044868629,0.0521331238134561
"img_00950.jpg",0.000937207060342254,0.000937207060342254,0.000937207060342254,0.000937207060342254,0.993439550577604,0.000937207060342254,0.000937207060342254,0.000937207060342254
"img_00959.jpg",0.954788526586727,0.00300121339424956,0.00284857214034509,0.00284836938882131,1.00458923509218e-05,0.0104244781125292,0.00291530981488802,0.023163484670089
"img_00962.jpg",0.0925235598195746,0.00350970263255273,0.00440939084984244,0.00285357531120029,1.00284366169192e-05,0.00304729495371823,0.0035333339128325,0.890113114083662
"img_00964.jpg",0.00288923526921477,0.0108458954067573,0.9641676303322,0.00288923428321165,1.00287916432851e-05,0.00288923503324593,0.00346786797632994,0.0128408729073975
"img_00966.jpg",0.675742663023925,0.0347438352689968,0.0347438352689968,0.0347438352689968,0.10759906353145,0.0347438352689968,0.0347438352689968,0.0429390970996407
"img_00974.jpg",0.946757934388922,0.00738645516699247,0.00335236543351924,0.00292796572462848,1.00290248310095e-05,0.0233141466104583,0.00292406036521363,0.0133270432854352
"img_00979.jpg",0.00521910745165483,0.00307397076723922,0.0125852664977788,0.00288939327348862,1.00287932299251e-05,0.00439354383612506,0.00292894956174517,0.968899739818738
"img_00982.jpg",0.68827246527506,0.182958386759901,0.010574332048955,0.00499699504603648,1.04302900374346e-05,0.0158336178763458,0.0081764942056149,0.0891772784980494
"img_00985.jpg",0.705345546362503,0.0334314930785952,0.0042353232644917,0.00451261188773453,1.00537802121007e-05,0.0485584401508182,0.0126283231758682,0.191278208299777
"img_00999.jpg",0.808604821563069,0.00870863875989761,0.00334495835748125,0.00294181799049239,1.00292523852651e-05,0.00877026536179174,0.0372966718367667,0.130322796878116
"img_01022.jpg",0.960328683726931,0.0037184877005213,0.0031575647480758,0.00427961162141019,1.0147958779662e-05,0.0223043253968982,0.00296381168410525,0.00323736716327814
"img_01031.jpg",0.812655940523272,0.00332465463169122,0.00436968466712552,0.00302077556479403,1.00667242454486e-05,0.169558072147995,0.00401866658196157,0.00304213915891553
"img_01035.jpg",0.729526656895727,0.00602988047837685,0.00547397630374614,0.00300613543119151,1.00596394094093e-05,0.24671873570464,0.00626018754755461,0.00297436799935453
"img_01043.jpg",0.000937857360433812,0.000937857360433812,0.000937857360433812,0.000937857360433812,0.993434998476963,0.000937857360433812,0.000937857360433812,0.000937857360433812
"img_01058.jpg",0.953525743421932,0.00319424593669696,0.00315041669607578,0.00314672560848825,1.07225128998342e-05,0.00314876797382563,0.00314692489907915,0.0306764529510028
"img_01059.jpg",0.0498562691645473,0.0139167816277033,0.00294804435845472,0.00294778666008717,1.00339370643435e-05,0.0335341993630045,0.00854311792329744,0.888243766965841
"img_01090.jpg",0.000950092512912571,0.00247451628951728,0.00120073359820234,0.000950092512912571,0.990413822311615,0.00097305864164995,0.00177688797498828,0.0012607961582024
"img_01102.jpg",0.213941134825767,0.620841177318184,0.00349689870807279,0.0370436832340124,1.00363906514343e-05,0.00293934102528222,0.00293730954285998,0.118790418955171
"img_01103.jpg",0.0192030964838501,0.0412893562435402,0.00354419775016174,0.00300631590300716,1.00291811341061e-05,0.00374171668726204,0.00337757607930635,0.925827711671738
"img_01116.jpg",0.843094263578427,0.0956061468789017,0.00354005432356764,0.00402097998276495,1.00290365040176e-05,0.0315257752462181,0.00292546185886663,0.0192772890947501
"img_01134.jpg",0.934704587846475,0.00304415913220522,0.0042950581473271,0.00415477381850092,1.0029225669204e-05,0.016552266295406,0.00298297335471772,0.0342561521796992
"img_01142.jpg",0.811272234400312,0.0356743236845248,0.00964171836296329,0.0356743236845248,0.0208235397540525,0.0155652127445727,0.0356743236845248,0.0356743236845248
"img_01168.jpg",0.0317815031724463,0.0317815031724463,0.0317815031724463,0.0317815031724463,0.0317815031724463,0.777529477792876,0.0317815031724463,0.0317815031724463
"img_01171.jpg",0.000947622982263912,0.000947622982263912,0.000947622982263912,0.000947622982263912,0.992691442174954,0.000947622982263912,0.000947622982263912,0.00162281993146279
"img_01177.jpg",0.877428412206117,0.0388255343681565,0.0210556215887045,0.0113098258270824,0.018733094366688,0.0126447378475352,0.0100512940213696,0.00995147977434641
"img_01179.jpg",0.975996308259048,0.00293606963653771,0.00291542571187391,0.00341909094532308,1.00612240636598e-05,0.00888628851979599,0.00291539796775905,0.00292135773559818
"img_01188.jpg",0.104782831903611,0.403216681949854,0.00360076542503904,0.011933244830501,1.00425127473862e-05,0.257255541811108,0.00983061404232293,0.209370277524818
"img_01198.jpg",0.00120689805873124,0.00132336268995339,0.00154045480652335,0.000936710446664766,0.974295142037945,0.000981562934420696,0.0183042137927294,0.00141165523303221
"img_01204.jpg",0.000948118513394132,0.000948118513394132,0.000948118513394132,0.000948118513394132,0.992564407043042,0.000948118513394132,0.000948118513394132,0.00174688187659278
"img_01208.jpg",0.000937207060342254,0.000937207060342254,0.000937207060342254,0.000937207060342254,0.993439550577604,0.000937207060342254,0.000937207060342254,0.000937207060342254
"img_01211.jpg",0.977098042820691,0.00858232254120582,0.00284851387030465,0.00290897008564749,1.00283837131177e-05,0.00284860959419653,0.00284840962007635,0.00285510308416487
"img_01213.jpg",0.861693481737311,0.0780510561352755,0.0032312526527459,0.00899398387509796,1.00411891799211e-05,0.0160907346357296,0.00295454122085439,0.0289749085538058
"img_01222.jpg",0.75700335128226,0.0966623450238535,0.00343819704013406,0.0225576695013296,1.00296723420847e-05,0.0137487211800833,0.00799685544465895,0.0985828308553379
"img_01224.jpg",0.0126096149237315,0.00434991367748232,0.143639880496961,0.00292336487168774,1.00291327693298e-05,0.00414046486896603,0.00332881722146059,0.828997914806942
"img_01237.jpg",0.00223512655509495,0.000945167969250857,0.000945167969250857,0.000945167969250857,0.988623468696906,0.000961005422323242,0.000983984726775145,0.00436091069114774
"img_01249.jpg",0.00257475532193698,0.00132352991669098,0.0017330692853833,0.000991367672466206,0.990512021349815,0.000955085484569035,0.000955085484569035,0.000955085484569035
"img_01253.jpg",0.00283819399113559,0.00283820854061283,0.00283819378397905,0.00283819288195183,1.0028281361883e-05,0.00283819289736351,0.0028381928899072,0.982960796733688
"img_01286.jpg",0.0674999839205143,0.00637931919370905,0.00303116547770136,0.00303117548166125,1.03218531326419e-05,0.00616862344418201,0.00303116622249573,0.910848244406604
"img_01289.jpg",0.0520530990692488,0.0329750561008436,0.00297575767210258,0.00347652212922622,1.00295134794644e-05,0.0277649251210383,0.00928789928685905,0.871456711107202
"img_01325.jpg",0.00120532813650082,0.00298529003840594,0.0012157105476597,0.000952303803915403,0.989585709630291,0.00098345078394752,0.00166968697886598,0.00140252008041365
"img_01328.jpg",0.91904792701763,0.0586675951166924,0.00289443531947765,0.00441473604802624,1.00288319850818e-05,0.00556944839200271,0.00289332534725867,0.00650250392692687
"img_01366.jpg",0.0429562596635508,0.00056511846270678,0.00129451191271969,0.000846813426330913,9.57725438215619e-07,0.952546211277408,0.000340943808981253,0.00144918372286479
"img_01371.jpg",0.965678719364473,0.0046673672751492,0.00449812325513121,0.00298062649654652,1.02390559516922e-05,0.00392654946190757,0.00351530836542044,0.0147230667254201
"img_01373.jpg",0.00145857113422924,0.000956802771522269,0.00267102453673712,0.000956802771522269,0.990569204884261,0.00147398835868395,0.000956802771522269,0.000956802771522269
"img_01377.jpg",0.00215887747664493,0.000944518377906068,0.00105181571963009,0.000944518377906068,0.992066714914195,0.000944518377906068,0.000944518377906068,0.000944518377906068
"img_01379.jpg",0.866083981134137,0.0152725049791637,0.0256219032959143,0.00303005686822289,1.00290247434132e-05,0.0543210658144067,0.00294494934763346,0.0327155095357787
"img_01384.jpg",0.0338660076290908,0.00170555965187239,0.00219605298649293,0.000556516084997484,9.85333728597129e-07,0.959798259573911,0.000301253051756824,0.00157536568814988
"img_01388.jpg",0.922857159952788,0.0536514070395187,0.00292586843760822,0.00292587307004859,1.00348064106679e-05,0.00648443855603939,0.00293013294926645,0.00821508518832008
"img_01392.jpg",0.0029239680646797,0.0132973313190717,0.925432997448396,0.00289436571034652,1.0028844288719e-05,0.00289578016737319,0.0035693527934645,0.0489761756523801
"img_01399.jpg",0.00310653953266578,0.936678447910524,0.00321837632571701,0.00287411516226392,1.00286416436945e-05,0.00306131438022824,0.00287499702512292,0.0481761810218341
"img_01404.jpg",0.973134514723839,0.00613420774225821,0.00291474763536129,0.00539194116368487,1.00434435519485e-05,0.00652200755807491,0.00291454988299896,0.00297798785023029
"img_01405.jpg",0.925452174961921,0.00701383267194508,0.0031201605207102,0.0036095552910244,1.00791701184762e-05,0.0549378000312294,0.00291805387533896,0.0029383434777124
"img_01413.jpg",0.97951748863513,0.0032427564688901,0.00294089263854479,0.00294088852470881,1.01355808880636e-05,0.00540500807356717,0.0029408893937863,0.00300194068448474
"img_01426.jpg",0.101169059740832,0.329962669352412,0.00291341694149249,0.00290839826476467,1.00290017002697e-05,0.00584549923093586,0.480592928102527,0.0765979993653363
"img_01431.jpg",0.00322988936851958,0.000468076814208008,0.000491588793358843,0.994637702225297,9.99268511416172e-07,0.000291239763351516,0.000291239695362009,0.000589264071391599
"img_01441.jpg",0.00287878396629563,0.00284925585786041,0.00284766664222378,0.00284620807984351,1.00283615120281e-05,0.00284620795695815,0.00284646505248313,0.982875384082823
"img_01444.jpg",0.240694163860087,0.00313869162622899,0.00297897916845758,0.00291852781517019,1.00290756867947e-05,0.0102938302309269,0.00448577653928514,0.735480001684157
"img_01490.jpg",0.00374773273508221,0.00292195265831826,0.0163266748356478,0.00286593029307867,1.00285581766619e-05,0.00327084166230668,0.0028660344869892,0.9679908047704
"img_01495.jpg",0.738985985269104,0.0162513703785136,0.00328828915450631,0.00324192332570569,1.0029147111288e-05,0.0105532454638532,0.00302417499156596,0.22464498226964
"img_01505.jpg",0.00094626184824689,0.00094626184824689,0.00094626184824689,0.00094626184824689,0.992964162987471,0.00094626184824689,0.00094626184824689,0.00135826592304736
"img_01511.jpg",0.944952921226981,0.0104563378666197,0.0256075087372691,0.00290398854425685,1.00321190568291e-05,0.00590587349468386,0.00290292801578563,0.00726040999534646
"img_01519.jpg",0.405180153379519,0.0219334031529612,0.00481572800557796,0.00426940988597131,1.00430459490616e-05,0.21602290325231,0.0428358664996659,0.304932492778046
"img_01530.jpg",0.959859337516626,0.0118226150825654,0.00300199934461804,0.00311080686707188,1.01924051495168e-05,0.00411963556741153,0.00319237417850823,0.0148830390380493
"img_01537.jpg",0.875567067479868,0.00571064587686276,0.0126462606615342,0.00293496392976455,1.00673847085005e-05,0.0588702498540655,0.00508351612000141,0.0391772286931947
"img_01538.jpg",0.930977509027851,0.0222357168063713,0.00362866012133787,0.00289858920975026,1.00288842781255e-05,0.0333600822017302,0.00295740365420072,0.00393201009448064
"img_01541.jpg",0.000941062414606501,0.000941062414606501,0.000941062414606501,0.000941062414606501,0.993412563097754,0.000941062414606501,0.000941062414606501,0.000941062414606501
"img_01543.jpg",0.981171947700781,0.00289561656292039,0.00286318448913578,0.00286316587508302,1.00590170709113e-05,0.00287975836300084,0.0028631627841765,0.00445310520783168
"img_01548.jpg",0.963240843930704,0.0029264974711805,0.00293655539089617,0.00292474182175086,1.01069853961204e-05,0.0180800064606627,0.00316301105350786,0.00671823688590179
"img_01552.jpg",0.982227717904456,0.00299494231203382,0.00285967752327766,0.00285936206951335,1.00284931630956e-05,0.00332498511848719,0.00285938438196457,0.00286390219710471
"img_01561.jpg",0.000944272927635731,0.000944272927635731,0.000944272927635731,0.000944272927635731,0.993357827313032,0.000976535121154005,0.000944272927635731,0.000944272927635731
"img_01562.jpg",0.804495792610219,0.00866223863412119,0.00344390090899595,0.0030101036020415,1.00544943576181e-05,0.0175850850302518,0.0580345895738417,0.104758235146171
"img_01571.jpg",0.970836739342083,0.0131314039878405,0.00288174623911977,0.00288132804462758,1.00287124363082e-05,0.00288918461328124,0.00309934244751633,0.00427022661309488
"img_01593.jpg",0.616828208681713,0.152071225370692,0.00642419080689616,0.0030166935398729,1.00349168426365e-05,0.0306483301041448,0.0160629010977678,0.17493841548207
"img_01595.jpg",0.00237486580611449,0.000939329837390491,0.000939329837390491,0.000939329837390491,0.991989155169543,0.000939329837390491,0.000939329837390491,0.000939329837390491
"img_01616.jpg",0.948307832281395,0.0299764018692814,0.00292552380266074,0.00292516221405137,1.00758896764842e-05,0.00467523327033184,0.00293014873852191,0.00824962193408089
"img_01618.jpg",0.938947077396462,0.00392696730453055,0.00295806303237199,0.0031360528476591,1.00311233498629e-05,0.0415106647171063,0.00327893616276119,0.00623220741575906
"img_01627.jpg",0.913802020683948,0.0451161617264903,0.0029376255355577,0.00349595750798608,1.00290642093908e-05,0.0245470928767404,0.00319835029377719,0.00689276231129135
"img_01632.jpg",0.77734649395802,0.0338105017569211,0.0338105017569211,0.0338105017569211,0.019790495500453,0.0338105017569211,0.0338105017569211,0.0338105017569211
"img_01633.jpg",0.827580946071165,0.00491926827560358,0.00394513990434555,0.00390236162569456,1.00767869981125e-05,0.130745788633637,0.00965762316813265,0.0192387955344241
"img_01640.jpg",0.982876406860798,0.00287128739145368,0.00284676025114464,0.00284677995863555,1.00397843904642e-05,0.00284695833955146,0.0028467593461039,0.00285500806792197
"img_01646.jpg",0.961433929792863,0.0160593997811646,0.0029001957708019,0.00290016247954458,1.00289012785227e-05,0.00733502887795917,0.00290036466917861,0.00646088972720958
"img_01647.jpg",0.00203063908907507,0.000939047052838169,0.000939047052838169,0.000939047052838169,0.992335078593896,0.000939047052838169,0.000939047052838169,0.000939047052838169
"img_01649.jpg",0.911630081619355,0.0469537149667324,0.00452317784354108,0.00509893895035157,1.05639317977494e-05,0.0149292573031742,0.0123753585247803,0.00447890686026723
"img_01657.jpg",0.13679481142383,0.0112794712133681,0.281102724675153,0.00288283133544441,1.00287295475155e-05,0.0073370434893096,0.00292078489943334,0.557672304233914
"img_01669.jpg",0.00380136433230996,0.000545147927033857,0.000515279293331075,0.993931776536428,9.99929671837872e-07,0.00029116009038168,0.000346470135512798,0.000567801755331152
"img_01673.jpg",0.650792894860231,0.0103839397358617,0.0388290397606921,0.00990521991274709,0.23510539982167,0.0191480298986452,0.0197745785160092,0.0160608974941441
"img_01681.jpg",0.0792479284182375,0.0108928201452771,0.00291037603965644,0.00289904588314063,1.00541740959781e-05,0.00601795500604642,0.0032554655276105,0.894766354805935
"img_01684.jpg",0.932259557721483,0.0119707522415193,0.00298523944733804,0.00495072420382757,1.00292769865263e-05,0.0151739117276355,0.00293790908815138,0.029711876293059
"img_01685.jpg",0.158139994419799,0.0298762287836706,0.114998388565046,0.0363909327174461,0.209468665274851,0.374247212768875,0.0109674037830807,0.0659111736872317
"img_01687.jpg",0.686128507719617,0.00366579446918548,0.00381897286716443,0.00294159995354607,1.00293104000232e-05,0.00297015290532464,0.00438973944802868,0.296075203326734
"img_01688.jpg",0.0483981811221177,0.0349222295334925,0.00295041216101382,0.00319320684323036,1.00294038407883e-05,0.0247559854376038,0.00742934294106599,0.878340612557635
"img_01689.jpg",0.00396803037984532,0.00408613639684137,0.0113431285819299,0.00290690272595772,1.00289689172463e-05,0.0161952032085503,0.00567514004694322,0.955815429691015
"img_01716.jpg",0.000938770128062917,0.000938770128062917,0.000938770128062917,0.000938770128062917,0.99342860910356,0.000938770128062917,0.000938770128062917,0.000938770128062917
"img_01717.jpg",0.00943273221642512,0.000933275392141661,0.000933275392141661,0.000933275392141661,0.984967615430725,0.000933275392141661,0.000933275392141661,0.000933275392141661
"img_01724.jpg",0.934319443506962,0.00351540761860088,0.00823688359296454,0.00293436530304643,1.00715076248862e-05,0.00883043970740979,0.00344114404743664,0.0387122447159552
"img_01745.jpg",0.912521838034006,0.0260016829856562,0.023836937734804,0.00987202151795962,1.01320722624656e-05,0.0193502531932262,0.00354065624933434,0.00486647821275157
"img_01771.jpg",0.93536660707818,0.0270753358896558,0.00314955083778083,0.00753170567490164,1.0029461997083e-05,0.00638050419980727,0.00295623762990014,0.0175300292277775
"img_01773.jpg",0.807832041465769,0.0084935854617003,0.00362240718171748,0.00295855824979961,1.00310364119851e-05,0.00536117156201381,0.0186209652746677,0.15310123976792
"img_01781.jpg",0.00400294404569998,0.00112852048331633,0.00102458101719,0.00095052259287453,0.989975130907295,0.00101725576787461,0.00095052259287453,0.00095052259287453
"img_01782.jpg",0.00151393047167837,0.000937378043693835,0.000937378043693835,0.000937378043693835,0.992861801266159,0.000937378043693835,0.000937378043693835,0.000937378043693835
"img_01802.jpg",0.596460604031837,0.0338359914136194,0.0338359914136194,0.0338359914136194,0.200523447486447,0.0338359914136194,0.0338359914136194,0.0338359914136194
"img_01803.jpg",0.035676205486434,0.0455177882721257,0.71886606222253,0.035676205486434,0.035676205486434,0.035676205486434,0.0124870999329098,0.0804242276266991
