"image","ALB","BET","DOL","LAG","NoF","OTHER","SHARK","YFT"
"img_00005.jpg",0.000937207060342254,0.000937207060342254,0.000937207060342254,0.000937207060342254,0.993439550577604,0.000937207060342254,0.000937207060342254,0.000937207060342254
"img_00007.jpg",0.0467944665048838,0.0152661533476155,0.00527249663250267,0.00480642420592621,1.00292630220544e-05,0.00324526922234273,0.00293716520370751,0.92166799562
"img_00009.jpg",0.863317663257111,0.0675258274615593,0.00456360276127646,0.00313556533735804,1.00288968058107e-05,0.0536367904606302,0.00289933532188786,0.00491118650337147
"img_00018.jpg",0.762791188691381,0.0573363028203527,0.00299947808440489,0.0105497928862738,1.00295041198164e-05,0.155347274418792,0.00296103716298116,0.00800489643169442
"img_00027.jpg",0.185258934535895,0.0336081164080008,0.00980841419668724,0.00345162588571111,1.01038987728505e-05,0.139665642907427,0.0108306405119964,0.61736652165551
"img_00030.jpg",0.00143879521121365,0.000943459458995786,0.000943459458995786,0.000943459458995786,0.992900448034812,0.000943459458995786,0.000943459458995786,0.000943459458995786
"img_00040.jpg",0.159697413941435,0.0092784658398702,0.00435585527671028,0.00300537789753144,1.00743353308389e-05,0.00635762120357625,0.771493781431866,0.0458014100736803
"img_00046.jpg",0.695498477833725,0.00950627539220801,0.00950627539220801,0.00950627539220801,0.247463869813027,0.00950627539220801,0.00950627539220801,0.00950627539220801
"img_00053.jpg",0.940780211440879,0.0179512302721279,0.0155829719393731,0.00393871036962878,1.0069628039202e-05,0.0115060307134075,0.00309522406086356,0.00713555157568131
"img_00071.jpg",0.000564331514338812,0.000285018311038958,0.000284994052541438,0.998009655029,1.00084961244839e-06,0.000284991157822617,0.000284990382132696,0.000285018703513477
"img_00075.jpg",0.944858998587482,0.0109551618181954,0.00298788162232287,0.00317456411837269,1.01963192771373e-05,0.0320114405449027,0.00298772205162044,0.00301403493782656
"img_00102.jpg",0.315103302025634,0.0141307498878791,0.00337991636981928,0.00300342625805763,1.00295987328673e-05,0.0339364119784878,0.0100429012006454,0.620393262680744
"img_00103.jpg",0.783775001661284,0.0816492560132515,0.0708648208629929,0.00292667986137625,1.00289238116161e-05,0.0126975086979433,0.00301726174204042,0.0450594422373001
"img_00109.jpg",0.977282378266027,0.00523115224442107,0.00288038787317847,0.00286894032123536,1.00285537311166e-05,0.00360088867073534,0.00289325386256496,0.00523297020810674
"img_00119.jpg",0.000951076479742733,0.000951076479742733,0.00128053150868325,0.000951076479742733,0.986979137469394,0.00128728350824362,0.00131494340022624,0.00628487467422502
"img_00120.jpg",0.673968235708475,0.0134873989880431,0.00310746567225766,0.00298166013755497,1.00341120847517e-05,0.0154733884992167,0.0499201841458242,0.241051632736544
"img_00125.jpg",0.781135866796681,0.00565950388833743,0.00879668687714433,0.00560513793446208,1.00297470685364e-05,0.0202090695517376,0.00581107170444249,0.172772633500127
"img_00128.jpg",0.00374736486308958,0.0328778973608211,0.338950594952914,0.00291552687828996,1.00290578573722e-05,0.00314572802852215,0.00335834812607571,0.61499451073243
"img_00129.jpg",0.197683118098003,0.00918312042454473,0.00358675598849939,0.00301154467732612,1.0090019601227e-05,0.00922760597105895,0.692047412153447,0.0852503526675202
"img_00133.jpg",0.00372778425021057,0.000948269733342509,0.00095316330281442,0.000948269733342509,0.990131607774298,0.00139436573930705,0.000948269733342509,0.000948269733342509
"img_00138.jpg",0.647879836546812,0.333133880108315,0.00473777342620641,0.00480673602326643,1.00353738189475e-05,0.00316059600334107,0.00303648995215738,0.00323465256608279
"img_00141.jpg",0.00287786302561749,0.00819727188018846,0.00738956367454687,0.00287767530812229,1.00286762323693e-05,0.00287767722762906,0.00287770719264539,0.972892213015018
"img_00152.jpg",0.00961579792728384,0.00583945492553346,0.002902335560205,0.00289426428382353,1.00360556771691e-05,0.00435344417646145,0.00324445608507121,0.971140210985944
"img_00161.jpg",0.00283820161540415,0.002838220632036,0.00283819818655769,0.00283819289014032,1.00282812544625e-05,0.00283819304013073,0.00283819309712982,0.982960772257347
"img_00164.jpg",0.000942153574512504,0.000942153574512504,0.000942153574512504,0.000942153574512504,0.992957496409586,0.000942153574512504,0.000942153574512504,0.00138958214333934
"img_00170.jpg",0.00921514506787346,0.000954200917217872,0.000284234435063966,0.964611822065641,9.67629291192089e-07,0.0013121446125167,0.000457690058866675,0.0231637952135293
"img_00171.jpg",0.574201314377908,0.0104419782387097,0.0527032364427897,0.024530523746701,1.01151504338435e-05,0.321092073446407,0.00438067176188822,0.0126400868351636
"img_00172.jpg",0.000937207060342254,0.000937207060342254,0.000937207060342254,0.000937207060342254,0.993439550577604,0.000937207060342254,0.000937207060342254,0.000937207060342254
"img_00175.jpg",0.0373270493039406,0.000646078592284003,0.00111180503142096,0.000912509674535667,9.6358505841393e-07,0.957800713913817,0.000330907996585938,0.00186997190235729
"img_00180.jpg",0.00667112781462076,0.00356729519603149,0.00344846186639608,0.00291660940338176,1.00293093825546e-05,0.00352029694486192,0.00370562329375367,0.976160556171572
"img_00196.jpg",0.00209582939423607,0.00135396855343228,0.00109495296703713,0.000961508075503169,0.991489777027426,0.00101412423901785,0.000965179847321073,0.00102465989602682
"img_00212.jpg",0.295964535223522,0.00443455890876313,0.00293385875067242,0.0157956324315556,1.00287085547114e-05,0.00330151895311337,0.00290865422328799,0.67465121280053
"img_00223.jpg",0.821312279816757,0.0149846660297908,0.0946077212811629,0.00841102611282513,1.0029780746362e-05,0.0284126325961976,0.00631938628319006,0.0259422580993301
"img_00230.jpg",0.816302982817461,0.102235843902549,0.00293961597671271,0.00291691424165981,1.00290655417888e-05,0.0495385323556806,0.00294181559810515,0.0231142660422902
"img_00232.jpg",0.00430031367265785,0.0030319525147807,0.00289996572134765,0.00289953379507535,1.00317823726208e-05,0.00425708978552262,0.979183179903004,0.00341793282523969
"img_00244.jpg",0.788243508311026,0.0524670652866942,0.00312427749116106,0.0031541752776467,1.00294823279619e-05,0.0423773570230467,0.00382783075628159,0.106795756371816
"img_00272.jpg",0.844558129345534,0.00406953753577186,0.0869041685288022,0.017489776933204,1.01018044963341e-05,0.0166491039599397,0.00303498507706252,0.0272841968151892
"img_00280.jpg",0.975116360129067,0.00305880826389613,0.00323404752427587,0.00300408768309142,1.02814033560933e-05,0.00481095043274898,0.00376833601495781,0.00699712854860685
"img_00282.jpg",0.581921038340011,0.0123980971033821,0.0105868546508561,0.0312216646348518,1.0100966390465e-05,0.334059598702596,0.0036502418098163,0.0261524037920958
"img_00285.jpg",0.452385077071131,0.0127913046018199,0.00475414903085768,0.00329079218170795,1.00606875691329e-05,0.00972730354671811,0.011930378330675,0.505110934549521
"img_00289.jpg",0.966983236017478,0.00861912340080113,0.00496107802903901,0.00284467536944047,1.00359324961814e-05,0.00284703558434117,0.00285823239207464,0.010876583274329
"img_00292.jpg",0.676305508668551,0.0601552564722395,0.00857905020922927,0.00409945385885519,1.00816728653606e-05,0.0587473859745308,0.0123377652460331,0.179765497897696
"img_00302.jpg",0.206655050255858,0.00890092369926599,0.0034767933324489,0.00302140523593644,1.01279050335579e-05,0.00824248496302726,0.73445439381865,0.0352388207897795
"img_00311.jpg",0.982905517998088,0.00285057630506791,0.00284599378572304,0.00284606371333629,1.00357987152543e-05,0.00284607432403767,0.00284599513428991,0.00284974294074193
"img_00320.jpg",0.979614613448677,0.00343368483534096,0.00288509035086274,0.00288474600185709,1.00367426180618e-05,0.00445705772532925,0.00327742649463517,0.00343734440067999
"img_00331.jpg",0.924705697997104,0.0050311810128888,0.0031111314562228,0.00295690206691842,1.00611934940693e-05,0.0404868445550375,0.00537023183561292,0.0183279498827217
"img_00358.jpg",0.310801044775101,0.0273483694256038,0.00298383537911199,0.00295485425316783,1.00293634423201e-05,0.0204647063125575,0.0156178535357311,0.619819306955285
"img_00374.jpg",0.660522784062215,0.0333349557185504,0.00331193662685145,0.00352493324708883,1.00292328923835e-05,0.00817545945451866,0.00326138429257172,0.287858517365311
"img_00375.jpg",0.0210068583690933,0.0215938350919345,0.916218113751588,0.00547565787566502,1.00334889954886e-05,0.0147671495756358,0.00502460811190337,0.0159037437351846
"img_00376.jpg",0.950170527121719,0.0113055033950396,0.00666034562442584,0.00297577381168615,1.0043377214546e-05,0.0161143620134882,0.00612891787216682,0.00663452678425967
"img_00380.jpg",0.860798000941657,0.00773851731854047,0.00292845108552332,0.00332596824637523,1.00287881742927e-05,0.118692743729291,0.00289013196657844,0.00361615792385967
"img_00383.jpg",0.950420823073145,0.00884335343501156,0.00285118896930147,0.00286841445942044,1.0028408580692e-05,0.00285114475077894,0.00285097764096184,0.0293040692627998
"img_00398.jpg",0.966975034171155,0.00617873853566444,0.00288350849970574,0.0028849511372065,1.00434002956266e-05,0.00351148167577358,0.00289567348410704,0.0146605690960921
"img_00407.jpg",0.961412106392219,0.0215486491614237,0.00288835981831861,0.002885093714673,1.0028734574514e-05,0.00461498209906001,0.00291495545903618,0.00372582462069521
"img_00417.jpg",0.17777353416354,0.00354173698940945,0.00285538649990682,0.00480953788200239,1.00283711872128e-05,0.00285153545066294,0.00284718029585521,0.805311060347436
"img_00432.jpg",0.32966746851473,0.0192347628582816,0.0771851534157729,0.0238427812710879,0.117845194462818,0.356508885562987,0.00995264753381058,0.0657631063805121
"img_00442.jpg",0.0028390576736835,0.00283912719744905,0.00283874725937694,0.00283874651752535,1.00282869403433e-05,0.00283874655841686,0.00283875172277512,0.982956794783833
"img_00446.jpg",0.949677403847684,0.00452453401056455,0.00294388743775018,0.00482087201010742,1.00363619013203e-05,0.0183463835263731,0.00294687597714572,0.0167300068284736
"img_00469.jpg",0.938971501289607,0.00565855876754016,0.00294025838665535,0.00337858571234775,1.00380627897481e-05,0.0149823260310095,0.00324221182578478,0.0308165199242652
"img_00473.jpg",0.968976322722257,0.00910235600071391,0.00291344321892793,0.00291585395763312,1.00508901346512e-05,0.00310632314749356,0.00290456834597294,0.0100710817168668
"img_00483.jpg",0.967990838424782,0.0147094918366983,0.00288122959823644,0.00288517332443804,1.00287119074341e-05,0.00303732220841782,0.00303134605211483,0.00545456984340568
"img_00484.jpg",0.178537274339189,0.0654592222171286,0.00803200225096067,0.0241320985192977,1.00297209602145e-05,0.00870189640925067,0.00438162642506041,0.710745850118152
"img_00486.jpg",0.941351928852555,0.0245477717834651,0.0183160875697309,0.00597432293051462,1.00841507367199e-05,0.00306681942641789,0.00330744472920678,0.00342554055737253
"img_00487.jpg",0.000937207060342254,0.000937207060342254,0.000937207060342254,0.000937207060342254,0.993439550577604,0.000937207060342254,0.000937207060342254,0.000937207060342254
"img_00493.jpg",0.0017038168358648,0.000950023284945207,0.000950023284945207,0.000950023284945207,0.991968313569529,0.00157775316988056,0.000950023284945207,0.000950023284945207
"img_00518.jpg",0.839466394291207,0.0143868991278581,0.00354295640608708,0.00384637977471448,1.02286151382334e-05,0.00298659039312425,0.00305249631676628,0.132708055075104
"img_00533.jpg",0.357073089423696,0.0135311434599895,0.00303058514470903,0.00300446794706589,1.00319005313652e-05,0.0119939797107919,0.00600740023725164,0.605349302175964
"img_00538.jpg",0.8406418311104,0.0575084017798327,0.00298535128810471,0.00329867320503205,1.00292757530025e-05,0.0296003999486171,0.00313594802496206,0.0628193653672988
"img_00543.jpg",0.982918017628369,0.00284998548535734,0.00284378210808835,0.00284379638035225,1.00283372803113e-05,0.00284379792750767,0.00284378257184201,0.00284680956120325
"img_00550.jpg",0.0325426448946516,0.00181665830384414,0.00276461957827681,0.000878789089412212,9.87910775016873e-07,0.960348063090065,0.000320416613084875,0.0013278205198908
"img_00551.jpg",0.861359892342069,0.00593835566424923,0.00307310919036205,0.00378792839563293,1.00314392590754e-05,0.0999326101606516,0.00447866050224856,0.0214194123055276
"img_00564.jpg",0.00103602507440044,0.000949451808892978,0.00109397182288664,0.000949451808892978,0.992399430795403,0.00167276507173808,0.000949451808892978,0.000949451808892978
"img_00575.jpg",0.731491595356325,0.00863921857914507,0.00300262661085326,0.00293886021909186,1.0056106849953e-05,0.0121210443926593,0.00610681065710278,0.235689788077973
"img_00582.jpg",0.951209770545595,0.0108318325333654,0.00573722869072492,0.00311715358523366,1.05004158833475e-05,0.0187618248939089,0.00345341815310823,0.00687827118218017
"img_00584.jpg",0.951820087705011,0.00301687894121807,0.00905122690171465,0.0030153558024432,1.03934298036372e-05,0.0238693880721386,0.00304690395010221,0.00616976519756908
"img_00587.jpg",0.0626754439862756,0.00796113373451124,0.00406508998416466,0.00293659955034531,1.00425768716345e-05,0.0272123723339636,0.0123046276889403,0.882834690144928
"img_00590.jpg",0.107926967387339,0.043538556496453,0.0071655759647981,0.00298322567069401,1.00391622162348e-05,0.00819974739095085,0.0141189223822644,0.816056965545284
"img_00591.jpg",0.0370305506628847,0.00321865471567418,0.00289948823021915,0.00289872900948935,1.00288703709372e-05,0.0167385298281997,0.00289725570406402,0.934306762979098
"img_00598.jpg",0.934485941691029,0.0176306136958739,0.00375387380092135,0.0123260002820458,1.00567008038079e-05,0.0172339715549017,0.00403915269110613,0.0105203895833178
"img_00599.jpg",0.784352649779354,0.0217703400589923,0.00990707228173207,0.00301578539842275,1.00843455890106e-05,0.00549250413731441,0.0372544529616815,0.138197111036914
"img_00612.jpg",0.890879801528858,0.0106510881466921,0.00381980376144836,0.00298024829010221,1.00940838587557e-05,0.076207238419406,0.00941794646704546,0.00603377930258899
"img_00618.jpg",0.924831709508226,0.00944391956038781,0.00944391956038781,0.00944391956038781,0.0185047731294471,0.00944391956038781,0.00944391956038781,0.00944391956038781
"img_00620.jpg",0.891878519555222,0.00892008696176854,0.0513710129203807,0.00352470151108996,1.00295950457348e-05,0.0222126801866509,0.00419784700532843,0.017885122264514
"img_00642.jpg",0.000997560863957579,0.000797418888506528,0.000288660387287839,0.996738777041388,9.99615147220836e-07,0.000289872298330179,0.000288568586274418,0.000598142319108355
"img_00646.jpg",0.00917357024916795,0.00353366672229094,0.0031019268426128,0.00285855241014323,1.00284840899947e-05,0.00308325561872974,0.00376184867269411,0.974477151000271
"img_00648.jpg",0.982854976911122,0.00288542575044566,0.00284897687440496,0.00284899863404704,1.00349259940065e-05,0.00284899662487765,0.00284897660072873,0.00285361367838004
"img_00650.jpg",0.0120703979598831,0.000925569311481678,0.000500304373619812,0.000520210054673515,9.87830999372734e-07,0.979111284183246,0.00522581294402006,0.00164543334207643
"img_00654.jpg",0.712919655079926,0.0292310569987004,0.0510735968641471,0.015862873482089,0.0871617872151868,0.0298963658948624,0.0263620931769665,0.0474925712881217
"img_00664.jpg",0.946401542733961,0.0170350941908823,0.00291439199437431,0.00291418169429971,1.0029041556412e-05,0.0127358933308096,0.003880124102314,0.0141087429118029
"img_00667.jpg",0.000949735621542831,0.000949735621542831,0.000972329759821805,0.000949735621542831,0.992628928474472,0.000949735621542831,0.000949735621542831,0.00165006365799254
"img_00676.jpg",0.00095232621739336,0.000990574889615168,0.00117585705383616,0.00095232621739336,0.988198861349615,0.00116770721563376,0.0012892174187703,0.00527312963774282
"img_00697.jpg",0.00284353761837392,0.00291206963045599,0.00284343565531276,0.00284337515031217,1.0028333166827e-05,0.00284337556656817,0.00284340224037022,0.98286077580544
"img_00708.jpg",0.741918456850332,0.0175293364327089,0.00567329257612799,0.00635960792426819,1.00844123078826e-05,0.148759767413622,0.0457857034125668,0.0339637509780671
"img_00716.jpg",0.00496057170675427,0.00835971225270346,0.0011874723864214,0.00032854045992779,9.80851294675127e-07,0.974876551333014,0.00126092940813478,0.00902524160174991
"img_00717.jpg",0.63060306403632,0.241504766097332,0.0031905238581243,0.00637925103057537,1.0029638023728e-05,0.105380044733042,0.0094664978791433,0.00346582272743918
"img_00718.jpg",0.971521755428212,0.00323701556502586,0.00287046562932292,0.00293743555943459,1.00286037246287e-05,0.00692604360226352,0.00287073003450993,0.0096265255775065
"img_00723.jpg",0.00882590065126203,0.000933977793113765,0.000933977793113765,0.000933977793113765,0.985570232590055,0.000933977793113765,0.000933977793113765,0.000933977793113765
"img_00724.jpg",0.0477603898277683,0.00377280667555907,0.00501132930560782,0.00331182257033384,1.01636123213538e-05,0.0205579138873908,0.239137941984699,0.68043763213632
"img_00726.jpg",0.979766588241688,0.00319706536609085,0.00284327813195912,0.00284325220549164,1.00283321608497e-05,0.00524865389147756,0.00323477609744035,0.00285635773369207
"img_00729.jpg",0.761831196478954,0.049645029592588,0.00399209218911412,0.00313049334722927,1.08768678448506e-05,0.129242702444381,0.0276440760049904,0.0245035330748975
"img_00730.jpg",0.0135701528180225,0.00559069300801286,0.00320390676445857,0.0029187870643586,1.00290876209263e-05,0.00384884098035949,0.00616324689509336,0.964694343382074
"img_00757.jpg",0.956934637247515,0.00339981218388694,0.00582157382186628,0.00714796509033809,1.00314756012002e-05,0.0169968913973587,0.00293079718438128,0.00675829159905255
"img_00760.jpg",0.00504223496917981,0.000468996901123428,0.000429882304576831,0.992969427025492,9.96483679800736e-07,0.000307842959631528,0.00029287129736288,0.000487748058953431
"img_00763.jpg",0.000946181474976341,0.000946181474976341,0.000946181474976341,0.000946181474976341,0.993097011810117,0.000946181474976341,0.000946181474976341,0.0012258993400252
"img_00764.jpg",0.00349394338304536,0.0055916571161394,0.00581915950194732,0.00286029234292624,1.0028500257395e-05,0.00286303847894007,0.00286015830368931,0.976501722373055
"img_00765.jpg",0.0535899560055534,0.397572203750929,0.00327971094921654,0.0199539506567624,1.00306090399609e-05,0.191162561284316,0.0129628156132533,0.321468771130929
"img_00772.jpg",0.0455775626959226,0.0057221966833898,0.453525452806121,0.0029012678954045,1.00289593015153e-05,0.167226795077962,0.0033229577437583,0.321713738138141
"img_00773.jpg",0.912170289885081,0.00968084879023737,0.025754029832593,0.0107399453284094,0.00968084879023737,0.0126123397929671,0.00968084879023737,0.00968084879023737
"img_00777.jpg",0.750054114898187,0.017379561346261,0.00404828665352323,0.00295781967053831,1.00953601383847e-05,0.216791911803744,0.00569866542243779,0.00305954484517034
"img_00780.jpg",0.00426213069418681,0.0029069287170069,0.00476993048265228,0.00287843196821672,1.00286837134139e-05,0.0339770246642027,0.00459030363680881,0.946605221153212
"img_00798.jpg",0.908522717020869,0.0387247375950858,0.00554418936275186,0.0288215203882093,1.01224101019387e-05,0.00663144974818683,0.00398908623683754,0.00775617723795823
"img_00808.jpg",0.92103927247749,0.0468930830655813,0.00291017977736135,0.00294247093421536,1.00288156052467e-05,0.00433282719130682,0.00289212105053136,0.0189800166879089
"img_00816.jpg",0.952432699072472,0.00310461506007295,0.00290632729830651,0.00290326620348512,1.00474853102663e-05,0.0039434560564584,0.00437077325687569,0.0303288155670195
"img_00828.jpg",0.000943016545079258,0.000943016545079258,0.000990802922946392,0.000943016545079258,0.993351097806578,0.000943016545079258,0.000943016545079258,0.000943016545079258
"img_00833.jpg",0.758836551636875,0.0124229498541265,0.00593959087899305,0.00459340969315865,1.00868766235948e-05,0.112827885464767,0.0479314498341975,0.0574380757612582
"img_00837.jpg",0.878666722283247,0.0562328370498885,0.00423742992541991,0.00347489038991061,1.00703485430931e-05,0.0478529316607685,0.00299383418954647,0.00653128415267565
"img_00855.jpg",0.891611899531905,0.0137470329383918,0.0063488123859321,0.00298893043827627,1.00872398153094e-05,0.0566522740032666,0.00570121674196597,0.0229397467204464
"img_00857.jpg",0.979961466499245,0.00534860136410884,0.00289385034400737,0.00289383836526989,1.00473011703162e-05,0.00297482487183458,0.00299216357974304,0.00292520767462057
"img_00858.jpg",0.960878673919767,0.00397906449376205,0.00291217907766998,0.00291067461969084,1.00353282219586e-05,0.00897979515722917,0.00356356723296213,0.0167660101706973
"img_00865.jpg",0.919845803228019,0.0573240397323489,0.00315551524341466,0.00289098128997922,1.00288051117792e-05,0.00781334939028251,0.00327732734834482,0.00568295496249872
"img_00876.jpg",0.000950169026938995,0.000950169026938995,0.00100508243795715,0.000950169026938995,0.99025336427108,0.00140586938601412,0.0011951005144534,0.00329007630967791
"img_00889.jpg",0.00956090727112374,0.00956090727112374,0.183319474245042,0.00956090727112374,0.00956090727112374,0.00956090727112374,0.00956090727112374,0.759315082128216
"img_00894.jpg",0.588269633158606,0.0133649163691661,0.0145602095160316,0.0199810239906161,0.290465644770444,0.012062577704569,0.0100198855599369,0.0512761089306311
"img_00902.jpg",0.00349036144169871,0.0034150778694826,0.00296582012788632,0.0029053465643802,1.00367577855988e-05,0.00451836898918462,0.979599072992774,0.00309591525680781
"img_00914.jpg",0.00283820421524833,0.00283957783155319,0.00283819295878683,0.00283819287657987,1.0028281347671e-05,0.00283819288957774,0.00283819288077653,0.98295941806613
"img_00921.jpg",0.890222456374905,0.00319432702930708,0.00410038161336281,0.00296990670335711,1.00909058689894e-05,0.0454958914775174,0.0206191718242937,0.0333877740713882
"img_00927.jpg",0.0942919783095726,0.0309999547448388,0.00577979672925632,0.00320274415816323,1.00413953319845e-05,0.0101861302925089,0.0197194439762824,0.835809910394046
"img_00943.jpg",0.960077059544519,0.022449458877072,0.00286774913197099,0.00290602959279785,1.00285771116638e-05,0.00288307877261624,0.00286823073327563,0.00593836477063652
"img_00948.jpg",0.497808740684129,0.0112468560556511,0.0166087776796503,0.00992122506359673,0.356983405228706,0.0397064799288424,0.0140232910480515,0.0537012243113727
"img_00950.jpg",0.000937207060342254,0.000937207060342254,0.000937207060342254,0.000937207060342254,0.993439550577604,0.000937207060342254,0.000937207060342254,0.000937207060342254
"img_00959.jpg",0.949718573235186,0.00303061274335247,0.0028486703044931,0.00284839527156512,1.00458925345273e-05,0.0189490654744265,0.00294444326185569,0.0196501938165861
"img_00962.jpg",0.0534582421397349,0.00319125449832995,0.00428642928909821,0.0028534898641083,1.00284351737096e-05,0.00295737366448784,0.00319406619091214,0.930049115918155
"img_00964.jpg",0.00288923505534042,0.0108458949465297,0.964167641194902,0.00288923428994899,1.00287917200038e-05,0.00288923476965544,0.00346786791700881,0.0128408630348942
"img_00966.jpg",0.777971295099841,0.00971342103328463,0.00971342103328463,0.00986293882145423,0.123877013229411,0.00971342103328463,0.00971342103328463,0.049435068716155
"img_00974.jpg",0.956535107547857,0.00727817945442716,0.00335107428490559,0.00292807272006168,1.00290244979971e-05,0.0137814574521586,0.00292399716322867,0.0131920823528638
"img_00979.jpg",0.00521771740631546,0.00319990881605337,0.0125856829687462,0.00288939873771519,1.00287934848454e-05,0.00439448315019863,0.00292886664103556,0.968773913486451
"img_00982.jpg",0.622226106219621,0.158033516329205,0.00988689335991041,0.00495150520977109,1.04302824504673e-05,0.0158007768356447,0.00814163072631153,0.180949141037086
"img_00985.jpg",0.70600895514907,0.0334232832502936,0.00373695775666561,0.00451261182138912,1.00537804093744e-05,0.0482909422756247,0.0118518080809429,0.192165387885605
"img_00999.jpg",0.809975568690685,0.00866888481802069,0.00334689955437207,0.00294166237274681,1.00292520787321e-05,0.00886125873326518,0.0372821973939218,0.12891349918491
"img_01022.jpg",0.960335222585209,0.0037324162424366,0.00315752820900719,0.00427961103915381,1.01479586386224e-05,0.0222942226039816,0.00296380683804808,0.00322704452352496
"img_01031.jpg",0.76482642779382,0.00332348527822972,0.00437947857178611,0.00302077052317539,1.00667241839692e-05,0.217319240012793,0.00401826928788879,0.00310226180812309
"img_01035.jpg",0.694529920692216,0.00561054956629413,0.00547294816619314,0.00300559943105214,1.00596392374777e-05,0.282143157607001,0.00625443216353426,0.00297333273447174
"img_01043.jpg",0.000937857360433812,0.000937857360433812,0.000937857360433812,0.000937857360433812,0.993434998476963,0.000937857360433812,0.000937857360433812,0.000937857360433812
"img_01058.jpg",0.94144539521647,0.00319018160054434,0.00315009719944802,0.00314672435384443,1.07225129998926e-05,0.00314775129201477,0.00314682399548994,0.0427623038291885
"img_01059.jpg",0.0665075568326715,0.0139191155179698,0.00294795113632075,0.00294778666528444,1.00339370879353e-05,0.0595140005513703,0.00854306872928568,0.84561048663001
"img_01090.jpg",0.000950092512912571,0.00247451628951728,0.00120073359820234,0.000950092512912571,0.990413822311615,0.00097305864164995,0.00177688797498828,0.0012607961582024
"img_01102.jpg",0.172221485054283,0.716799877796354,0.00346544371681762,0.032567484921672,1.00363907918815e-05,0.00294010637150166,0.00293731024388282,0.0690582555046966
"img_01103.jpg",0.0176900027000658,0.0400942729737673,0.00344617695571051,0.00298133358743725,1.00291773730512e-05,0.00374165859569439,0.0033224396474703,0.928714086362481
"img_01116.jpg",0.821666572732207,0.118101997640888,0.00352407050436021,0.00402148333397975,1.00290378723302e-05,0.0314344720998555,0.00299637055629426,0.0182450040945432
"img_01134.jpg",0.941451004229185,0.00303795503794902,0.00429069644644712,0.00415472797074705,1.00292256192696e-05,0.0174137561743592,0.00296703743716454,0.0266747934785286
"img_01142.jpg",0.909642735290013,0.00968634672847635,0.0108108211925495,0.00968634672847635,0.023348490010013,0.0174525665935186,0.00968634672847635,0.00968634672847635
"img_01168.jpg",0.00303380517055318,0.00624131800110361,0.00164772454571949,0.00273902105100306,0.00235530037835333,0.978593710403192,0.0033561300215534,0.00203299042852246
"img_01171.jpg",0.000947622982263912,0.000947622982263912,0.000947622982263912,0.000947622982263912,0.992691442174954,0.000947622982263912,0.000947622982263912,0.00162281993146279
"img_01177.jpg",0.903970468389232,0.00975017469928923,0.0216925504633607,0.0116519460825331,0.0192997671986221,0.0130272389583965,0.0103553439095621,0.0102525102990039
"img_01179.jpg",0.976031324763931,0.00292680052064741,0.00291541996726909,0.00341909090422866,1.00612239840575e-05,0.00886291614843358,0.0029153968613864,0.00291898961012032
"img_01188.jpg",0.104065384040733,0.39772695281952,0.00360037377748882,0.0119261036787518,1.00425098207654e-05,0.234404788953524,0.00804194773585965,0.240224406484301
"img_01198.jpg",0.00120689805873124,0.00132336268995339,0.00154045480652335,0.000936710446664766,0.974295142037945,0.000981562934420696,0.0183042137927294,0.00141165523303221
"img_01204.jpg",0.000948118513394132,0.000948118513394132,0.000948118513394132,0.000948118513394132,0.992564407043042,0.000948118513394132,0.000948118513394132,0.00174688187659278
"img_01208.jpg",0.000937207060342254,0.000937207060342254,0.000937207060342254,0.000937207060342254,0.993439550577604,0.000937207060342254,0.000937207060342254,0.000937207060342254
"img_01211.jpg",0.977898307836396,0.00778452236480756,0.00284850432272341,0.00290658962210648,1.00283836170581e-05,0.00284859895415739,0.00284840921423723,0.00285503930195476
"img_01213.jpg",0.861963949412165,0.0790686229455214,0.00323365462840979,0.00899400382475066,1.004118917821e-05,0.0162013572467087,0.00295436064572126,0.0275740101075452
"img_01222.jpg",0.766842432822414,0.091240519485076,0.00343638794828203,0.0170583635178081,1.00296621997848e-05,0.0137397381660544,0.00799649106937119,0.099676037328794
"img_01224.jpg",0.0125437476544788,0.00411121296121483,0.117440549342257,0.00292330804223643,1.00291321613032e-05,0.00413952419024101,0.00332075924527147,0.855510869432139
"img_01237.jpg",0.00223512655509495,0.000945167969250857,0.000945167969250857,0.000945167969250857,0.988623468696906,0.000961005422323242,0.000983984726775145,0.00436091069114774
"img_01249.jpg",0.00257475532193698,0.00132352991669098,0.0017330692853833,0.000991367672466206,0.990512021349815,0.000955085484569035,0.000955085484569035,0.000955085484569035
"img_01253.jpg",0.00283819387956039,0.002838207441519,0.0028381937287227,0.00283819288555325,1.00282813747176e-05,0.00283819289919245,0.00283819289236096,0.982960797991717
"img_01286.jpg",0.0674957655902931,0.00637551152413868,0.00303116545915482,0.00303117465619869,1.03218531370113e-05,0.00616862168117049,0.00303116619979848,0.910856273036109
"img_01289.jpg",0.0519534449501809,0.0329684737802381,0.00297571085307463,0.00347652212458433,1.00295134941901e-05,0.0261755764264548,0.00926972844818453,0.873170513903789
"img_01325.jpg",0.00120532813650082,0.00298529003840594,0.0012157105476597,0.000952303803915403,0.989585709630291,0.00098345078394752,0.00166968697886598,0.00140252008041365
"img_01328.jpg",0.922607595020552,0.055084312714678,0.00289464887759397,0.00442630212225599,1.00288319746299e-05,0.00556553068582368,0.00289332570906062,0.00651825603806087
"img_01366.jpg",0.0329871109521243,0.000543621261662922,0.00127831107110198,0.000849411059103764,9.64957030931575e-07,0.959738597258324,0.000346332563755383,0.00425565087689634
"img_01371.jpg",0.965550881930851,0.00477406584969874,0.00449813503544104,0.0029806264511818,1.0239055995942e-05,0.00393104612791204,0.00351531271414014,0.0147396928347794
"img_01373.jpg",0.00145857113422924,0.000956802771522269,0.00267102453673712,0.000956802771522269,0.990569204884261,0.00147398835868395,0.000956802771522269,0.000956802771522269
"img_01377.jpg",0.00215887747664493,0.000944518377906068,0.00105181571963009,0.000944518377906068,0.992066714914195,0.000944518377906068,0.000944518377906068,0.000944518377906068
"img_01379.jpg",0.842271550073033,0.0128035605985345,0.0158140967768922,0.00298377890704291,1.00290057911979e-05,0.103046877988947,0.0029300071439234,0.0201400995058361
"img_01384.jpg",0.0285895209639715,0.00127972788086809,0.00220819572262656,0.000559873140073036,9.91291529191061e-07,0.965601696974038,0.000302468026021884,0.00145752600087128
"img_01388.jpg",0.920631054531118,0.0525589952296295,0.00292586688230926,0.00292587282971686,1.00348064054994e-05,0.0098099560294594,0.00292900925517062,0.00820921043619074
"img_01392.jpg",0.0029213417960835,0.0132971359224464,0.925441170164278,0.00289436314607286,1.0028843978466e-05,0.00289569905864536,0.0035693103230633,0.0489709507454326
"img_01399.jpg",0.00306064441034887,0.935290227384593,0.00338251769004609,0.0028741135309304,1.00286417932143e-05,0.00546320831107821,0.00287510797827354,0.0470441520529363
"img_01404.jpg",0.972014807308133,0.00578667786250196,0.00291467283358112,0.00538851001263141,1.0043443393199e-05,0.00799652887152653,0.0029145491890244,0.00297421047920818
"img_01405.jpg",0.928932768301744,0.00700970946727948,0.00312011350277988,0.00360955506614583,1.0079170093301e-05,0.051464411771933,0.00291805275851489,0.0029353099615098
"img_01413.jpg",0.979517647419635,0.00324271334543688,0.00294089258539311,0.00294088852473393,1.01355808901433e-05,0.00540495902850128,0.00294088938388784,0.00300187413152227
"img_01426.jpg",0.0804224722113228,0.322350806986179,0.00291287824007751,0.00291037779856438,1.00290396462951e-05,0.014064158333131,0.455744560645763,0.121584716745316
"img_01431.jpg",0.00322989750673468,0.000468077473173864,0.0004915887854985,0.994637692105035,9.99268489128183e-07,0.000291239977605528,0.000291239688864022,0.000589265194599321
"img_01441.jpg",0.00287854509611671,0.00285061806528962,0.00284794107638733,0.00284620961687705,1.0028361512656e-05,0.0028462257582489,0.00284647398191128,0.982873958043657
"img_01444.jpg",0.240649617415136,0.00313538491284486,0.00297836937151833,0.00291881547222441,1.00290754930267e-05,0.00953715077372544,0.00400722740288662,0.736763405576171
"img_01490.jpg",0.00375207001384894,0.00292526127243455,0.0163264678115246,0.0028659387927305,1.00285581858411e-05,0.00327170032805063,0.00286603677112068,0.967982496452104
"img_01495.jpg",0.719317845403439,0.0141221238326374,0.00320370725275512,0.00324812111714899,1.00291468005694e-05,0.0106096756821364,0.00301770290962088,0.246470794655462
"img_01505.jpg",0.00094626184824689,0.00094626184824689,0.00094626184824689,0.00094626184824689,0.992964162987471,0.00094626184824689,0.00094626184824689,0.00135826592304736
"img_01511.jpg",0.949897869975155,0.010550187986707,0.0204146186209466,0.00290382108888991,1.00321187781674e-05,0.00586905765744177,0.00290295400502633,0.00745145854705549
"img_01519.jpg",0.427306530506224,0.0220648860323506,0.00476652181883247,0.00427520604293831,1.00430486743036e-05,0.229251724755229,0.0424332143264678,0.269891873469284
"img_01530.jpg",0.960626080390998,0.0111343571678832,0.00300210408784147,0.003110597767382,1.01924053977212e-05,0.00408394508423309,0.00319202303468089,0.0148407000615838
"img_01537.jpg",0.888342024282512,0.00554645119629808,0.0115471851987633,0.00293495049083014,1.00673830075897e-05,0.0507112773250925,0.00449770115846139,0.0364103429650346
"img_01538.jpg",0.931698049757043,0.0222335612073755,0.00362864383812523,0.00289858863136283,1.00288842196402e-05,0.0327463198329888,0.00295729945187354,0.00382750839701188
"img_01541.jpg",0.000941062414606501,0.000941062414606501,0.000941062414606501,0.000941062414606501,0.993412563097754,0.000941062414606501,0.000941062414606501,0.000941062414606501
"img_01543.jpg",0.981184601199669,0.00289351728148618,0.00286318016676001,0.00286316320091702,1.00590171036675e-05,0.00287224234104956,0.00286316277849468,0.00445007401452002
"img_01548.jpg",0.96299965660806,0.0029263956856385,0.00293657217575451,0.00292474192048249,1.01069856001731e-05,0.0183024254024552,0.00316302304811048,0.00673707817389898
"img_01552.jpg",0.982401040437561,0.00299477460638449,0.00285952838818352,0.00285936207318963,1.00284931830334e-05,0.003153824644624,0.00285937368409261,0.00286206767278143
"img_01561.jpg",0.000944272927635731,0.000944272927635731,0.000944272927635731,0.000944272927635731,0.993357827313032,0.000976535121154005,0.000944272927635731,0.000944272927635731
"img_01562.jpg",0.782481645772881,0.00868847298996282,0.00344375461085671,0.00301027413459279,1.00544943588738e-05,0.0175804847179976,0.0580345486969917,0.126750764582358
"img_01571.jpg",0.964275205818822,0.0187040680975771,0.00288160479064947,0.00288131973676404,1.00287124053862e-05,0.00288967126059741,0.00302088078451451,0.00533722079867027
"img_01593.jpg",0.620699413965755,0.146589380508349,0.00642420725318899,0.0030266263120014,1.00349168425437e-05,0.0306482028979625,0.0160628747905162,0.176539259355384
"img_01595.jpg",0.00237486580611449,0.000939329837390491,0.000939329837390491,0.000939329837390491,0.991989155169543,0.000939329837390491,0.000939329837390491,0.000939329837390491
"img_01616.jpg",0.947709228674885,0.0307719323329012,0.00292602837837779,0.0029259266610077,1.00758905209521e-05,0.00467659986613986,0.00293105282898296,0.00804915536718472
"img_01618.jpg",0.885479916169046,0.00387744882820143,0.00295445940761538,0.00314757190108606,1.00311224748519e-05,0.096024200074584,0.00309454529924821,0.00541182719774455
"img_01627.jpg",0.920960432741856,0.0445420754238947,0.00293170047598415,0.00349047811234451,1.00290642186426e-05,0.0180255879615874,0.00316764062135019,0.00687205559876395
"img_01632.jpg",0.919650941055786,0.00948927147163733,0.00948927147163733,0.00948927147163733,0.0234134301143896,0.00948927147163733,0.00948927147163733,0.00948927147163733
"img_01633.jpg",0.84558934359884,0.00490623644498817,0.0035977484977284,0.00390136930479629,1.00767860728023e-05,0.113220736698886,0.00965157010022401,0.0191229185684644
"img_01640.jpg",0.982879266256538,0.00287053710642184,0.00284675978165935,0.00284682645005961,1.00397842881385e-05,0.00284689975817258,0.00284675930420189,0.00285291155865879
"img_01646.jpg",0.963766750805152,0.0138690642608846,0.00290019565121964,0.00290016211464438,1.00289012703098e-05,0.00725925867238805,0.0029003640858636,0.00639417550857782
"img_01647.jpg",0.00203063908907507,0.000939047052838169,0.000939047052838169,0.000939047052838169,0.992335078593896,0.000939047052838169,0.000939047052838169,0.000939047052838169
"img_01649.jpg",0.920492082397399,0.0382661248157219,0.00439200955710542,0.00512914657728875,1.05639338287805e-05,0.0152482565809027,0.0123757334031383,0.0040860827346154
"img_01657.jpg",0.0790364356825534,0.00709086875848104,0.27463318154475,0.00288283046018429,1.00287287453347e-05,0.00645323262837902,0.00290211844364351,0.626991303753263
"img_01669.jpg",0.00380136604193839,0.000545147580298351,0.000515279282714947,0.993931778817482,9.99929668921387e-07,0.000291160101920289,0.000346470134453072,0.000567798111524381
"img_01673.jpg",0.67041873697742,0.0106970863043321,0.00984318318133426,0.0102039298152044,0.242195430297171,0.0197254735287369,0.0203709168579828,0.0165452430378184
"img_01681.jpg",0.0772328426167457,0.0100086971871529,0.00291011696467185,0.00289899592038229,1.00541740686935e-05,0.00601791637264818,0.00325210952064673,0.897669267243684
"img_01684.jpg",0.932643554540854,0.0119480549950358,0.00298522578768079,0.00495072314129366,1.00292769755396e-05,0.0150664806808923,0.00293788457204794,0.0294580470052203
"img_01685.jpg",0.158139994419799,0.0298762287836706,0.114998388565046,0.0363909327174461,0.209468665274851,0.374247212768875,0.0109674037830807,0.0659111736872317
"img_01687.jpg",0.652643754947253,0.00369809167435283,0.00381892975805562,0.00294158341840819,1.00293102793063e-05,0.00296870216466334,0.00435301284792492,0.329565895879063
"img_01688.jpg",0.048107116947198,0.0349200167121351,0.00295041024164701,0.00319320682652618,1.00294037927865e-05,0.0247425426985049,0.00742837218001531,0.878648304990181
"img_01689.jpg",0.003963845255656,0.00408485369043691,0.0113430881257394,0.00290690270274881,1.00289688594125e-05,0.0161944534811964,0.00567507118623633,0.955821756589127
"img_01716.jpg",0.000938770128062917,0.000938770128062917,0.000938770128062917,0.000938770128062917,0.99342860910356,0.000938770128062917,0.000938770128062917,0.000938770128062917
"img_01717.jpg",0.00943273221642512,0.000933275392141661,0.000933275392141661,0.000933275392141661,0.984967615430725,0.000933275392141661,0.000933275392141661,0.000933275392141661
"img_01724.jpg",0.934734074918688,0.00350487363384677,0.00821673260683877,0.00293436525677507,1.00715078969685e-05,0.00877310545399798,0.00339538905067264,0.0384313875712841
"img_01745.jpg",0.912521838034006,0.0260016829856562,0.023836937734804,0.00987202151795962,1.01320722624656e-05,0.0193502531932262,0.00354065624933434,0.00486647821275157
"img_01771.jpg",0.935302941161478,0.0270596863262455,0.00314955712697873,0.00753170016798852,1.0029461992295e-05,0.00635527920829624,0.00295623345211135,0.0176345730949094
"img_01773.jpg",0.821217379345563,0.00848909398569348,0.00362212244191928,0.00295855652312793,1.00310364100207e-05,0.00536110383170363,0.0186209132149268,0.139720799620656
"img_01781.jpg",0.00400294404569998,0.00112852048331633,0.00102458101719,0.00095052259287453,0.989975130907295,0.00101725576787461,0.00095052259287453,0.00095052259287453
"img_01782.jpg",0.00151393047167837,0.000937378043693835,0.000937378043693835,0.000937378043693835,0.992861801266159,0.000937378043693835,0.000937378043693835,0.000937378043693835
"img_01802.jpg",0.705119701374265,0.00959119320024824,0.00959119320024824,0.00959119320024824,0.237053432287766,0.00959119320024824,0.00959119320024824,0.00987090033672736
