"image","ALB","BET","DOL","LAG","NoF","OTHER","SHARK","YFT"
"image_00001.jpg",0.0380811539074207,0.0403521189049737,0.0119721954882161,0.0285974231027091,0.267250302830034,0.0597646595908283,0.217509651055405,0.336472495120413
"image_00002.jpg",0.723980396959152,0.0141729096490279,0.00630464154345435,0.00409644904325891,1.20182003908634e-05,0.0103603191428531,0.0225330232077182,0.218540242254145
"image_00003.jpg",0.914883540248132,0.00895670864661104,0.00371617306564395,0.00342291233115677,1.16483692955358e-05,0.0620370964347188,0.0034229760599899,0.00354894484445236
"image_00004.jpg",0.404970047968923,0.00973319340105315,0.00973319340105315,0.00973319340105315,0.233730532287898,0.00973319340105315,0.014752116062634,0.307614530076333
"image_00005.jpg",0.883960754896895,0.0351761621907672,0.00646973521097393,0.00321516439491518,1.01266342661236e-05,0.013457146211306,0.0125877616604382,0.0451231488004381
"image_00006.jpg",0.676464563261848,0.0141832805034978,0.00425043140725562,0.00451849824823752,1.05874663528994e-05,0.0487614008658674,0.0633957891860736,0.188415449060867
"image_00007.jpg",0.230441298244543,0.0166592915778868,0.0229836067122636,0.0107793108877392,0.667007652094574,0.010019525395689,0.0193451046798136,0.022764210407491
"image_00008.jpg",0.25427142436826,0.0250572778183032,0.0271840502950729,0.0440578807253362,0.404227520447853,0.0129767780721541,0.0556708644432616,0.176554203829759
"image_00009.jpg",0.527559810112305,0.0927321414107396,0.0932980317491977,0.00349122696908673,1.04404379364244e-05,0.00504662610619627,0.003141705669213,0.274720017545325
"image_00010.jpg",0.560646041705432,0.0268338154751626,0.0120103722326361,0.0301331095116903,0.0346635789287716,0.019826218001708,0.0663571748264589,0.24952968931814
"image_00011.jpg",0.446424871201161,0.0166986644101313,0.0210113546090205,0.0233653435814044,0.417072937421598,0.00995564100485392,0.0302626135575817,0.035208574214249
"image_00012.jpg",0.451760569285093,0.0191908983805741,0.0214322327635998,0.050885590992514,0.173201640672362,0.00998044047529723,0.0416171899226626,0.231931437507897
"image_00013.jpg",0.743335950878002,0.00468535987080677,0.0449101691003631,0.00885233069992576,1.01238342920623e-05,0.0179863254732418,0.03818920172952,0.142030538413849
"image_00014.jpg",0.090009602811092,0.011990499571076,0.00981476521291979,0.00981476521291979,0.828360192213534,0.0206116426679326,0.0195837670976058,0.00981476521291979
"image_00015.jpg",0.901397149198691,0.0102917577332451,0.00368106395585905,0.0517345227833192,1.09601388979363e-05,0.0190529231475735,0.00804096846393822,0.00579065457847649
"image_00016.jpg",0.786599346249402,0.0251788694447121,0.145835830589086,0.0146595967008249,1.0545505912132e-05,0.0132509550527734,0.00711984372969427,0.00734501272759423
"image_00017.jpg",0.583599839891296,0.0182719418231546,0.00993766592157067,0.0311253383170385,0.0927230339887478,0.0256383771030326,0.0599241714771623,0.178779631477997
"image_00018.jpg",0.54750939373724,0.0185337552397305,0.015332025757404,0.00990822031085827,0.363511800263155,0.0205938853909823,0.0147026989897718,0.00990822031085827
"image_00019.jpg",0.481705242523663,0.0191604883884307,0.0240884546067695,0.0514277781652819,0.0619015127376801,0.0446476544436165,0.0767599316333944,0.240308937501164
"image_00020.jpg",0.401541881749289,0.0255988483921786,0.00313489290306638,0.00659015622561542,1.03375798104763e-05,0.0792013611429694,0.0883837658967707,0.3955387561103
"image_00021.jpg",0.781668785658325,0.052923417072084,0.0371153690927864,0.0108705689879477,1.00527825873941e-05,0.0180049684856048,0.0102274897083644,0.0891793482123004
"image_00022.jpg",0.386301118184037,0.00986412230365403,0.0141552533329567,0.00986412230365403,0.216237448960723,0.0511062222658667,0.0109811915435274,0.301490521105581
"image_00023.jpg",0.560671843976165,0.357276144793667,0.00294986111922417,0.00294236826023506,1.00625478514236e-05,0.0104959285742988,0.0029423788831496,0.0627114118454093
"image_00024.jpg",0.133667659646436,0.0175576597587167,0.0204022691716407,0.0144446343235132,0.735537552967384,0.0184960524992749,0.0161076454108014,0.0437865262222336
"image_00025.jpg",0.875557288223986,0.0327419988329565,0.00607262607664209,0.00302897258710445,1.00293956259464e-05,0.00535589530636963,0.00592999967602491,0.0713031899012908
"image_00026.jpg",0.32210546648357,0.245841223099655,0.00938387505528536,0.00303190830572255,1.02074707399154e-05,0.0134431922724665,0.00303176067799492,0.403152366634566
"image_00027.jpg",0.973195198495428,0.00663578964787775,0.00297530858315932,0.00297530674148982,1.00847208215542e-05,0.00452104952913822,0.00462422596430853,0.00506303631777638
"image_00028.jpg",0.340446383553581,0.0508240071377216,0.0111975255683036,0.020436707931628,0.113668151464477,0.081954330396695,0.156552061802963,0.22492083214463
"image_00029.jpg",0.912325810557738,0.0126895368443729,0.0386926956072228,0.00321249385516315,1.08166309349579e-05,0.0046740738422386,0.00320986774120108,0.0251847049211281
"image_00030.jpg",0.691898861768774,0.00984435545744488,0.0197149811956068,0.0125272959462669,0.199891710284753,0.0207659516813854,0.023376059953088,0.0219807837126806
"image_00031.jpg",0.466751214364498,0.0644326214534986,0.0149457029816079,0.0108074559024897,0.386136409743614,0.0324199038936075,0.0144035586945472,0.0101031329661372
"image_00032.jpg",0.8373059308384,0.0191541929379567,0.0110513091324632,0.00508448414408462,1.05640019847762e-05,0.0817359776261787,0.0307482723397009,0.0149092689792315
"image_00033.jpg",0.736536742877579,0.137169710445967,0.00365245649155362,0.0155473502879066,1.0320613943489e-05,0.0555270349197243,0.0131457548280036,0.0384106295353226
"image_00034.jpg",0.865312114429572,0.0183548084707018,0.0145101351054576,0.00399151631296711,1.06016702031191e-05,0.0459370724533511,0.0349267580041168,0.01695699355363
"image_00035.jpg",0.261960538212077,0.0189267359644726,0.0380319394024861,0.0205701011324058,0.462108544547732,0.0123833868127986,0.0254919292860634,0.160526824641965
"image_00036.jpg",0.484670402881813,0.0324398345236707,0.0354765839936817,0.0761633271979488,0.18200882422178,0.00995704179742152,0.0256212537946279,0.153662731589057
"image_00037.jpg",0.280870172278428,0.012750601992231,0.0115015102797344,0.022826168919997,0.217482498281041,0.0681242148850615,0.134293140356792,0.252151693006716
"image_00038.jpg",0.919558081444395,0.0208864882129302,0.00574618642377247,0.00304586699694812,1.0223466703948e-05,0.0112339288084266,0.0156188794843218,0.0239003451625017
"image_00039.jpg",0.669403613426375,0.0164515937072867,0.0110022700283786,0.00995165252801732,0.112932002869344,0.020359532025902,0.0121594545753148,0.147739880839381
"image_00040.jpg",0.533559725427694,0.00995343664319469,0.0162618947555748,0.0279965765794115,0.299907497551819,0.0106228568565369,0.0277157660667648,0.0739822461190043
"image_00041.jpg",0.249836299165349,0.0183930364549335,0.0039762090218742,0.00526600462159365,1.02915811581466e-05,0.0275239614749373,0.0599636028456435,0.635030594834511
"image_00042.jpg",0.610115638195597,0.0105985903870366,0.0391085551316648,0.0610611604687956,0.19861361607442,0.0180416030475337,0.0269440926185982,0.0355167440763549
"image_00043.jpg",0.351910987682487,0.0274954222772156,0.337447250499441,0.00724702730719954,1.05652404232132e-05,0.0094758981248919,0.00315693040850759,0.263255918459834
"image_00044.jpg",0.951543741712944,0.0105738046020153,0.00297776301304064,0.002977514941261,1.00888861494476e-05,0.0140161215223294,0.00621242513486009,0.0116885401874
"image_00045.jpg",0.208190005895709,0.0167594875505627,0.0256325594055428,0.0174411416249052,0.336658219446872,0.0238686293532276,0.165226155292624,0.206223801430558
"image_00046.jpg",0.953797669313209,0.00963672334026172,0.00417873743822906,0.00312298038049761,1.01394059240189e-05,0.00443549365023574,0.00993032741925055,0.014887929052392
"image_00047.jpg",0.862907644514297,0.109643634280977,0.00295250895522653,0.00419769768771423,1.00343097293538e-05,0.0130174756236732,0.0038713857023304,0.00339961892605255
"image_00048.jpg",0.626030958151843,0.00978216445781289,0.00978216445781289,0.0196856178497683,0.188085714419335,0.00978216445781289,0.00978216445781289,0.127069051747803
"image_00049.jpg",0.78232774491466,0.0122128921543395,0.021057506793759,0.00399112321945647,1.06337181950136e-05,0.0460537654180294,0.0440458469924244,0.0903004867891365
"image_00050.jpg",0.332620628162033,0.00984115780907356,0.0248182896483733,0.00984115780907356,0.399126046876522,0.127560432126153,0.086255218899174,0.0099370686695973
"image_00051.jpg",0.396829222964251,0.0121496465840454,0.0196341634630073,0.0187798976075934,0.175261601286977,0.00995848396892956,0.112116002557103,0.255270981568094
"image_00052.jpg",0.690825454980141,0.00517945091456054,0.128076968801603,0.00836785029278513,1.01365745159776e-05,0.0125622390087685,0.0406486320036211,0.114329267424004
"image_00053.jpg",0.735440622559183,0.116307146921793,0.0141962912270708,0.00964868518136596,1.01172826246261e-05,0.022988788729083,0.0189674932705669,0.0824408548283129
"image_00054.jpg",0.0171140661460726,0.000486204260734175,0.000584650021790825,0.975905206686735,1.04817290417196e-06,0.000374038196795735,0.00140634057958692,0.0041284459353811
"image_00055.jpg",0.741841835989777,0.00985752389514401,0.00985752389514401,0.0118719481169803,0.0120721335796227,0.00985752389514401,0.026323442813157,0.178318067815031
"image_00056.jpg",0.539288388545117,0.0329733119743809,0.0275789157329014,0.0274536928965335,0.0873915457425924,0.0728176348905865,0.057785297276081,0.154711212941807
"image_00057.jpg",0.859635892310803,0.0359294013860054,0.00343900965667947,0.0389974954837529,1.01546150549147e-05,0.013449668469335,0.00458413472225301,0.0439542433561169
"image_00058.jpg",0.556198586924506,0.00896836579418636,0.38596199918083,0.00356621547750833,1.20022539291604e-05,0.00940005482862176,0.00412854140502468,0.031764234135394
"image_00059.jpg",0.59246289229985,0.160572407538135,0.00349184506917891,0.00807935821582136,1.00909646543936e-05,0.184577570976298,0.0137499211516448,0.0370559137844182
"image_00060.jpg",0.750905628077279,0.0105956382358611,0.00980703433170206,0.0199875671975993,0.0241109540977035,0.00980703433170206,0.0279527360613736,0.14683340766678
"image_00061.jpg",0.27830871790748,0.0554939063977008,0.0250352356357644,0.0294901474176903,0.108361550133796,0.00998179729057894,0.0806001479306862,0.412728497286303
"image_00062.jpg",0.459652516312765,0.0128635449297949,0.032816735980069,0.0199331713413394,0.0949798571537576,0.00995413109461967,0.155747806900806,0.214052236286849
"image_00063.jpg",0.214942271028885,0.0221495378962418,0.0175710601506047,0.0187268119187139,0.642032361049629,0.0414900085096211,0.0184885907777452,0.0245993586685585
"image_00064.jpg",0.47165845550743,0.0146495877533933,0.010751723021442,0.00989899757591248,0.383063961650693,0.0154864942197651,0.0108036819721387,0.0836870982992255
"image_00065.jpg",0.536113578423906,0.00997457920021641,0.0291127972887975,0.029296789382902,0.245290064209281,0.0213962735430854,0.0695805405636399,0.0592353773881711
"image_00066.jpg",0.631736688672662,0.0375531307071269,0.056951318536913,0.0184064764416678,1.00298226573105e-05,0.0269895002146549,0.0176517833262342,0.210701072278084
"image_00067.jpg",0.773612858318056,0.03448583035469,0.00290553272840653,0.00344986804257054,1.00289549703807e-05,0.00385036821676884,0.00290596172595044,0.178779551658587
"image_00068.jpg",0.561755083889028,0.0970783556712795,0.033100097955331,0.0151399791199894,0.129832891977605,0.0252443180971021,0.0794662171297677,0.0583830561598972
"image_00069.jpg",0.848766905487929,0.0109504584196576,0.00869222073109853,0.00492597474628014,1.13907912664095e-05,0.0179514156310102,0.0190239069035628,0.0896777272891953
"image_00070.jpg",0.144601329744832,0.00525028530395763,0.00664667753107654,0.00541374670115735,1.00767458072476e-05,0.0138465603900865,0.0197361630067933,0.804495160576289
"image_00071.jpg",0.882778378818224,0.0933319469225787,0.00293911582845393,0.0031308875360766,1.01269800630341e-05,0.00335801274820574,0.00294114608837103,0.0115103850780265
"image_00072.jpg",0.0876613462167025,0.0214531132452018,0.0212098750723181,0.0130112166213566,0.718258587833714,0.0456646195480813,0.0381869337563413,0.0545543077062839
"image_00073.jpg",0.849953626090351,0.034363597416055,0.00825641064428411,0.00603017608364863,1.15485264352751e-05,0.0173992277394917,0.0037532107933877,0.0802322027063467
"image_00074.jpg",0.626817255336296,0.0289152906803435,0.0102899120976643,0.0130234397765954,0.289713725043251,0.0106477029472645,0.0107300737722994,0.00986260034628631
"image_00075.jpg",0.972945551402115,0.00382213370506307,0.00293114564655182,0.00292681464016275,1.00575525763182e-05,0.0106619584170599,0.0029220178152217,0.00378032082124948
"image_00076.jpg",0.60352903644944,0.0252742891593754,0.00364836153683716,0.00930230758913665,1.07972464980661e-05,0.0833334615045936,0.0301229277450747,0.244778818769045
"image_00077.jpg",0.621158490488526,0.0910392020448381,0.00991685982595386,0.0635640889471702,0.102285806528232,0.0259710392952041,0.042091617870936,0.0439728949991401
"image_00078.jpg",0.497871880800041,0.0110028083185793,0.0314138236928646,0.0620676844090954,0.266786265626364,0.0105195235948354,0.0287417995146593,0.0915962140435605
"image_00079.jpg",0.317525117464123,0.094396504818242,0.0208796396800223,0.0229087223630698,0.439726474925648,0.0288674106475345,0.0427064884095618,0.0329896416917993
"image_00080.jpg",0.75567138226088,0.0574414252103323,0.0255700052119402,0.0029883126878531,1.00292804154945e-05,0.00516646507751779,0.00487066584592102,0.14828171442514
"image_00081.jpg",0.766681591375087,0.0537800357919834,0.00980603381282254,0.00980603381282254,0.108747221033943,0.0315670165476962,0.00980603381282254,0.00980603381282254
"image_00082.jpg",0.0473915177146048,0.0194694171238892,0.0155204651555174,0.0247117647044827,0.577130898684456,0.0478936262978111,0.113625702279343,0.154256608039896
"image_00083.jpg",0.165829450781307,0.0205462110317492,0.0127499603559042,0.0241147077663041,0.553833691316611,0.102154626991906,0.0527009515519083,0.0680704002043105
"image_00084.jpg",0.167208132271341,0.0104472621420559,0.0114160187885063,0.0118982953494563,0.421837743785482,0.0456557780008873,0.0465447822334616,0.28499198742881
"image_00085.jpg",0.139502652408173,0.0244251641289822,0.06910510560266,0.00987722333005858,1.11909810616785e-05,0.00947410190534055,0.00333539539948054,0.744269166244244
"image_00086.jpg",0.216943255748625,0.0294994653189965,0.00297949500763882,0.00294294150519472,1.00291793511355e-05,0.00687971874676771,0.0442778697866836,0.696467224706742
"image_00087.jpg",0.875121221907864,0.00476468080544324,0.0114526223191176,0.00574312640413194,1.09623290297949e-05,0.083000065723244,0.00524571766944928,0.0146616028417196
"image_00088.jpg",0.288352290860194,0.153384448932781,0.00994295314540661,0.0291633353527817,0.066511795225808,0.318395090005865,0.0379293081028386,0.0963207783743246
"image_00089.jpg",0.65608996322365,0.00975653673633819,0.00975653673633819,0.00975653673633819,0.247638043583014,0.0140059565713001,0.016524684838846,0.0364717415741752
"image_00090.jpg",0.315888197502517,0.0784616678509359,0.0145128431685651,0.0302524765624872,0.205084170860566,0.142478649511974,0.108135347933493,0.105186646609462
"image_00091.jpg",0.857078126767178,0.0101413460695615,0.00350054399351573,0.00304500461114856,1.00561142603846e-05,0.0390531609527978,0.00937361852443684,0.0777981429671013
"image_00092.jpg",0.787610471063786,0.0484930202814936,0.013458054236008,0.00916996723281742,1.07238416618466e-05,0.101028702198014,0.00329321627306667,0.036935844873152
"image_00093.jpg",0.351299544145732,0.0426836616881156,0.0528398100139552,0.0426109235375641,0.351518889222707,0.00998059589553029,0.0484175983073629,0.100648977189033
"image_00094.jpg",0.736749411358427,0.0330506575908883,0.00824768643122631,0.00610900166261942,1.02631488336863e-05,0.0100113310468565,0.0198591585510849,0.185962490210064
"image_00095.jpg",0.0422223759879974,0.0112840584006963,0.00938995478365783,0.00299881607060126,1.00311196998188e-05,0.0800870323771229,0.0127290892873781,0.841278641972846
"image_00096.jpg",0.44728184246221,0.0497250096841643,0.0587256035811527,0.0774546982063143,0.172604838452489,0.0105743502516763,0.0579060993109441,0.12572755805105
"image_00097.jpg",0.14747083451444,0.034080212756198,0.0110228095335779,0.0246270998735382,0.261112152469609,0.0601632091163288,0.0802260313108473,0.381297650425461
"image_00098.jpg",0.0735734271503667,0.0363092002897051,0.00996460366158934,0.0362080949823858,0.426926854642989,0.102121095208897,0.124028448391069,0.190868275672998
"image_00099.jpg",0.521596870864543,0.131829342085618,0.00302748747709694,0.00829291189455752,1.01751417574084e-05,0.0270949856188832,0.0162441866058895,0.291904040311654
"image_00100.jpg",0.416584855953015,0.0109448443968376,0.0446934558076522,0.0296986871444499,0.34124067966014,0.00993861273765154,0.0511218298869784,0.0957770344132751
"image_00101.jpg",0.795002361077301,0.0496904862385144,0.00987265013784571,0.0130955533340556,0.0555967402174078,0.0375349423785404,0.00987265013784571,0.0293346164784894
"image_00102.jpg",0.898704270076138,0.0499644409799139,0.00297536070478198,0.00297611410886045,1.02036814064654e-05,0.0346540617533606,0.00297766190850755,0.0077378867870313
"image_00103.jpg",0.265179448982663,0.0135765398422161,0.0106643934064077,0.0143641593248607,0.392348280171987,0.0106371163658055,0.0140584228947017,0.279171639011358
"image_00104.jpg",0.449467338328223,0.100913284470274,0.0172664818173002,0.0117497158075036,0.224739458265262,0.0358412911528081,0.14784645779497,0.0121759723636592
"image_00105.jpg",0.674915281045108,0.128821043770465,0.0344788015751018,0.0160606752512051,1.00839400404601e-05,0.0179185763261502,0.0163292733671431,0.111466264724786
"image_00106.jpg",0.468149739280139,0.365784196941623,0.0213837752733667,0.0098334345018918,0.0098334345018918,0.077809969104281,0.0124187832725758,0.0347866671242311
"image_00107.jpg",0.465630107573759,0.0126504076740368,0.0441434973271759,0.0191877369882519,0.104047546572381,0.0526384210311039,0.0592684625750338,0.242433820258258
"image_00108.jpg",0.377985122047812,0.0152207328491952,0.0144336768243328,0.0141724622713406,0.529123795173593,0.0291967391492224,0.00993373584225214,0.00993373584225214
"image_00109.jpg",0.251842525345422,0.0285025540021588,0.0516896827264648,0.00996849342475138,0.0784431559901644,0.26088794065849,0.157941144772193,0.160724503080356
"image_00110.jpg",0.281607704734922,0.0256949208967735,0.0499357436312589,0.0562573862320966,0.272667112251482,0.127239921265519,0.0446667563188945,0.141930454669054
"image_00111.jpg",0.0862556710799154,0.0187152883468593,0.0105335220646841,0.0129104379926364,0.072874292124215,0.0438981287293792,0.0999528969166075,0.654859762745703
"image_00112.jpg",0.122385585641818,0.0412480567208873,0.0370339309726926,0.0650362903630058,0.132408889121025,0.132324746919121,0.153052041725128,0.316510458536322
"image_00113.jpg",0.21412121786447,0.0121602608135318,0.0114705004642986,0.00983734056970676,0.0279594626649644,0.00983734056970676,0.033277828911166,0.681336048142156
"image_00114.jpg",0.396415016688812,0.0169942193828942,0.0781028366114922,0.0100942708299394,0.0172049110875443,0.163500894159916,0.0846057926270258,0.233082058612376
"image_00115.jpg",0.706249284257684,0.0409776966460705,0.0963409215597197,0.00307544847782171,1.03027665918684e-05,0.0413236089891754,0.00424289616163886,0.107779841141298
"image_00116.jpg",0.184740485327861,0.0344236440324814,0.0360170725814214,0.00995322338177448,0.590203212815504,0.016275019141557,0.0343461007235283,0.0940412419958718
"image_00117.jpg",0.767044203423067,0.0304041131872582,0.0106559495795881,0.0103886757156439,1.00556854604577e-05,0.0221197596738464,0.0280850535024494,0.131292189232687
"image_00118.jpg",0.220616264844909,0.0206578570601853,0.0110207720013449,0.0184973408979566,0.287943423388497,0.016963365030348,0.131981559059999,0.29231941771676
"image_00119.jpg",0.620179225482028,0.0361972620828216,0.0163480798226552,0.0459621209089763,0.12434754722343,0.0637097397206859,0.0275389393069898,0.0657170854524133
"image_00120.jpg",0.215935360745627,0.0211349144760108,0.0103627911894114,0.018253023895862,0.181724843316621,0.0545883933244471,0.0773540573266106,0.420646615725411
"image_00121.jpg",0.210723320304153,0.0177567851225253,0.0227592452621463,0.0218722210994932,0.560250635802668,0.0666845717146328,0.0546654299337235,0.0452877907606583
"image_00122.jpg",0.464689629110407,0.0109075647243522,0.00352038388152596,0.0091639945063699,1.02578663762135e-05,0.029759730589533,0.00532556739623169,0.476622871925204
"image_00123.jpg",0.838722779311934,0.0209409067621834,0.0184340399362156,0.00542758257651285,1.05020297743034e-05,0.0519554359873292,0.0437942521885121,0.020714501207539
"image_00124.jpg",0.706875160008411,0.0685773223299262,0.0738899965194894,0.00308128607546971,1.00293411500365e-05,0.00590935487770645,0.004622139209961,0.137034711637886
"image_00125.jpg",0.265720421565356,0.0136885699904922,0.0171542243447644,0.0156456941041745,0.570661608656443,0.0705077616161463,0.0180953244164265,0.0285263953061973
"image_00126.jpg",0.349364926102748,0.0155489049015747,0.0282557742762657,0.0314490776595844,0.436198683697322,0.0321981282771896,0.0300646452726492,0.0769198598126667
"image_00127.jpg",0.521808480030529,0.00994490551561304,0.0253968897201904,0.0260644039676244,0.234838571311951,0.0205672084733811,0.0309830935712596,0.130396447409452
"image_00128.jpg",0.428820475137172,0.0200388645380206,0.028602436131618,0.0341150136028988,0.355613230996546,0.0349798667524378,0.0436288918487259,0.0542012209925813
"image_00129.jpg",0.773480137874642,0.0282050733936481,0.00592664653488146,0.00380626171304888,1.27723807733215e-05,0.170885888073333,0.0124963188055543,0.00518690122411932
"image_00130.jpg",0.00449173739654005,0.00331060131000976,0.000504437872041184,0.988650471789172,1.18028679559091e-06,0.00115113823323559,0.00115802648905946,0.000732406623145978
"image_00131.jpg",0.259383842183736,0.0227322279351201,0.00994892987132408,0.0124531432610198,0.197856839810854,0.0303646259496308,0.129287209255876,0.337973181732439
"image_00132.jpg",0.370310201639658,0.0427083090595755,0.00327702705398438,0.00291798371830799,1.00290790132094e-05,0.00292593887805771,0.00295335336461772,0.574897157206786
"image_00133.jpg",0.295764042136628,0.0403525920004304,0.0203123897015864,0.0114455846377005,0.408193794402048,0.0320964276710081,0.0208708773035106,0.170964292147088
"image_00134.jpg",0.0501964943695586,0.027765935920834,0.0112868904790103,0.0239495949117561,0.246478256923782,0.0749587259609615,0.210986924891885,0.354377176542213
"image_00135.jpg",0.438674137178983,0.010281359548317,0.0164549251152545,0.0330261305026577,0.0279318736632947,0.0107439642037167,0.0378876414645058,0.424999968323271
"image_00136.jpg",0.646009717317965,0.0037963969207034,0.0221937646379627,0.263167235368135,1.01588788290642e-05,0.0109135146714602,0.0117680310935414,0.0421411811114028
"image_00137.jpg",0.915455560422835,0.00822438690836484,0.00593238351992141,0.00370046882226541,1.00498695102818e-05,0.00698719507722945,0.0187181290964074,0.0409718262834663
"image_00138.jpg",0.442843477208888,0.012414375702195,0.0298871030847975,0.0350152871913857,0.0507354294788394,0.00989949240327398,0.138182931986032,0.281021902944588
"image_00139.jpg",0.660531948841492,0.013654133993143,0.0098692157051656,0.0177146809268677,0.0247338460132725,0.011598082913988,0.0206028394033895,0.241295252202682
"image_00140.jpg",0.667432931525264,0.00990105093005255,0.0125072094142754,0.0247559386423585,0.0601705153204358,0.0185863250247583,0.0513236991420233,0.155322330000832
"image_00141.jpg",0.511170694965771,0.00760913244882495,0.0032799775930885,0.00292566266083061,1.00876370033651e-05,0.00389557569673951,0.00292885853183157,0.46818001046591
"image_00142.jpg",0.40037669212333,0.0392306684539057,0.106086600583723,0.00411007731387257,1.01119585501548e-05,0.271824867656827,0.00429606965262628,0.174064912257166
"image_00143.jpg",0.0831463948781926,0.0290760230195613,0.0115055342094281,0.0130243272447398,0.166912113720045,0.0358944716479457,0.111783429660848,0.548657705619239
"image_00144.jpg",0.339992514318129,0.0392848996661613,0.00996244648021848,0.00996244648021848,0.522629065111219,0.0424988361156921,0.0108737959070791,0.0247959959212827
"image_00145.jpg",0.725714425450172,0.00967024419927254,0.00967024419927254,0.00967024419927254,0.216264109354192,0.00967024419927254,0.00967024419927254,0.00967024419927254
"image_00146.jpg",0.755514672431917,0.0549607878433324,0.0583678889619548,0.0136856958903082,1.00907182927192e-05,0.0223537296229717,0.0121912583318982,0.0829158761993251
"image_00147.jpg",0.458775697372991,0.0271341090671598,0.00294982341050609,0.0029497254810012,1.00416932620134e-05,0.00488846691098787,0.00385442070425511,0.499437715359837
"image_00148.jpg",0.198069376058744,0.0495432012543119,0.0171285795528783,0.0430905440591495,0.317136410066347,0.0485905495429767,0.0739326727835032,0.252508666682089
"image_00149.jpg",0.125060696273102,0.0587123594596095,0.0499750689129785,0.0810524361904071,0.327738935887194,0.00993985899539558,0.039141766998629,0.308378877282684
"image_00150.jpg",0.30560184602522,0.0166660475156454,0.0121672319467764,0.0139505726264145,0.570225767541297,0.035612180348151,0.0162650563420603,0.0295112976544359
"image_00151.jpg",0.545950938160266,0.0112054424219271,0.00330236612189122,0.00374285728405351,1.05565544845133e-05,0.270290163405112,0.0291412410211356,0.13635643503113
"image_00152.jpg",0.78872850914896,0.023438445510435,0.00657635595157615,0.00496263109899671,1.15239119788505e-05,0.0327560901066388,0.0204382185354604,0.123088225735955
"image_00153.jpg",0.910776395078937,0.00469806530403371,0.00410521148426702,0.00318625885703519,1.07873223159882e-05,0.0413092663168528,0.0260675622990136,0.00984645333754428
"image_00154.jpg",0.0449821752283798,0.0177639665514148,0.0147722091414409,0.0185541928390162,0.390470467148408,0.0700672598243548,0.164641420553084,0.278748308713901
"image_00155.jpg",0.484773755524849,0.0289259190009315,0.0249177692689997,0.0373767093171996,0.337368756847107,0.0288949599758527,0.0362184858286712,0.0215236442363896
"image_00156.jpg",0.545758671723842,0.0506436272608139,0.0293805388839264,0.0251039931098169,0.263469878294236,0.0628153447801141,0.0121644466838604,0.0106634992633904
"image_00157.jpg",0.464938499555807,0.0482543234041974,0.0140401122861839,0.018449723445625,0.0982991777616135,0.00992891363905618,0.0643423041054154,0.281746945802101
"image_00158.jpg",0.357031445519479,0.0551812102181864,0.0270643566378197,0.0643824070647171,0.144713500692761,0.19224113002095,0.0107435755112145,0.148642374334872
"image_00159.jpg",0.814550097241582,0.0653879930154671,0.00529253691186684,0.0115416515185564,1.02947283830412e-05,0.00899263817410518,0.0413572420842373,0.0528675463258025
"image_00160.jpg",0.795191869599434,0.00997201428334343,0.013543807189838,0.02841389779554,0.0125414531262812,0.0374160886466559,0.0543398921754115,0.0485809771834961
"image_00161.jpg",0.300557695082285,0.033730434321215,0.0167110958513548,0.0148802135053963,0.557330802709956,0.0552008603531765,0.0116882810169613,0.00990061715965594
"image_00162.jpg",0.847202382056115,0.0540553272042119,0.00517107343140795,0.0038268699338206,1.09718877443197e-05,0.0458866865388004,0.0210816307993509,0.0227650581485491
"image_00163.jpg",0.411717014772049,0.0150310928038839,0.0243256694611902,0.0337467844471476,0.409012156075678,0.0140329171316112,0.0141344666793402,0.0779998986291003
"image_00164.jpg",0.0112477660167822,0.00101944254818036,0.000921929254757864,0.000405314972623425,9.94182128740468e-07,0.962311731735389,0.0128091638805014,0.0112836574096371
"image_00165.jpg",0.388775306769549,0.219543221460518,0.0320482219480511,0.00309847585398782,1.05504959101229e-05,0.0119667977760888,0.00309828768653885,0.341459138009357
"image_00166.jpg",0.0585930960096267,0.0163144681369154,0.0143909269790722,0.0251413240974956,0.314580692856342,0.0763183325763513,0.111221601518693,0.383439557825503
"image_00167.jpg",0.948584736348012,0.00528268760824195,0.00467745904954005,0.00417259629366358,1.23016828269436e-05,0.0225623396396652,0.00934910079748173,0.00535877858056841
"image_00168.jpg",0.522725206863294,0.0419960003811076,0.0566427273825824,0.0689440609175487,0.152732044289264,0.0186375868189455,0.0452902010942576,0.0930321722530006
"image_00169.jpg",0.481487118880298,0.0124104975967222,0.0212285939629913,0.0346251311853663,0.217540969098442,0.101724006772051,0.0974084088916733,0.0335752736124556
"image_00170.jpg",0.406230758555067,0.130269636560733,0.0471729258304082,0.146779761948823,0.046235185504048,0.0247514697003693,0.0910601735296755,0.107500088370876
"image_00171.jpg",0.441105307903627,0.00988652434538561,0.0101960130722322,0.00988652434538561,0.431376921195553,0.0144080520038895,0.011581624978588,0.0715590321553392
"image_00172.jpg",0.203692589559666,0.0299690804937161,0.0941621875900393,0.0242922349760787,0.487582074179859,0.0251449585065835,0.0739773930722521,0.0611794816218056
"image_00173.jpg",0.119904931116562,0.0640160157973488,0.0134671353625535,0.0435057825844978,0.391011656393754,0.22021780873808,0.117606542567552,0.0302701274396523
"image_00174.jpg",0.0832859894785303,0.032976649766272,0.00485396519807105,0.00841509192390986,1.08525490998535e-05,0.111171995748974,0.0402477474309931,0.71903770790415
"image_00175.jpg",0.841981041780023,0.0245652109973394,0.00404028639936906,0.00308393589345371,1.03331623032762e-05,0.0265588124265523,0.00430994317977952,0.0954504361611793
"image_00176.jpg",0.86713978965948,0.102141461936806,0.00324832463669097,0.00306057317834144,1.02835473359796e-05,0.00526426776191762,0.00302986436230135,0.0161054349171261
"image_00177.jpg",0.57690496584265,0.110691667036498,0.00448053677848611,0.0172989543888341,1.17736827001847e-05,0.223582126459663,0.0265309345384512,0.040499041272717
"image_00178.jpg",0.197914261540668,0.0817685655971257,0.0514183435300208,0.0722915093829086,0.183011197271808,0.0196378424058817,0.0566895750917078,0.337268705179879
"image_00179.jpg",0.644842079493656,0.0454807184673361,0.100716684149955,0.00473868131803149,1.0078447143023e-05,0.00785093335189301,0.00502633553096219,0.191334489241023
"image_00180.jpg",0.697175997145465,0.0509019385784639,0.0242266037073944,0.0511531786817315,0.113028916578339,0.0437075972371573,0.00990288403572475,0.00990288403572475
"image_00181.jpg",0.246359455358372,0.0594833648892004,0.0131989472158196,0.0141426489406116,0.543622976656661,0.0972160819607103,0.0159564071255826,0.0100201178530422
"image_00182.jpg",0.18082956380304,0.0115930750912482,0.0143259726451646,0.0133732240944211,0.737871533422271,0.0142934303728253,0.0178581363288274,0.00985506424220173
"image_00183.jpg",0.146532922914798,0.0200045071448891,0.0101655949790885,0.0120328301507694,0.124888755322872,0.0231920098777555,0.102145690423457,0.561037689186371
"image_00184.jpg",0.265469100962867,0.00884992884905306,0.366452396004135,0.0079989370851136,1.01349195518905e-05,0.00394061844268105,0.237279693572762,0.109999190163837
"image_00185.jpg",0.201233452501541,0.0163658941309226,0.0204904690808243,0.00999035575864482,0.624078649709455,0.0794943855182089,0.0273868971156932,0.0209598961847108
"image_00186.jpg",0.669696215093629,0.0189729815561001,0.0140115080198127,0.00860041395046416,1.06271122005372e-05,0.0195258861282606,0.0818855551893743,0.187296812950159
"image_00187.jpg",0.139958886467552,0.0204426233784951,0.0111367840730605,0.0213001013750143,0.627141199279596,0.0780510445192788,0.080682023307673,0.0212873375993307
"image_00188.jpg",0.110544805789333,0.0576079791842504,0.0142297587968196,0.0298291466189638,0.17490341131559,0.0299313723078265,0.102579170455618,0.480374355531599
"image_00189.jpg",0.744073479575325,0.0183374608250089,0.0105035059280912,0.0030318448074945,1.01890335305437e-05,0.00463426295442786,0.0166007663697749,0.202808490506347
"image_00190.jpg",0.210456785207453,0.018675566820905,0.323017070543848,0.012852208951033,0.0328962210945722,0.147392702749412,0.107669906848822,0.147039537783954
"image_00191.jpg",0.721552487491974,0.0162586894916177,0.00981358619967662,0.0127410385104813,0.0190539489455445,0.0230391797360808,0.0100223174736574,0.187518752150968
"image_00192.jpg",0.23637311399285,0.0116738735060188,0.0268867447801316,0.0319976650775049,0.317271903811485,0.0154033900664419,0.0196215589984531,0.340771749767115
"image_00193.jpg",0.356791836345312,0.0136004368692733,0.0355638905572401,0.0256683498571144,0.482594948391547,0.0384879426026052,0.027231573855668,0.0200610215212404
"image_00194.jpg",0.437078604925244,0.0865108444642845,0.0650682934810961,0.00864465359500665,1.07036228251851e-05,0.0354834688803427,0.0100366734945434,0.357166757536657
"image_00195.jpg",0.544210555449716,0.0271632653868377,0.0287291478638501,0.0474828390531944,0.130170245269127,0.0156439841449419,0.0422443712037907,0.164355591628543
"image_00196.jpg",0.972612841969819,0.00352546849695948,0.00291456471877072,0.00291456453824292,1.00290450700874e-05,0.0121735181724089,0.00291456451479781,0.00293444854393125
"image_00197.jpg",0.0889100330566215,0.133252117412678,0.0125577958166383,0.0554514864181243,0.280508449992956,0.23440181488648,0.114781104225859,0.0801371981906426
"image_00198.jpg",0.226374079531804,0.0387016674006505,0.0777955126459531,0.00321361489804196,1.01476700721968e-05,0.0103181788808866,0.0201308974078394,0.623455901564753
"image_00199.jpg",0.299871645862999,0.109349291106131,0.139133741716222,0.090541693773265,1.02068359855491e-05,0.0726927181833176,0.0656160483232946,0.222784654198785
"image_00200.jpg",0.725606200782416,0.0099858152919264,0.0223861657424245,0.0248551972391155,0.0582257744244309,0.0214645461928598,0.0381012113673435,0.0993750889594836
"image_00201.jpg",0.100674974116513,0.0288494513593807,0.0118997635353856,0.016574993009248,0.222105849846478,0.176747565235483,0.0804813082069723,0.362666094690539
"image_00202.jpg",0.804980106700966,0.0158007592001307,0.0165899272643768,0.00583556475337867,1.03377365808778e-05,0.0224955591353795,0.031724862553947,0.102562882655241
"image_00203.jpg",0.206669320388097,0.00311449446938857,0.00304821714123187,0.00387157846936581,1.00587083697901e-05,0.0160657934940284,0.00923273421359618,0.757987803115923
"image_00204.jpg",0.395484813762486,0.0110820436481439,0.0381729378337438,0.0516649104785758,0.135369151068057,0.0200235885293664,0.0510115765023771,0.29719097817725
"image_00205.jpg",0.12829237467093,0.0275438139984533,0.0170005020229469,0.015082764481439,0.383422688721225,0.0301442473106185,0.211898007091011,0.186615601703376
"image_00206.jpg",0.776953007595099,0.0102164397324817,0.0731872122227879,0.0118842867842263,1.04296995790546e-05,0.0110897988777249,0.0233331643097207,0.0933256607783808
"image_00207.jpg",0.188973932842049,0.0247261700346063,0.0231477403258511,0.0197122445618489,0.221599250309558,0.0648913399994899,0.185267239205131,0.271682082721466
"image_00208.jpg",0.849414573629218,0.0171204106513338,0.0849648039318976,0.00322152632827695,1.07742024937768e-05,0.00384536166307822,0.00331599449046548,0.038106555103236
"image_00209.jpg",0.8392328111395,0.0327180975532064,0.00302559509847988,0.00302543419301637,1.01600472424458e-05,0.0179368550847363,0.00547044015122619,0.0985806067325929
"image_00210.jpg",0.146008919555989,0.0111004732192557,0.0890897092199343,0.0108474659512596,0.528148235409999,0.0144481287982346,0.178487425425124,0.0218696424202032
"image_00211.jpg",0.856378267744593,0.0315961743855568,0.00379643775461666,0.0181034411837212,1.00829378839857e-05,0.0304267742292918,0.0383439244281083,0.0213448973362279
"image_00212.jpg",0.773852005834808,0.0107174545759594,0.0098557478813163,0.0098557478813163,0.125858819710916,0.0485721826739628,0.011432293560405,0.0098557478813163
"image_00213.jpg",0.668000606505085,0.0120543962882775,0.0115150161643357,0.00977198264170725,0.257768577987278,0.00977198264170725,0.0113327512148298,0.0197846865567798
"image_00214.jpg",0.569954057571383,0.0136739420823411,0.00984500662347733,0.0169993710121952,0.0193534015917436,0.00984500662347733,0.0279922853686677,0.332336929126714
"image_00215.jpg",0.328024019039454,0.0645946317716691,0.0422938349840046,0.0333886079782369,0.289955189313377,0.0099658217757857,0.0829676176387178,0.148810277498755
"image_00216.jpg",0.709078634859014,0.112345706550309,0.00538777918864457,0.0391246298076387,1.00712823695678e-05,0.00366691729015596,0.0400279411967094,0.0903583198251585
"image_00217.jpg",0.470452478920424,0.0188141942702142,0.00993820106992408,0.00993820106992408,0.444233065882361,0.0225476346229801,0.0103685996964161,0.0137076244677558
"image_00218.jpg",0.241116252642845,0.0186624821662311,0.0385274535303463,0.0352400302690827,0.303850429153751,0.00994796775504436,0.0514812261162941,0.301174158366405
"image_00219.jpg",0.127703404370622,0.00987953541014283,0.0262071692005449,0.00987953541014283,0.639366797812322,0.0960498850341693,0.0637883033330787,0.0271253694289777
"image_00220.jpg",0.678690679798838,0.0261257063372124,0.150133802622712,0.00550685849057519,1.01139629304062e-05,0.018664228455925,0.00949545005460114,0.111373160277206
"image_00221.jpg",0.823913813434062,0.0148147852450806,0.0109836332831705,0.0144945589576102,1.07051915966829e-05,0.124375916405592,0.00427162127003969,0.00713496621284763
"image_00222.jpg",0.00507224468621365,0.0015538582532654,0.00168198474867973,0.988874110277333,1.18440527680054e-06,0.000948034473870278,0.00104041711579929,0.000828166039561647
"image_00223.jpg",0.245727601311744,0.0299226999018943,0.0346467730332544,0.0244380622048087,0.295628675996816,0.0765222277427857,0.0561137896232686,0.237000170185428
"image_00224.jpg",0.827456704764278,0.00983497874632889,0.00983497874632889,0.0163479942818395,0.0351575843778149,0.00983497874632889,0.033279776917138,0.0582530034199428
"image_00225.jpg",0.305853217982558,0.130660593570401,0.027775234555746,0.0209229742274522,0.381818011580965,0.0856675133508296,0.0256245881438436,0.0216778665882041
"image_00226.jpg",0.247576567807531,0.0260606125778727,0.0193571858316969,0.00995197659118573,0.59381643125075,0.0302725326933286,0.0626158703471635,0.0103488229004713
"image_00227.jpg",0.153444938814567,0.0278655241917042,0.0208412657564951,0.0146827647366459,0.0877966792850424,0.0636640713110942,0.198465469940816,0.433239285963635
"image_00228.jpg",0.586096106376096,0.0098593877005321,0.0098593877005321,0.0098593877005321,0.25159764432625,0.0706246457426951,0.0158530288268579,0.0462504116265044
"image_00229.jpg",0.848932896882859,0.00328777347916532,0.0059197213923339,0.0071115997568696,1.09025792479389e-05,0.0986892920902105,0.00407461745403616,0.0319731963652778
"image_00230.jpg",0.126435600606528,0.0370647504703008,0.0154468683276061,0.0121027517820077,0.0837205862410094,0.0820258698225588,0.0564460052300415,0.586757567519948
"image_00231.jpg",0.134069256403023,0.0044078677461625,0.0117050432496912,0.0102177150722943,1.01511935464002e-05,0.00700725657589917,0.0612776693763409,0.771305040383042
"image_00232.jpg",0.546280378975901,0.190965829501504,0.0353457654328191,0.0492985541997244,0.0998014053348331,0.0321218740928937,0.00998740168300068,0.0361987907793247
"image_00233.jpg",0.659437437644404,0.0970140981082714,0.100872663628955,0.0039784375345203,1.00292356644224e-05,0.00385308057467625,0.00293339639619158,0.131900856877317
"image_00234.jpg",0.475072742298588,0.0164263447604319,0.0105234445641943,0.00547687278882208,1.04109686010599e-05,0.0310350216347166,0.0492257455338273,0.412229417450819
"image_00235.jpg",0.517160927902465,0.0201614246857113,0.00978855323869813,0.00664415915508107,1.19794289526927e-05,0.41455042769068,0.00823096566049377,0.0234515622379178
