"ALB","BET","DOL","LAG","NoF","OTHER","SHARK","YFT","image"
5.76887528455336e-05,2.83998506868614e-06,0.000137571332022067,7.70613103758189e-07,0.999787008881779,4.75598895438023e-06,1.67030822038388e-08,9.347743144699e-06,"img_00005.jpg"
0.996493695064938,0.000152595354639103,7.38565870431115e-06,0.000719285094659599,8.63089033693966e-05,0.00014042922898896,3.45238557987129e-06,0.00239684830912095,"img_00007.jpg"
0.851521681108531,0.0664703597359398,0.000852225310832469,0.00267501132993395,0.0131781066464071,0.046912188922455,0.00451640008605517,0.0138740268598453,"img_00009.jpg"
0.991196324376768,0.000185415658068048,0.00012130947115306,0.000380314230853746,0.000387240280573283,0.00569653781072863,2.380867990275e-05,0.00200904949195241,"img_00018.jpg"
0.624958207930684,0.00782531568259157,0.0202465724410465,0.00569919128789933,0.0076580653142924,0.150262123754787,0.00734294570700181,0.176007577881698,"img_00027.jpg"
0.710728520455378,0.0114659944229173,0.0030298105195493,0.00350449358256819,0.206222396426005,0.00947741411660073,0.0160989527600079,0.0394724177169726,"img_00030.jpg"
0.521584493249527,0.102192074507282,0.0114951356828338,0.00872886591082945,0.0152904703240696,0.0501729945521146,0.10384682798957,0.186689137783773,"img_00040.jpg"
0.999880071767465,3.39562457345392e-06,1.52010744678817e-07,3.62067336334021e-07,8.99024021595029e-05,1.09629993086109e-06,2.59472639704251e-08,2.49938805260993e-05,"img_00046.jpg"
0.996246145376448,0.000134850615725948,4.06460562517981e-05,0.00011674471450381,0.000481754938762013,0.00131423976534087,1.23471824902679e-05,0.00165327135047727,"img_00053.jpg"
0.812730303590884,0.00444366900361754,0.0025838260301439,0.142624875033659,0.0042212152706014,0.0265506296423766,0.00129177918626197,0.00555370224245469,"img_00071.jpg"
0.902792563941094,0.00588514637559736,0.00162065289038852,0.00305491121040789,0.0114876544696295,0.0662349794000408,0.00209414193659402,0.00682994977624818,"img_00075.jpg"
0.340427974853846,0.0212152286080713,0.00541936252303433,0.00263899228399607,0.00466931611693864,0.0174374277535259,0.0182591452996363,0.589932552560951,"img_00102.jpg"
0.797854222068911,0.0107676626530275,0.00784905969833623,0.00394769889483214,0.00475163305716493,0.117216967967343,0.00322834371374361,0.0543844119466409,"img_00103.jpg"
0.959942651474692,0.000275950444612105,0.00029543790172238,0.000203426113772083,0.00540706180361302,0.00117321363045032,4.02527023958406e-05,0.032662005928742,"img_00109.jpg"
0.0269963709377323,0.0277925731953958,0.0213511822648471,0.00162416650292162,0.660561609307759,0.00456311196403198,0.00786490181902267,0.249246084008289,"img_00119.jpg"
0.63375800809853,0.00244280597655601,0.00109901394845212,0.00096318823005069,0.00270806177343367,0.0108592130918424,0.000836367376321708,0.347333341504813,"img_00120.jpg"
0.930819558815166,0.00288854520362904,0.00187258689023509,0.0103347781671197,0.00575469154876663,0.0218844580632994,0.000704448920180335,0.0257409323916037,"img_00125.jpg"
0.00115835875817662,0.000590629471507927,0.00633007930475848,2.29253954095648e-06,0.000167724714116269,7.92176148723387e-05,0.000112124367686028,0.991559573229341,"img_00128.jpg"
0.5142399900618,0.204208885273252,0.00674561517399797,0.00818773497283445,0.0190680478270265,0.0239260547657804,0.0572936636175089,0.1663300083078,"img_00129.jpg"
0.107981246533478,0.0122382511806402,0.00713415968028404,0.00314398160009854,0.809662774197388,0.0142708918481891,0.0119757099142881,0.0335929850456333,"img_00133.jpg"
0.97955693940783,0.00410420743584635,0.000182596729828407,6.06609338164673e-05,0.00446623838325187,0.000337980916828477,7.25124002005087e-05,0.011218863792398,"img_00138.jpg"
0.00127922323410149,0.00683580321027204,0.0533329255444922,1.66684088139743e-05,0.000327284798228026,0.000717691710750179,1.33982203549376e-05,0.937477004872987,"img_00141.jpg"
0.0141557538025674,0.000200290952411462,0.00100874283154051,3.37739839752757e-05,5.95511865985529e-05,0.000425317514338655,6.99215087907022e-05,0.984046648219778,"img_00152.jpg"
0.000946192366945605,9.34093366724355e-08,1.67150145253195e-06,1.00342697582075e-08,1.07322677485755e-07,1.69025245858808e-07,1.51547270726533e-07,0.999051604792801,"img_00161.jpg"
0.0781793028744182,0.00163621933672745,0.000332743331688141,0.000251820306028157,0.911579051064632,0.000366416156542773,0.000161175397920535,0.00749327153204333,"img_00164.jpg"
0.998414480572083,0.000113220004206326,1.06665567702147e-05,0.000177696849969333,0.000504743014644387,0.000408063564083031,6.4338556640896e-06,0.00036469558258009,"img_00170.jpg"
0.141469296505019,0.00977215694119679,0.00646031205994228,0.0478719389554146,0.0107135885548768,0.776727934337247,0.00274047782549364,0.0042442948208102,"img_00171.jpg"
0.000213689542255391,2.49109123951335e-05,3.37269069821688e-05,1.27759735903255e-06,0.999710287124974,4.03966035737637e-06,3.74209996712117e-07,1.16940456798504e-05,"img_00172.jpg"
0.29462504172078,0.00556678476613631,0.00277047143236605,0.0227254218106188,0.00840084800327139,0.662162457760347,0.00136518729711485,0.00238378720936525,"img_00175.jpg"
0.620881628807869,0.0178158598590616,0.011914584360476,0.00806549580585971,0.0709225885464407,0.0368249365535573,0.0160633497667993,0.217511556299936,"img_00180.jpg"
0.0428555313861138,0.0724876976337448,0.0142477791327823,0.00280253790873733,0.461293675450749,0.00600325483481858,0.0135159850466883,0.386793538606366,"img_00196.jpg"
0.103465983744656,0.00300666317097482,0.000746364770834379,0.000129264558445909,0.000491077288632673,0.000494783848062037,0.00017431956466859,0.891491543053725,"img_00212.jpg"
0.981805829385613,0.00176947911522844,0.00254230828609679,0.000414935505602955,0.00218940441100414,0.00445312660184113,0.000182134869445656,0.00664278182516808,"img_00223.jpg"
0.920390733267115,0.00923378279196957,0.0026293164418548,0.0108989579618832,0.00937914307561943,0.0218414883451296,0.00305960299318172,0.022566975123247,"img_00230.jpg"
0.0110636763724499,0.0323362556704573,0.000562493256946993,0.00193167973568958,0.00256762095715504,0.002652958453258,0.934263627361803,0.0146216881922401,"img_00232.jpg"
0.990199823524767,0.00255299241488616,0.000249475120411592,0.00180372052728545,0.00338629314398523,0.00091546371973558,0.000152535752552107,0.000739695796376971,"img_00244.jpg"
0.914874381989178,0.00419604237622266,0.0252327552205808,0.00217731122521751,0.00419441712767165,0.0359818795991921,0.000437671428556642,0.0129055410333808,"img_00272.jpg"
0.782807196075154,0.001711788457933,0.00149554489447419,0.000425267211816628,0.206394109832339,0.00265634740805647,0.000992229646384633,0.00351751647384146,"img_00280.jpg"
0.188599696761368,0.0205399640287546,0.00833135413399022,0.0364978618810085,0.0130393927756062,0.725384783651575,0.00379303367094085,0.00381391309675663,"img_00282.jpg"
0.928984714683287,0.000672386473751333,0.0058676136772408,9.63943161804365e-05,0.000945826834024967,0.00559728592649875,0.000103777395449092,0.0577320006935678,"img_00285.jpg"
0.979063220918784,0.00145688403578466,0.000345541291657172,0.000343163283596386,0.0168804381054066,0.000596119155018445,0.000150621059127193,0.00116401215062614,"img_00289.jpg"
0.664578022901464,0.00609810672095577,0.000435896565188324,0.000287093025943643,0.000918467006561769,0.000711183572215136,0.000310911607349076,0.326660318600323,"img_00292.jpg"
0.550986648023735,0.143295273692828,0.0143275176775893,0.0134836889482476,0.0214481656769558,0.0372863656899275,0.0793516270402362,0.139820713250481,"img_00302.jpg"
0.998409322198408,0.000127720232870097,7.06685176641185e-06,8.0918591042097e-06,0.000960566949766388,0.000191811117382215,1.4352540937335e-06,0.000293985536609236,"img_00311.jpg"
0.981393246255288,0.00228259513988022,8.93690539468314e-05,0.000122577417052255,0.013540257683112,0.000361996472258198,0.000101262053697802,0.00210869592476476,"img_00320.jpg"
0.853594374590463,0.000527073495550944,0.000792705298920664,0.00663266476007367,0.00491974200028117,0.128763943704174,0.00270102701191042,0.00206846913862649,"img_00331.jpg"
0.753327773313921,0.00195139037748516,0.000790997507415427,0.000331428679986931,0.0010526628054311,0.0325052204598509,0.000856582985531473,0.209183943870378,"img_00358.jpg"
0.98403475827471,0.00522092171537015,0.000146556018532822,0.000955216903149335,0.00607219872014522,0.00105416985709787,8.31773858325386e-05,0.00243300112516219,"img_00374.jpg"
0.891748251171673,0.0178667999365871,0.00711866342403192,0.00282988887521258,0.0183946796843379,0.00385280874383101,0.00332844304157743,0.0548604651227494,"img_00375.jpg"
0.924913333697199,0.000616323680196832,0.000290279996092482,0.00115607981507115,0.00134911717933305,0.0644907506254614,0.000425760820011322,0.00675835418663517,"img_00376.jpg"
0.93037343155589,0.000970997599117675,0.00057882320635301,0.000496736273523089,0.00326518625593083,0.0610971355793336,0.000325245848882363,0.00289244368096949,"img_00380.jpg"
0.98136877612082,0.00175761321615624,0.000858224450925302,0.00576219523802669,0.00355767219985165,0.0024815442936489,0.000415212046721002,0.00379876243385055,"img_00383.jpg"
0.87561271981508,0.00239452074536367,0.000710085091344827,0.000812359883575402,0.0463779701427484,0.00455228480765259,0.00175626445071948,0.0677837950635159,"img_00398.jpg"
0.999969186614298,2.76940753214725e-06,7.11963540352532e-09,9.53369533054922e-07,1.2499315890111e-05,6.27621117256444e-06,2.06368783037396e-08,8.28732506071967e-06,"img_00407.jpg"
0.08025651033182,0.00190054751343173,0.000548497582926997,7.1634809091047e-05,0.000269888581429249,0.000187584970533092,0.000171794898099767,0.916593541312668,"img_00417.jpg"
0.540273221069646,0.015169292755347,0.0276131115935292,0.0142683407353459,0.364380030223934,0.0151469709000136,0.00409972901118609,0.0190493037109983,"img_00432.jpg"
0.0198775891643192,0.00381939257123766,0.0312075860341795,0.00141624390535526,0.0104097494130296,0.0235678294965683,0.0030493347197742,0.906652274695536,"img_00442.jpg"
0.978002377921459,0.00114072348227158,0.000407503745104041,0.00101220015455562,0.00831773065985104,0.00978439755396609,0.000117234139180749,0.00121783234361219,"img_00446.jpg"
0.990176678033535,0.00123737921834269,0.000175863921316447,0.000454120402704739,0.000954787319805474,0.00153791107304103,9.99443792183461e-05,0.00536331565203607,"img_00469.jpg"
0.989257961497496,0.000399831744492224,9.2592120929454e-05,5.43748388092427e-05,0.000940006634964183,0.000931482727307117,4.57224572278794e-05,0.00827802797877434,"img_00473.jpg"
0.972654325672346,0.00603796790801348,0.000405269202218374,0.000262648375696973,0.0124779894276856,0.000654348774506984,0.00036257671121714,0.00714487392831587,"img_00483.jpg"
0.911270475429278,0.0460201433384303,0.00162094692865057,0.00618569460428829,0.0110631350855971,0.0140260130981666,0.000901771656094893,0.00891181985949444,"img_00484.jpg"
0.932168193006501,0.00890725584097827,0.0151083605472252,0.000850272074081224,0.010977096686367,0.00568259019537541,0.00124859870109838,0.0250576329483739,"img_00486.jpg"
4.08142425779671e-06,1.38470541984797e-08,3.90709174028962e-08,7.55626689432303e-09,0.999995161719676,1.86594082094501e-09,4.6397439612298e-09,6.89876142690588e-07,"img_00487.jpg"
0.710983634947662,0.00335644347346464,0.000775413348585185,0.000565992109835805,0.273293488381687,0.00293452923540392,0.000518614804720095,0.00757188369864178,"img_00493.jpg"
0.999973421974137,1.95424149004194e-07,1.95579424941995e-09,1.17668560181577e-08,2.12650043415801e-05,4.36406332899136e-07,4.24107443533312e-10,4.66704428169496e-06,"img_00518.jpg"
0.455835305986376,0.00563138922069598,0.00103330957659988,0.000368591677381622,0.00121169826626265,0.00359415080769047,0.00317264568814523,0.529152908776849,"img_00533.jpg"
0.966517053802854,0.0123911793235101,0.00076333252381408,0.000697211365675666,0.0109879419283445,0.0013326545137642,0.00213194298221907,0.00517868355981799,"img_00538.jpg"
0.998692777298198,9.14558733811861e-05,2.38519086014568e-06,2.50428664240035e-06,0.000950126406092011,6.32445839333119e-05,5.55968769185511e-07,0.000196950392123583,"img_00543.jpg"
0.529140623568849,0.0145956903804572,0.0131793633529007,0.00260964984718144,0.419783540275461,0.00658748829464068,0.00332217034778653,0.0107814739327237,"img_00550.jpg"
0.999528722832181,1.51097201332047e-05,7.52679798126102e-07,8.49118010054918e-06,0.000193689077684609,0.000197342519480969,4.03298719327872e-07,5.54886919020844e-05,"img_00551.jpg"
0.00258839697821093,0.000110427604936404,0.000112001626486274,0.000403702492690338,0.996406318807454,0.000113297438806367,4.5294212546633e-05,0.000220560838869499,"img_00564.jpg"
0.864533049518524,0.000490553818287631,0.000452208551799778,0.000334925144628651,0.000980989330622699,0.0560140389634371,0.000854864983969921,0.0763393696887303,"img_00575.jpg"
0.976518014773044,0.00286030852060813,0.000677216188813388,0.00196904759348978,0.00096826428482082,0.00101644257857498,0.00026906527447746,0.0157216407861719,"img_00582.jpg"
0.724008973349044,0.00390841728224601,0.000287804360598693,0.00051304874768699,0.269027479579904,0.000905052331223335,0.00012178778596763,0.00122743656332903,"img_00584.jpg"
0.538794703408952,0.00841381307272902,0.0443734468620739,0.00427552676231137,0.00897292532817362,0.0848698116728612,0.00890503438664903,0.30139473850625,"img_00587.jpg"
0.464649205222682,0.0248357031206864,0.00841108671983522,0.00255704206410299,0.00856685666282558,0.0119832017091209,0.0234096399560861,0.455587264544661,"img_00590.jpg"
0.798914943698378,0.00147174614976946,0.0012042307318053,0.000565781213908251,0.00111725895051537,0.0122804363416169,0.0010458773350666,0.18339972557894,"img_00591.jpg"
0.997900474095663,0.000354373214467216,1.56933991951589e-05,3.82127455194975e-05,0.000613387014187562,0.000430774507754844,4.21186576228315e-06,0.000642873157449924,"img_00598.jpg"
0.848908029104705,0.00357454420708029,0.000573006025726462,0.000372490731341118,0.00415495586434531,0.0300223193239432,0.00382064196226699,0.108574012780592,"img_00599.jpg"
0.860627387784475,0.00138347932484463,0.00123109934535543,0.0108675044912178,0.0184350874343169,0.102128878267307,0.00155399595813573,0.00377256739434678,"img_00612.jpg"
0.984215892608087,0.001187325138209,3.48655738263861e-05,9.13619085378709e-05,0.0133340932622985,0.000296020561675341,3.0955515289393e-05,0.000809485432076854,"img_00618.jpg"
0.999706423962758,2.02543158382859e-05,1.90739757350697e-06,1.30505928034821e-05,0.000124811520775087,3.22694756997924e-05,5.19137638419722e-07,0.000100763596913535,"img_00620.jpg"
0.956785114659936,0.00153001049574083,0.000675033524311097,0.00510949122367282,0.00239768829256899,0.0232039855491487,0.000880758959674265,0.00941791729494736,"img_00642.jpg"
0.000538193986589152,3.28917624227567e-05,0.00181917538583207,2.46386829819434e-06,3.97227528414914e-05,0.000212023450448552,3.17775311473855e-06,0.997352351040453,"img_00646.jpg"
0.998290256344355,0.000111352730062471,4.30706922319967e-06,5.31583746839899e-06,0.00119188964301371,0.000119230484238708,9.73685697973925e-07,0.000276674205940713,"img_00648.jpg"
0.819935917337173,0.00729594737410764,0.00653931545501711,0.00769663622201017,0.0186902190401106,0.107953960341551,0.00418427633944817,0.0277037278905821,"img_00650.jpg"
0.742731934742938,0.0594501856702986,0.00291582263865023,0.00177910742778542,0.117538424055092,0.0012715144621444,0.00390768743113012,0.0704053235719611,"img_00654.jpg"
0.999716587552553,1.21605067514702e-05,1.09866519941936e-07,1.40849329188388e-07,0.000238559362632523,6.85187290320807e-06,6.17869434618069e-08,2.55282023668954e-05,"img_00664.jpg"
0.0327514222441383,0.0286644878944432,0.0155428011106233,0.00110376142966038,0.714201615119109,0.00173402597980755,0.00423534981493723,0.201766536407281,"img_00667.jpg"
0.0227181146782316,0.028522389712166,0.0191540794845915,0.00169171780691823,0.720311941428781,0.00458989638254569,0.00828252872341105,0.194729331783355,"img_00676.jpg"
0.00219280600830551,0.00283215585116806,0.0318312393146612,4.32643785344079e-06,0.000238608750005759,0.000144246449895048,3.050682614078e-05,0.96272611036197,"img_00697.jpg"
0.618133892620609,0.00658554849455537,0.00271563877515091,0.00284925884773818,0.0370023221287419,0.0711230246408608,0.018102413738336,0.243487900754008,"img_00708.jpg"
0.460596511631672,0.0384815808758152,0.0140384735713281,0.00548580733007597,0.101754517420393,0.112076398405073,0.0157768512192665,0.251789859546376,"img_00716.jpg"
0.870912564751827,0.101722638332083,0.00112241773188156,0.0111566838726731,0.00696844876263512,0.00365279344240746,0.000864056064114037,0.00360039704237867,"img_00717.jpg"
0.992281402385701,0.000209593089194465,5.19384204102987e-05,0.00119436950818627,0.00296658461880542,0.00222628179491891,6.41497968363588e-05,0.00100568038594775,"img_00718.jpg"
0.618335290786337,0.000983269979970952,0.000118835809175579,4.63092025631805e-05,0.378526733410172,0.000459007713771619,1.25548142549047e-05,0.00151799828375513,"img_00723.jpg"
0.678598387285748,0.00968531151708892,0.00898547672162057,0.00693683198789562,0.0688807763317813,0.0377464054985411,0.0518097555219783,0.137357055135346,"img_00724.jpg"
0.997414043939718,0.000186980304369991,2.02539636047098e-05,1.76634482439768e-05,0.00151252105967437,0.000169709267738616,9.16913789289207e-06,0.000669658878757677,"img_00726.jpg"
0.999537210291162,4.629717120504e-06,5.82579484235506e-08,1.24021934206607e-06,0.000440565739128883,5.15512769229565e-06,4.2077000121478e-08,1.10985706055662e-05,"img_00729.jpg"
0.651543507087223,0.00492860999360027,0.000617620106599436,0.000148348146899553,0.000763776997926178,0.0010430586862227,0.00182436444430402,0.339130714537224,"img_00730.jpg"
0.971470308527247,0.00348174127043405,0.00109846502379004,0.00291013420032033,0.00978850756238668,0.00467857956112775,0.000705422505193024,0.00586684134950062,"img_00757.jpg"
0.929309003734612,0.00322325877804339,0.000932877128566363,0.0189602647327807,0.00196589361138157,0.0390694260630267,0.000434135026766275,0.00610514092482297,"img_00760.jpg"
0.0587113834199255,0.0139815211261075,0.0108545033994262,0.00097311733883912,0.810549028928613,0.00125653840807155,0.00285561854619172,0.100818288832826,"img_00763.jpg"
0.00764362392336476,0.000287892422424732,0.00261432916268404,6.51711184847866e-06,8.03180254178445e-05,0.000164985205479495,1.71887275940688e-05,0.989185145421187,"img_00764.jpg"
0.764203033584605,0.0115999752677631,0.00539746298884942,0.00693904458106996,0.00305994032409463,0.155876219158101,0.00294724793314411,0.0499770761623723,"img_00765.jpg"
0.00110275447704454,0.000405922143944579,0.0173403760556613,3.85925788245845e-07,9.90778770999426e-06,8.48527082462889e-06,8.78116786477136e-07,0.98113129022224,"img_00772.jpg"
0.895164216488222,0.00815301283086444,0.0251158557833454,0.00971133898126692,0.013307526294507,0.0247733901382385,0.00145707708211099,0.0223175824014452,"img_00773.jpg"
0.98401498947249,0.00567036736534664,7.52838821728603e-05,0.000159365983763006,0.00202268835642266,0.00549777229140115,0.000193415262805166,0.00236611738559867,"img_00777.jpg"
0.0138706524149564,0.000307299955959067,0.00600880504494852,1.86965411670759e-05,0.00047929711218777,0.00104069316193939,4.32206716185885e-05,0.978231335097223,"img_00780.jpg"
0.998222271849045,0.000152555330541937,9.50889586571506e-06,2.47524190493923e-05,0.00050176955109862,0.000195922562396276,7.77188592708583e-06,0.000885447506076417,"img_00798.jpg"
0.994441244822845,0.000953229288089083,9.9222601935094e-05,0.000365117797046473,0.00108237943344263,0.00217005701270319,2.9520555673664e-05,0.00085922848826524,"img_00808.jpg"
0.992591721377955,0.000350547217898666,1.56663894778712e-05,5.06460813173898e-05,0.00552035688101084,0.000259146079881764,2.63335793177722e-05,0.00118558239314087,"img_00816.jpg"
0.026261175591899,0.0019583512842187,0.00119933509947246,0.000277311803704503,0.967432513781538,0.000790275308344894,0.00018094625160059,0.00190009087922226,"img_00828.jpg"
0.493160081682474,0.00349068663254398,0.00161212115106958,0.00145749251756583,0.0043415574547231,0.0119661888846391,0.00580709354043145,0.478164778136553,"img_00833.jpg"
0.992789474432162,4.62127328087116e-05,2.16815396747991e-06,3.64461115010681e-05,0.00708994349657398,1.53008679480956e-05,1.41233090665358e-06,1.90418741317213e-05,"img_00837.jpg"
0.567459149513262,0.0382485709434085,0.0125481331302727,0.0159137300924504,0.260137335252373,0.0372353834409875,0.00726140406385196,0.0611962935633942,"img_00855.jpg"
0.963325669221268,0.00315800359497557,0.000933238029843502,0.0010713045348908,0.0174939105999225,0.00727001217451601,0.00187469592289354,0.00487316592169023,"img_00857.jpg"
0.983165445472035,0.00280821242349428,0.00100604559580995,0.00235407628363707,0.00238396063788191,0.000810456820494563,0.000174869588414565,0.00729693317823255,"img_00858.jpg"
0.986130984524494,0.0084633811660362,0.000349880284575886,0.000215300870992312,0.00146998043553885,0.000510498192582236,0.000156275065237055,0.00270369946054356,"img_00865.jpg"
0.0190962496639755,0.0293354747204469,0.0336975576722787,0.00112253437640395,0.463883892743274,0.00617103809377743,0.0110698667465025,0.435623385983341,"img_00876.jpg"
0.0264254716422414,0.00443587218221753,0.321618661214729,9.78336513285777e-05,0.0102758632863167,0.00244755763205618,6.73160190077747e-05,0.634631424372103,"img_00889.jpg"
0.649084786220356,0.00966059222626755,0.00216315176387846,0.004673178586982,0.317357731674407,0.00202592526217452,0.00124917696981183,0.013785457296123,"img_00894.jpg"
0.0107973047840493,0.0361802377665776,0.000532552203262353,0.0020166030625925,0.00224206805136481,0.00281291137515643,0.932980537010603,0.0124377857463941,"img_00902.jpg"
0.0316822641256724,0.00357309718829903,0.0893041410471134,0.000329487294615204,0.0710539949181156,0.00278715827183003,0.000824665082930057,0.800445192071424,"img_00914.jpg"
0.701769153488679,0.00413302113054696,0.00688293307103412,0.00380279860242313,0.00659226265579918,0.0830132284128443,0.00497850911078815,0.188828093527885,"img_00921.jpg"
0.491875963441538,0.0241154851177662,0.00564092068347403,0.00486915029329027,0.0040188201543228,0.0393828456598225,0.0160126176454315,0.414084197004354,"img_00927.jpg"
0.984272143913462,0.00140318363394207,8.0573755356685e-05,5.58930367275708e-05,0.0120446772361345,0.000520172509813325,0.000134376981330615,0.00148897893323353,"img_00943.jpg"
0.794102759031101,0.00406312697840637,0.00170261364346939,0.000942993374108526,0.180830381584201,0.00431875378036793,0.00108691232398202,0.0129524592843642,"img_00948.jpg"
0.0441340411925379,0.000752236232463258,0.00421148871571492,0.000698377844643147,0.926195542176202,0.00901160828457735,0.000422462631161765,0.0145742429226997,"img_00950.jpg"
0.999842585755572,6.45280340654205e-07,1.44157843664782e-08,3.41024181012246e-07,0.000149012823407718,1.02636770149762e-06,3.22651466228159e-08,6.34206786588368e-06,"img_00959.jpg"
0.000639759362780896,0.000181237227332055,0.00467851185403934,4.59022993271257e-06,2.56512739272871e-05,9.39743823215779e-05,8.13211238838399e-05,0.994294954545782,"img_00962.jpg"
0.0721381366482708,0.0810477408886662,0.0246656668011581,0.00257879777277789,0.00536348798538784,0.00440254538437583,0.00288736776260415,0.806916256756759,"img_00964.jpg"
0.950791687836728,0.00368993733290001,0.000659643775877388,0.000389359309531477,0.0120030556638234,0.0023840820072306,0.000505248381786639,0.0295769856921224,"img_00966.jpg"
0.972992069595164,0.00512133636251314,0.000593998367362809,0.00279222367032529,0.00562711359904056,0.00723415271182258,0.000624015074068821,0.00501509061970311,"img_00974.jpg"
0.778403366366302,0.0188781733687176,0.015506962416938,0.0026517350746901,0.0148215320085025,0.059561927676746,0.00710489818634076,0.103071404901763,"img_00979.jpg"
0.45745639924161,0.120241473266412,0.00880461367344659,0.0036843427301676,0.357473224751113,0.00536126603842035,0.00923654065737601,0.0377421396414545,"img_00982.jpg"
0.641415921098231,0.0133992230261145,0.00061647616174869,0.000520394543232583,0.000428286578326464,0.00135370297051423,0.000953500960079768,0.341312494661753,"img_00985.jpg"
0.987174384428243,0.000416989949176737,0.000372273121001213,9.54507457088901e-05,0.000651282031387044,0.00265854549519143,8.25261320804111e-05,0.00854854809721152,"img_00999.jpg"
0.936563875751454,0.0127854126524378,0.00135363955307885,0.00766659448328355,0.014624349673619,0.00551871728035645,0.00247840647593605,0.0190090041298349,"img_01022.jpg"
0.891750788424437,0.00127330918573349,0.000593544827916149,0.00137883061411912,0.000431827218703757,0.103160083978274,0.000190957139200797,0.00122065861161596,"img_01031.jpg"
0.994365238817316,0.00211568564973806,2.63560324407697e-05,3.04800868299143e-05,0.0011754832801278,0.00128838578013456,8.46000129565953e-05,0.000913770340456557,"img_01035.jpg"
0.00800536954561667,0.000223910814289534,0.000123159902293892,0.000167268326955955,0.990567584077885,0.000272818030077106,0.000144146881442681,0.000495742421438912,"img_01043.jpg"
0.999459153540063,0.000112130067032828,4.74733925186813e-07,1.3574200763553e-06,6.30097135216652e-05,9.34382828498637e-06,4.42679478968843e-07,0.000354088017617037,"img_01058.jpg"
0.920750094092545,0.00247703178669438,0.000594058038856514,0.00214019148974653,0.0115729575885061,0.0488194938040868,0.000518692384834089,0.01312748081473,"img_01059.jpg"
0.775122242287795,0.0429081149148678,0.000504297202423919,0.000284261819792129,0.176058906566914,0.000456112240186732,0.000556175060437414,0.00410988990758297,"img_01090.jpg"
0.363748096811295,0.0759572286009035,0.0183547647914066,0.00518406115282793,0.400398709115328,0.00541536492588695,0.0066188316229101,0.124322942979441,"img_01102.jpg"
0.455127017806974,0.123461582675968,0.0232933701758652,0.0134754620562607,0.0273914368415699,0.00871601508165212,0.0161985420071846,0.332336573354526,"img_01103.jpg"
0.999135934357343,0.000114153613523569,4.09935331228634e-06,3.52164687266733e-05,0.000162594265880163,0.000223402608746182,4.5382307416201e-06,0.000320061101726315,"img_01116.jpg"
0.992674512751072,5.76262637482003e-05,2.83807260433348e-05,0.000244807279009509,0.000854260972130559,0.00598303649835906,6.42473695775516e-06,0.000150950772680077,"img_01134.jpg"
0.998813629531786,5.40753700253216e-05,1.368101578972e-06,9.15983146114635e-07,9.0427316560598e-05,1.2255512831537e-05,1.16607682973336e-06,0.00102616210724127,"img_01142.jpg"
0.203974023099431,0.0460269608395099,0.0267515976541459,0.0732297063985604,0.0448486186110163,0.495992504450294,0.0553531674162495,0.0538234215307935,"img_01168.jpg"
0.0660910827179264,0.0694828413199648,0.0147435874630416,0.00184561969585857,0.757624392819878,0.00259150437362896,0.00173393639181699,0.0858870352178842,"img_01171.jpg"
0.999075934158205,9.61272744534889e-05,9.40255625245303e-07,1.10138787551532e-06,7.16775256897649e-05,1.9633109307755e-05,4.53730989344842e-06,0.000730048978949868,"img_01177.jpg"
0.994658249028401,8.4499752687996e-05,4.53004180942916e-05,0.00261119351878061,0.000158043617082593,0.00192365165586164,5.99775761864413e-05,0.000459084432905229,"img_01179.jpg"
0.797061173993194,0.0156345372987536,0.00405912403513794,0.00606476190304382,0.00347545565452586,0.134672343055497,0.00170015276705449,0.0373324512927934,"img_01188.jpg"
0.667492404301369,0.00872560053081851,0.000758250271878655,0.000858553393660513,0.311259591647625,0.0026799997980867,0.0015540559400186,0.00667154411654359,"img_01198.jpg"
0.0307066552161331,0.0419258547534167,0.0176368777695283,0.0016402925187086,0.592388510111069,0.00387946158077535,0.0103952203123126,0.301427127738057,"img_01204.jpg"
0.0332911503836996,0.00492206458417997,0.0122272743657557,0.0022378872804471,0.90817604950744,0.0142493426234661,0.0068668030099669,0.0180294282450446,"img_01208.jpg"
0.960333368118377,0.00643755656768771,0.000772179622877701,0.00237216602886537,0.0139116104642848,0.0073003181830229,0.000924443143751141,0.00794835787113378,"img_01211.jpg"
0.995622150862993,2.67140018479248e-05,3.61597491837666e-06,1.71937407436077e-05,0.0032169529961325,0.000931297878593991,7.62485551254288e-07,0.000181312059219352,"img_01213.jpg"
0.781606856068883,0.0255725587090162,0.0140651527835787,0.0219641691881034,0.0422987702600077,0.0473263538709078,0.00879728934441395,0.0583688497750896,"img_01222.jpg"
0.761398825373448,0.0226936187681144,0.0212927130995179,0.00270489978101521,0.0437207017997895,0.0391097663403269,0.00884945623908229,0.100230018598706,"img_01224.jpg"
0.350557366108253,0.000854671110222201,0.00179121367910594,0.000561319700953812,0.640310653358149,0.0014987008810811,0.000658255373415111,0.00376781978882031,"img_01237.jpg"
0.0740604097527915,0.00744923886782194,0.00634393241374084,0.00788836643102338,0.883166478647336,0.00363990874942718,0.00297218899860215,0.0144794761392571,"img_01249.jpg"
0.00089413835669613,2.2581052902984e-06,2.38687955546704e-05,2.15129229418992e-07,2.91425365459234e-06,5.08632490117039e-06,5.26291545612135e-07,0.999070992743128,"img_01253.jpg"
0.825611640884377,0.0112037179884711,0.00180586543482391,0.00361452414532166,0.140366206612986,0.0039074333376199,0.00149480673044349,0.0119958048659569,"img_01286.jpg"
0.927909793137124,0.00170140306108981,0.000404360836508141,0.00200447233873191,0.00920204047016701,0.0543704717004608,0.000222379350486572,0.00418507910543129,"img_01289.jpg"
0.642401377421612,0.00829161613769346,0.00415384128930525,0.00129781644787682,0.296419594533589,0.00263563048138886,0.00142994652517393,0.0433701771633602,"img_01325.jpg"
0.976014915057666,0.00106557010645033,2.80911267119943e-05,0.000170284662246607,0.0197813121702964,0.00230512253097352,9.35898724337051e-06,0.00062534535841214,"img_01328.jpg"
0.247613665112229,0.00816564038673471,0.00342937243011381,0.0301877083660529,0.0094452016980201,0.696946309078978,0.00159568856894022,0.00261641435893136,"img_01366.jpg"
0.992421185878436,3.84247590818729e-05,2.38561692913284e-06,2.82846636129411e-06,0.0034677071502912,3.93271205939711e-05,1.58780102994809e-06,0.00402655320727697,"img_01371.jpg"
0.913383983680377,0.00469105640895479,0.000358596843282196,0.00109560353551163,0.0747244894696918,0.00255344892081476,0.000457791999914554,0.00273502914145305,"img_01373.jpg"
0.25131781304869,0.00141936812569865,0.000329953478539985,0.000130039901474222,0.741383672912468,0.000247194111103317,6.05678934022721e-05,0.00511139052862344,"img_01377.jpg"
0.970015520592262,0.0110415821743156,0.000383864435260032,0.000949292963756926,0.00309083409233161,0.00533780886049672,0.000340668156406436,0.00884042872517026,"img_01379.jpg"
0.456946560871534,0.0136033559187317,0.0241492703495558,0.00896643809317002,0.455408554167297,0.0143382188138517,0.00473635296243931,0.0218512488234201,"img_01384.jpg"
0.835042504198989,0.000726544580534234,0.000541828145761457,0.00256420802422076,0.0061041618547035,0.152735696564876,0.000251269414674213,0.00203378721624038,"img_01388.jpg"
0.0415902215700721,0.217399959719865,0.0115721519345295,0.000458384307718095,0.00373917142404816,0.00156955514159238,0.0051745647203959,0.718495991181779,"img_01392.jpg"
0.0414460509995099,0.509853309745943,0.0082771506945171,0.000339035222653987,0.000599413350221918,0.000949122804106318,0.0013210419578478,0.4372148752252,"img_01399.jpg"
0.997248304537424,6.04087485489255e-05,1.35701359200685e-05,0.000280136212412487,0.000139412485702605,0.00191199084518982,1.13773573205935e-05,0.000334799677481244,"img_01404.jpg"
0.845088864471318,0.00790906928047497,0.00796526967947015,0.0075610360505412,0.0215181980217555,0.0260540705953025,0.00130893137160157,0.0825945605295361,"img_01405.jpg"
0.996145096626924,0.000735820853548359,1.51509480160855e-05,0.00012716141828733,0.000836620438523943,0.00059334756412953,2.26877643130284e-05,0.00152411438625777,"img_01413.jpg"
0.618032760638112,0.243932195797275,0.00147752949678821,0.00220080672588801,0.0279316795662363,0.00650224177856995,0.0137869313745029,0.0861358546226275,"img_01426.jpg"
0.924293376590846,0.0223452665163363,0.00203570127080291,0.0139777243535791,0.00620238324970998,0.0187410986670204,0.00322173798939406,0.00918271136231106,"img_01431.jpg"
2.63643599700228e-05,2.39301823459114e-07,1.29654767546088e-06,1.23641926929704e-08,4.1948611366575e-09,6.19826507653275e-08,7.61725454643671e-10,0.999972020487101,"img_01441.jpg"
0.627804889844903,0.00624292795067637,0.00657704113538218,0.00414082636162235,0.047524501903763,0.0910759700177701,0.00388656288073724,0.212747279905146,"img_01444.jpg"
0.00914877403817788,0.00338853635052823,0.0311169343270981,0.000104902617571181,0.00072143772630214,0.00117141154144696,0.000474717511189611,0.953873285887686,"img_01490.jpg"
0.998900766915576,2.94862501394753e-05,4.91725536915721e-07,3.6572141083112e-06,4.31117016125419e-05,0.000182554275647699,1.68052165636323e-06,0.00083825139572226,"img_01495.jpg"
0.0429523198959793,0.0621979490232941,0.0201703041148534,0.00253881077747942,0.554990995845245,0.00631195051451892,0.00816970459226268,0.302667965236367,"img_01505.jpg"
0.994023761510505,0.000951231001764982,4.0966735254639e-05,0.000294736765874842,0.00202058409023534,0.00242119514241234,4.42009717574922e-05,0.000203323782195284,"img_01511.jpg"
0.757854319031511,0.0113218155628528,0.00808029795322993,0.0139930533149658,0.0115727509343979,0.132875544797772,0.0170917938835097,0.0472104245217609,"img_01519.jpg"
0.707350363121227,0.00578040629861822,0.00567013020400055,0.00208702434830903,0.248437992156318,0.00690758954957258,0.00402808786857474,0.0197384064533796,"img_01530.jpg"
0.682529746891295,0.0158352882295637,0.0101246345636362,0.00483788775852527,0.0174032053290927,0.0185440851534554,0.0029633245539128,0.247761827520519,"img_01537.jpg"
0.984916563736221,0.000340776394107761,3.97504012639925e-05,0.000316155221951509,0.000932298874252435,0.0131659462645938,2.24410748694519e-05,0.000266068032739734,"img_01538.jpg"
0.00330146309675546,5.72048973301285e-05,0.000105783729860489,1.40994597379031e-05,0.995907960740409,1.86879370593669e-05,1.00102406388657e-05,0.000584789898208933,"img_01541.jpg"
0.967882012836019,0.000720114431601859,6.21065964556113e-05,4.94736089156719e-05,0.0299520126071994,0.000221448678044732,3.89274160583514e-05,0.00107390382570496,"img_01543.jpg"
0.993789617586533,0.000291393769807099,2.47947395087083e-05,6.86757007572064e-05,0.00423449384621143,0.000289939272674725,2.56409959381694e-05,0.00127544408856932,"img_01548.jpg"
0.976250510519346,0.000994034889146646,0.000156050328404265,0.000257781953231043,0.0166361298308476,0.000868323277311792,0.000244943181092806,0.00459222602061969,"img_01552.jpg"
7.65706057153112e-06,6.54641836534863e-08,2.03653887848416e-06,9.01156164938168e-09,0.99998983835712,7.82933062407375e-08,8.2864056638512e-09,3.06987972746626e-07,"img_01561.jpg"
0.503497814397372,0.000569318880493826,0.000390020422150922,0.000174992036650529,0.000343473703456062,0.0019837989839013,0.0010489631355091,0.491991618440467,"img_01562.jpg"
0.989642627109687,0.000402916776775919,3.00017707086038e-05,3.72081012998631e-05,0.00771282671850097,0.000156884260932537,1.7295108437737e-05,0.0020002401536576,"img_01571.jpg"
0.896802319144115,0.00372537452854886,0.00836961819880086,0.000849894735977454,0.00535943409842207,0.0111118293140816,0.00135917552934954,0.0724223544507046,"img_01593.jpg"
0.00195544432774727,0.000798927525716895,0.00085989913375141,2.63539970478314e-05,0.993838257026473,5.68903600244608e-05,4.03752680417704e-05,0.00242385236119738,"img_01595.jpg"
0.623125286668777,0.0240102079472974,0.00648308717541399,0.00825503481759463,0.124805888515242,0.0259292448076016,0.151910327862374,0.0354809222057001,"img_01616.jpg"
0.998948515506976,0.000199416282843679,4.42092570421771e-06,5.34827110428551e-06,0.00016676746526283,0.000230361232788128,1.53094047783312e-06,0.000443639374843087,"img_01618.jpg"
0.999315924749823,4.6572070003494e-05,3.52924876890723e-07,5.34671832671277e-07,0.000576706652749835,2.09731910874322e-06,2.5550536340336e-07,5.75561062423492e-05,"img_01627.jpg"
0.988386408387114,0.00173402508605,5.18760233301308e-05,0.000105619455799116,0.00738130943232825,0.000518216037470009,6.71557951402716e-05,0.00175538978276868,"img_01632.jpg"
0.781340411764819,0.00271162311655368,0.00151792727660238,0.0102532294782825,0.0390277144487606,0.161868122996088,0.000857828428359184,0.00242314249053452,"img_01633.jpg"
0.999369931680541,6.07317745474115e-05,1.09724421451637e-06,1.57199796544888e-06,0.000374148627394545,5.1939528337048e-05,2.66787191483081e-07,0.000140312359809031,"img_01640.jpg"
0.990001763692395,0.00154782668066948,0.000142672070109703,0.000383566761731539,0.00103598642585733,0.000797290767888321,8.44560850211276e-05,0.00600643751632781,"img_01646.jpg"
0.716770160611276,0.0181866976130802,0.000563644142269301,0.000299981902113872,0.252182838258748,0.00209924844205589,0.00178361819717539,0.00811381083328126,"img_01647.jpg"
0.999563786789914,1.70750884492585e-05,3.57053833228035e-07,6.31795196417405e-07,0.000151674641212589,2.1108096930358e-05,7.64139550238193e-07,0.000244602394913628,"img_01649.jpg"
0.000842343335302243,0.00106761559659608,0.126711488428258,2.96431786517181e-06,9.2978498743488e-05,6.56695806148564e-05,1.26927262043846e-05,0.871204247516415,"img_01657.jpg"
0.948394896332246,0.00947906531380369,0.00114364063275481,0.00688694286331032,0.0048356539835354,0.0205328933136168,0.00201929319152571,0.00670761436920751,"img_01669.jpg"
0.990219539963676,1.66005816912815e-05,1.27584897678225e-06,3.72609517108317e-07,0.000165871662459054,2.64254362837644e-06,3.3271341436909e-07,0.009593364076637,"img_01673.jpg"
0.288107464049033,0.000230051152116231,0.000101684530716654,5.64279350039028e-06,6.94186794469588e-05,0.000253755858178616,3.81403317619075e-05,0.711193842605246,"img_01681.jpg"
0.488549450305429,0.0952125764698222,0.0273449480206587,0.0263319448902003,0.270380245609522,0.015872574598374,0.00759880179771902,0.0687094583082748,"img_01684.jpg"
0.371840463199586,0.00595806232766673,0.0358656699503324,0.00694795285894679,0.554717092817844,0.0100852798052285,0.00150694690455941,0.0130785321358359,"img_01685.jpg"
0.920950939247143,0.000404272470004337,0.000133535583475424,3.97264569170111e-05,0.00348308500477561,0.00215435819389172,6.19492790459016e-05,0.0727721337647474,"img_01687.jpg"
0.768877409242313,0.0150292126683088,0.0026571039885742,0.00685692954563128,0.0198381607374524,0.0978583402799384,0.00255371469042622,0.0863291288473555,"img_01688.jpg"
0.190539806338023,0.00159787364997233,0.00769114227737859,0.000257026330820324,0.00241412419468995,0.0149740570341385,0.000436990557120609,0.782088979617856,"img_01689.jpg"
0.00208485835388461,6.9007154768922e-05,9.06615027248803e-05,8.11395856000975e-06,0.997336295628163,3.83168443054468e-05,5.33284093246222e-06,0.000367413716660968,"img_01716.jpg"
0.601414948720341,0.000646682022689063,0.000102253791580907,4.74011981000417e-05,0.395079210211103,0.000695999943073605,1.80467054026819e-05,0.00199545740770902,"img_01717.jpg"
0.73424470861696,0.011630242245293,0.00965272866623402,0.00280566295342806,0.00907298044586044,0.00243482935298995,0.00124865942107892,0.228910188298156,"img_01724.jpg"
0.900542441426686,0.0256744356821773,0.00840305983905478,0.0121870254107014,0.0105888414673626,0.00979486903733541,0.00286736528257058,0.0299419618541118,"img_01745.jpg"
0.994662654239586,4.98796695705024e-05,9.2306118848597e-06,2.12291774295971e-05,0.00502412504868944,0.00017523909380124,1.00798034710715e-06,5.66341786912243e-05,"img_01771.jpg"
0.672297999018155,0.00243513163406558,0.00202004252342808,0.00113224272676614,0.00142270192340492,0.0116846251365127,0.000753765395129266,0.308253491642538,"img_01773.jpg"
0.528261007127425,0.0147111089158735,0.0122665175096112,0.00737752147246381,0.385684664451172,0.0129763545434666,0.0117429108592341,0.0269799151207539,"img_01781.jpg"
0.000863466250054823,0.000186335814124651,0.000206288493043958,1.17262091772795e-05,0.998107299310275,1.41246200170966e-05,5.69209174628906e-06,0.000605067211560391,"img_01782.jpg"
