"image","ALB","BET","DOL","LAG","NoF","OTHER","SHARK","YFT"
"img_00007.jpg",0.00284062473389842,0.00100796462065063,0.00025064562820741,0.000240115099526922,0.000998100950089852,9.81559853428275e-05,9.80745426854303e-05,0.994466318439599
"img_00009.jpg",0.665872808800308,0.0160036259047719,0.000109081462890276,0.000113626808328526,0.000998099552982757,0.316556744291664,0.000110253672279204,0.000235759506775052
"img_00018.jpg",0.577969808024232,0.0455120747114166,0.0154255855141908,0.00254656134793784,0.000998139652687585,0.35068489329406,0.000137043972037198,0.0067258934834373
"img_00027.jpg",0.16918988614204,0.0432160813389462,0.000452167707041862,0.000189999590921351,0.000998416442506623,0.0206138594724232,0.00126076797925526,0.764078821326866
"img_00053.jpg",0.686623159640099,0.00455883778144726,0.0109779331875427,0.000156765163015739,0.000998512314548943,0.295190144452468,0.000243129014744356,0.00125151844613374
"img_00071.jpg",0.00223279662288521,0.000230810970866235,0.000100443835786328,0.996045173404233,0.000998100905216202,0.000177123806580829,9.69963136540382e-05,0.000118554140778277
"img_00075.jpg",0.959624917813871,0.00277838681580969,0.00013192640364698,0.000404864659374392,0.000998936308803712,0.0259901976474522,0.000194357706033155,0.0098764126450086
"img_00102.jpg",0.0457142933840525,0.00104677747042672,0.000318664482595632,0.000119205269025296,0.000998136295193674,0.000675130052534939,0.000470476950526631,0.950657316095645
"img_00103.jpg",0.579830384287415,0.00980932640915076,0.122874133802549,0.00154139939308943,0.000998128830116401,0.27626774113221,0.00020488267573035,0.00847400346973994
"img_00109.jpg",0.922662568338802,0.059831733544088,0.000116080184347036,0.000100917467977469,0.000998105869585457,0.00538414275490647,0.00222077888569081,0.008685672954603
"img_00125.jpg",0.947118509556284,0.00210345261481973,0.000309828478898827,0.000143324463603054,0.000998101968131903,0.0178400690300307,0.000222129444815586,0.0312645844434162
"img_00128.jpg",0.00059679762611567,0.001067694278757,0.978821851104203,9.85897052686516e-05,0.000998144633925241,0.000201507136999773,0.00014361916188122,0.0180717963528497
"img_00141.jpg",0.000226456009368859,0.000242008451666741,0.000386273164065456,9.6906000591731e-05,0.000998099706662186,0.000124664512740169,9.690600051344e-05,0.997828686154391
"img_00152.jpg",0.321399804295221,0.113023354504136,0.000222310027979938,0.000104827326847068,0.000998185716293034,0.0864250814608277,0.00155287917204131,0.476273557496654
"img_00161.jpg",0.00019799978418982,9.53321126501677e-05,9.53232369332613e-05,9.5323501016823e-05,0.000998098111270393,9.80412658617102e-05,9.53232291573682e-05,0.998324558758921
"img_00170.jpg",0.00721073209617232,0.00254109073962518,0.000126219792357748,0.986628573537895,0.000998164765469046,0.000810873197000442,0.000110331863658227,0.00157401400782237
"img_00180.jpg",0.000959105601293963,0.000164087337201099,0.0002008243955894,0.000176161665679891,0.00099814342240482,0.00019312194015565,0.000201566131291662,0.997106989506383
"img_00212.jpg",0.288634129314983,0.00275903387673085,0.000170795390240742,0.00924355014476365,0.000998101039562792,0.000133114295471297,0.000104566459147145,0.6979567094791
"img_00230.jpg",0.651989097784867,0.0782727933445869,0.000158390734533678,0.000110054549741222,0.000998099982914506,0.267499167533032,9.88388962568734e-05,0.000873557174067362
"img_00232.jpg",0.00690480335673919,0.0172783298822557,9.8026538523689e-05,0.000101487932880407,0.000998100860996625,0.000515795601091452,0.18634203257578,0.787761423251733
"img_00244.jpg",0.438543416575151,0.0264017421041221,0.000172542508328242,0.000321453640629586,0.000998102754430134,0.529702436416651,0.000154002568330236,0.00370630343235809
"img_00311.jpg",0.997323427424544,0.000782908529007182,9.51083652039036e-05,9.84518530171315e-05,0.000998149112555979,9.75035045995393e-05,9.50789170263562e-05,0.00050937229404551
"img_00331.jpg",0.981698446880816,0.00181749529219424,0.000109308030489593,9.89168699284887e-05,0.000998375979634467,0.00402730149773801,0.000355591681132582,0.010894563768067
"img_00358.jpg",0.0971038499688274,0.389080601228375,0.00320813826231551,0.000203023251220127,0.000998134235440985,0.209510886793249,0.00109017826784,0.298805187992732
"img_00374.jpg",0.423260047263121,0.0462541063784399,0.000191321513297565,0.00209247741178754,0.000998109317169166,0.00950377382679737,0.000226747031599972,0.517473417257788
"img_00383.jpg",0.996643629348281,0.00153487897422225,9.55521053536149e-05,9.7145317557463e-05,0.000998105460343902,0.000131591523527648,9.55512209529137e-05,0.000403546049760968
"img_00398.jpg",0.780494019924208,0.0238332873403548,0.000105547957669315,0.00013518354205475,0.000998228616173114,0.000818315797107179,9.74797469913995e-05,0.193517937075441
"img_00417.jpg",0.0986834327936703,0.000196830522826765,9.79702224205726e-05,0.0118645532630934,0.000998097831070627,9.49329230804409e-05,9.49381552194707e-05,0.887969244288618
"img_00442.jpg",0.000137673715001847,0.000107279407236094,9.48313186930856e-05,9.48590827923483e-05,0.000998097621533681,9.96605928589832e-05,9.4848741150147e-05,0.998372749520734
"img_00446.jpg",0.668328960413703,0.00125294644326466,0.000111744611576024,0.000277900096775366,0.000998146294857199,0.000828888897118056,0.000109601099457669,0.328091812143248
"img_00469.jpg",0.551400316113396,0.0405960417459694,0.000140992139708997,0.000632463622929718,0.00099814021615125,0.000739243395424655,0.000735480249651572,0.404757322516768
"img_00473.jpg",0.994895583093709,0.00184495545142816,9.79504679067319e-05,0.00012858278521766,0.000998224235226855,0.00045413578263589,0.000141997385303195,0.00143857079857209
"img_00483.jpg",0.868936164872334,0.118731338097993,9.69810679006665e-05,9.69644059239981e-05,0.00099810341186883,0.00015827983671843,0.000101438140806462,0.0108807301664544
"img_00484.jpg",0.00713419897479901,0.00944271771112768,0.000161518264744857,0.000331664077048396,0.000998100931918311,0.00031009496695702,0.000128857700976131,0.981492847372429
"img_00518.jpg",0.817990697255305,0.000978013075634869,0.000584415953813391,0.000414453103007303,0.000999473021692681,0.000304493470896527,0.000149871998282043,0.178578582121368
"img_00533.jpg",0.0343154729593656,0.00445934094322529,0.000145843905526046,0.000128211185585888,0.000998181772620324,0.000362363212003136,0.00044245626528681,0.959148129756387
"img_00538.jpg",0.608705600953384,0.101106432435367,0.000124050247302798,0.000680332455817885,0.000998101776795111,0.00015641440808427,0.000140075294900971,0.288088992428347
"img_00543.jpg",0.997580993646781,0.000532306927972744,9.53111564341934e-05,9.52062348411742e-05,0.00099811568487788,9.77977444382251e-05,9.51205044232476e-05,0.000505148100231498
"img_00575.jpg",0.513437576034713,0.363520164186127,0.000345754183765806,0.00012332808794323,0.00099858115812923,0.00453732554349145,0.00119475780110617,0.115842513004724
"img_00582.jpg",0.975644949786663,0.00311284178917701,0.000226065386222969,0.000188522878649799,0.00100035557750018,0.00798125510460079,0.000134114999353729,0.0117118944778327
"img_00587.jpg",0.00518462173809802,0.00127906158846364,0.000180202100205531,0.000106074071690233,0.000998214517435002,0.00171040556571649,0.000814356145610163,0.989727064272781
"img_00591.jpg",0.0196322062703627,0.00818032100759316,0.000179783909083102,0.000106237168406523,0.000998100880836324,0.00645911943069815,0.000145413262790595,0.96429881807023
"img_00598.jpg",0.930057017292192,0.0361882745108982,0.000259811499886504,0.00161528642938571,0.000998398765188273,0.0227796360308991,0.000211934450448512,0.00788964102110183
"img_00599.jpg",0.700398116559307,0.0105648688360079,0.000309907018569056,0.000154422868076474,0.000998372740735987,0.000305832510316146,0.000874461007581441,0.286394018459407
"img_00612.jpg",0.993053073778633,0.000130152279303286,0.000133497966166383,0.00011028235793912,0.000998362325366001,0.00379110288781338,0.000429194822125037,0.00135433358265351
"img_00620.jpg",0.928082937589406,0.0481456773729925,0.0119411368203839,0.000158620752622461,0.000998243534877641,0.00984225973611176,0.000145532314321349,0.000685591879284271
"img_00642.jpg",0.00220222995365961,0.000582107929986344,0.000119494690595394,0.995591666846332,0.000998100135672364,0.000241202088798357,9.71384019572623e-05,0.000168059952998461
"img_00646.jpg",0.000755539227807027,0.00269948015096016,0.000212174805303865,9.82998399089273e-05,0.000998098613750889,0.000163019488254232,0.000221289961359669,0.994852097912655
"img_00664.jpg",0.440536214946827,0.0987234142591737,0.000104101160207154,9.7810823761583e-05,0.000998107685485528,0.000186632179555101,0.000179613330271259,0.459174105614719
"img_00697.jpg",0.000134960309564602,9.46850439858677e-05,0.000112404561381521,9.46841945575212e-05,0.000998097488484292,9.4684149904675e-05,9.46841501214111e-05,0.998375800102
"img_00708.jpg",0.287522965738058,0.0506528460636541,0.000759330810113191,0.000360142199974471,0.000998355162888264,0.623192369427526,0.00111617383712907,0.0353978167606565
"img_00717.jpg",0.238971196983536,0.733364360464453,0.000667797310340379,0.000329866932417952,0.000998101471385634,0.0243603356344605,0.00025970853064788,0.00104863267275884
"img_00718.jpg",0.965443049628507,0.00157118008269451,0.000131890071487601,0.000142629908697217,0.000998099997858544,0.0280616601711768,0.000104291440260819,0.00354719869931735
"img_00724.jpg",0.0040332856501185,0.000279266426886514,0.000328304154460089,0.000104214823044622,0.00099842456939677,0.000727329155879185,0.573620367272958,0.419908807947256
"img_00726.jpg",0.998252798106855,0.000101987749054291,9.52997144996619e-05,9.52914061335232e-05,0.00099809805961227,0.000200483136878606,0.000119683353293307,0.000136358473673427
"img_00730.jpg",0.00304663032823652,0.00039886019092333,0.000127987928879519,9.87735367954978e-05,0.000998117407444054,0.000229276553142897,0.000411295921184471,0.994689058133394
"img_00757.jpg",0.99093160424373,0.00167211154614216,0.000266198157340467,0.000617940366732763,0.00099814215533065,0.00500147709450757,0.000112517175043641,0.0004000092611725
"img_00760.jpg",0.00422820709964163,0.0003946316556611,0.000107911833238652,0.993583915455107,0.000998160308993464,0.00029597204905901,0.000122700392529865,0.000268501205768884
"img_00764.jpg",0.000266499140980873,0.00156754332408258,0.000692066915277709,9.80365325419446e-05,0.000998098941807366,9.60493976391949e-05,9.63430822457555e-05,0.996185362665425
"img_00777.jpg",0.34827268106496,0.109227416616308,0.00198538774486884,0.000102947599943625,0.000998288517788052,0.539014754223579,0.000276992814783114,0.00012153141776911
"img_00780.jpg",0.0247151690486269,0.00330866312399118,0.00036671866309797,9.97659918876372e-05,0.000998101129669033,0.0442777253112552,0.00618248425097218,0.9200513724805
"img_00798.jpg",0.949246459750954,0.0377672641705428,0.000492683092883185,0.00583116213020974,0.000998532634235151,0.000499384768025908,0.00018990531980768,0.0049746081333417
"img_00808.jpg",0.553459066350376,0.439610954666511,0.000126747977057195,0.000126455495110683,0.000998100096058215,0.00341880495433915,9.99543025554269e-05,0.00215991615799226
"img_00816.jpg",0.488918142888459,0.315739050388311,0.000237712362058178,9.80731329113807e-05,0.000998276493585517,0.00555300705723791,0.00022396198326868,0.188231775694168
"img_00833.jpg",0.59837263854234,0.0908571254177954,0.000486077889256105,0.00100678417087893,0.000998236523572972,0.0826699260249569,0.00686422748982512,0.218744983941375
"img_00837.jpg",0.759877726184759,0.0463700359528857,0.000142737993419137,0.00015072295647727,0.000998369810652324,0.191869988848464,0.000111168505171982,0.000479249748169906
"img_00855.jpg",0.450011234923336,0.471371154784782,0.000321791612799613,0.000152016025435819,0.000998404212796384,0.0731095410583134,0.000316386746993746,0.00371947063554274
"img_00857.jpg",0.998161624012695,0.000203710300561141,9.67224897920505e-05,9.67224718284821e-05,0.000998227229491683,0.000229952539625813,9.67225250936878e-05,0.000116318430911641
"img_00865.jpg",0.420803075376976,0.494892315316106,0.000169452333846472,0.000116095166636904,0.000998100978063574,0.0803452982037482,0.000438342915995783,0.00223731970862713
"img_00902.jpg",0.000404709297196784,0.000283381063897875,9.79402716785322e-05,0.000110941438423555,0.000998108337751486,0.000273853444724623,0.997535189595093,0.000295876551234569
"img_00914.jpg",0.000134484147335947,0.000109319104896445,9.44637685044899e-05,9.44637236972691e-05,0.000998097265135756,9.44637124930236e-05,9.44637134574598e-05,0.998380244564479
"img_00943.jpg",0.893962668570256,0.102887909434911,9.84582528142987e-05,9.60815164587246e-05,0.000998098798004856,0.000125105307898268,9.99270376632845e-05,0.00173175108199338
"img_00959.jpg",0.98107102246795,0.00245527742083342,9.54969602133564e-05,9.53521344381753e-05,0.00099827916489797,0.00515286505142178,0.00014039243247904,0.00999131436776609
"img_00962.jpg",0.00117391226468462,0.00101724054771596,0.000938873579891486,9.59317344801627e-05,0.000998098717896228,0.000183847405521419,9.97732313866607e-05,0.995492322518423
"img_00964.jpg",0.000139089681214218,0.000378504494443245,0.996955069551315,0.000128480327712529,0.000998100350049218,0.000138991315911061,0.000104357328974928,0.00115740695037969
"img_00979.jpg",0.000369050650334779,9.70775204128439e-05,0.000890399175964285,9.69131998198567e-05,0.000998099637663407,0.000181721477726713,9.83295886850203e-05,0.997268408749393
"img_01022.jpg",0.956609126243754,0.000163630923555546,0.0001598823550559,0.000230335476561333,0.000998800559388731,0.0412981086657585,0.000127133008083285,0.000412982767843052
"img_01035.jpg",0.0279195603490271,0.0168566733189261,0.00023907262429997,0.000141901759271354,0.000998185845834692,0.953343854171895,0.000368371167832082,0.000132380762913323
"img_01059.jpg",0.00204599251227803,0.000781083092688737,0.000132884522313086,0.000147540916744248,0.000998122875532271,0.00132956238345032,0.000475490229292331,0.994089323467701
"img_01103.jpg",0.021494028332675,0.0040877761327822,0.000150029729332487,0.00029545949387438,0.000998101489332991,0.000137247510444962,0.000741831503464672,0.972095525808093
"img_01116.jpg",0.348002760604041,0.473979879814048,0.00307927167406212,0.000203267122875344,0.000998101717897603,0.165376084558892,0.000163632780142778,0.00819700172804085
"img_01134.jpg",0.925968756514244,0.00160075131785827,0.000740659512072237,0.000214361435796179,0.000998101543452243,0.0660060542815568,0.000126176822243504,0.00434513857277641
"img_01179.jpg",0.996689921587493,0.000358600102101171,0.000161582057455196,0.000187827335926456,0.000998252326492076,0.00137249759732802,9.80499676296753e-05,0.000133269025573828
"img_01213.jpg",0.820883988040415,0.0879182019928597,0.00013511547434215,0.00031701254460261,0.000998267717151031,0.0105551677170736,0.00147273395940983,0.0777195125541459
"img_01222.jpg",0.843113642441796,0.00677616256366723,0.000353502051404969,0.021576808011817,0.000998123956703305,0.00124451109591223,0.00021989897320918,0.12571735090549
"img_01224.jpg",0.000908043215963885,0.000152193017986485,0.00227351320826693,9.83813693969611e-05,0.000998100863279067,0.000174046454617476,0.000118735976291536,0.995276985894198
"img_01253.jpg",0.000201331306277289,9.43997588135624e-05,9.43804020379473e-05,9.43815152577677e-05,0.000998097165055504,9.4380392344492e-05,9.43803930674684e-05,0.998328649067146
"img_01286.jpg",0.00540230885181415,0.000354313375550882,0.000124211298819634,0.000146625118204323,0.000999689112850993,0.000340718533151343,0.00010032069826773,0.992531813011341
"img_01289.jpg",0.0024755897954024,0.00122942127531442,0.000104918479595163,0.000163810557921782,0.000998108905340774,0.00138968281734609,0.00052670036319414,0.993111767805885
"img_01328.jpg",0.952058705837462,0.0439786279518218,0.000108656114156723,0.000239899888429814,0.000998137357922297,0.000408964732129335,9.8138709746817e-05,0.00210886940833124
"img_01366.jpg",0.712748482869329,0.00397867994721076,0.00285134520076795,0.00062474853395909,0.000998215971707144,0.268506477997715,0.000248898202732799,0.0100431512765781
"img_01379.jpg",0.70321139128239,0.0336692107632104,0.152787054418382,0.000281822710961187,0.00099815619130549,0.000557189239530364,0.000120329429019567,0.108374845965202
"img_01388.jpg",0.918005736857997,0.0775239250385435,0.000111982176285089,9.79411359131492e-05,0.000998179365471647,0.00208339158788081,9.80800286135084e-05,0.00108076380929582
"img_01399.jpg",0.000254549562292828,0.668089657969197,0.00643171847538912,0.00010043533896958,0.000998100106359432,0.00023839559028926,9.7325317284449e-05,0.323789817640218
"img_01404.jpg",0.991593173945449,0.00491889677617681,0.000105098048366655,0.000295338176266959,0.000998147696452079,0.00119630847056775,9.76560558004181e-05,0.000795380830919999
"img_01405.jpg",0.0632749864263035,0.00182613036473507,0.000201267822989885,0.000275008266944998,0.000998468256063024,0.933193923001565,0.000120611255109635,0.000109604606288708
"img_01413.jpg",0.998076750495812,9.98668399037283e-05,0.000101725163072344,0.00013687315673988,0.000998743378657701,0.000350624782335278,0.000107127254568452,0.000128288928910755
"img_01426.jpg",0.0816211894237544,0.0493663567065594,0.000147454161694375,9.8905200370794e-05,0.000998101570001382,0.00190082532391232,0.126761203246277,0.739105964367431
"img_01441.jpg",0.00032804570482866,0.000477529413334516,0.000107177263606336,9.60555689582624e-05,0.000998098338691988,0.000112538159888977,0.000636368022672573,0.997244187528019
"img_01444.jpg",0.00494298391137062,0.000444466091136748,0.000119110644848441,0.000111153170559268,0.000998101362037567,0.000575310049986674,0.00171747774810943,0.991091397021951
"img_01490.jpg",0.000484913215736891,0.000212565217727189,0.00116470001793741,9.64854600715253e-05,0.000998099150085032,0.000107360465444942,0.000104450198790235,0.996831426274207
"img_01495.jpg",0.622894033264676,0.077630675583326,0.000844816724080922,0.00678506557015484,0.000998117880381139,0.0239194027097663,0.000137879177358471,0.266790009090256
"img_01511.jpg",0.505227034647582,0.0309230817313228,0.445445611559301,0.00021171414446042,0.000998139955033052,0.00228402102865968,0.000139307428202613,0.0147710895054385
"img_01530.jpg",0.806804348458819,0.18176761146046,0.000102502448277413,0.000130976101673398,0.000998945832599585,0.000137200537604786,9.75699713573489e-05,0.00996084518920825
"img_01537.jpg",0.247069468931133,0.0270375985046019,0.0152808670867083,9.92574901209448e-05,0.000998586847983601,0.703196677721279,0.00473607355873361,0.00158146985943915
"img_01538.jpg",0.333355345561929,0.517175660495607,0.000851872407310123,0.000101380072420183,0.000998102617010053,0.143091586579539,0.000110084501240479,0.00431596776494457
"img_01543.jpg",0.985516010882548,0.00192143183973392,0.000111811422832566,0.000118296881052948,0.000998441606949236,0.000104602875869629,0.000110647281611815,0.0111187572094024
"img_01552.jpg",0.995847653005578,0.000109710197988206,9.58651328962494e-05,9.52930145248208e-05,0.000998127040917377,0.00174930915822225,9.6328229356352e-05,0.0010077142205167
"img_01562.jpg",0.990410244183316,0.000471264649160575,0.000215159435266803,0.00016631873488466,0.000998364749241943,0.000940959803179348,0.00273176026176795,0.00406592818318278
"img_01571.jpg",0.909209474184857,0.0888109652376794,9.57989393180179e-05,9.58006158092942e-05,0.00099809862957067,9.58173658918243e-05,0.000116905252984145,0.000577139773889121
"img_01593.jpg",0.287144517855641,0.588095532951062,0.000285164724999424,0.000309482590019748,0.000998137620228311,0.00178020157552074,0.000714069455382739,0.120672893227146
"img_01616.jpg",0.471040446004301,0.49723215637703,9.806496930323e-05,9.90494468853991e-05,0.000998428741096301,0.000160867268448745,0.000109183573811402,0.0302618036191242
"img_01618.jpg",0.544818342337354,0.000248382743926401,9.76244101258456e-05,0.000212788909095188,0.000998157196200284,0.453065008916419,0.000130684245642212,0.000429011241236959
"img_01627.jpg",0.915011104389936,0.0602920959700839,0.000105046920412701,0.000160423565609789,0.000998100344016458,0.0222863354840751,0.000104205325485845,0.00104268800038026
"img_01633.jpg",0.8957446650497,0.000282269725857204,0.000124008678362094,0.000136826661401071,0.000998214994853624,0.100696001606669,0.000364598053122446,0.00165341523003455
"img_01640.jpg",0.992747485545027,0.00367733837742637,9.66736588310301e-05,9.52981460402951e-05,0.000998142931852382,9.65699372596525e-05,9.48542087313712e-05,0.00219363719483166
"img_01646.jpg",0.888383263166863,0.0306048797913546,9.82526902829684e-05,0.000104407538383182,0.000998103905138253,0.0168550532278104,0.000139599178164243,0.0628164405020031
"img_01669.jpg",0.0034196896441102,0.00060251601713364,0.000121757310610436,0.994095261459655,0.00099820043511105,0.000301969954218261,0.000153887671970573,0.000306717507190993
"img_01681.jpg",0.00384658174474992,0.000747615879865631,9.98980839869134e-05,0.000102415692301038,0.000998265453215045,0.000325675832525256,0.000180291174019862,0.993699256139336
"img_01684.jpg",0.901413468609508,0.00340247650789325,0.000111449575704451,0.000395304800394777,0.000998100776818539,0.0911925931667909,0.000110048483855467,0.00237655807903431
"img_01687.jpg",0.974802829038901,0.000185375094073861,0.000147976938191232,0.000104884521028302,0.000998102594413121,0.000138023011335934,0.000262680942610305,0.0233601278594466
"img_01688.jpg",0.00234742112830803,0.00170903873299646,0.000108163458135512,0.000176810158166832,0.000998108731284331,0.00135693738199579,0.000439188453220448,0.992864331955893
"img_01689.jpg",0.000360431349937122,0.00017161991944088,0.000712307498903946,9.80369066466828e-05,0.000998100829785197,0.000757187213241499,0.000167551472617301,0.996734764809427
"img_01724.jpg",0.865731010872863,0.0180256355889488,0.0171519410187417,0.000115806446254026,0.000998713479251845,0.0604192195200955,0.00675014270120414,0.0308075303726415
"img_01771.jpg",0.994616602243884,0.00227821759019883,0.000131089763331116,0.000226392094009747,0.000998117341234464,0.00043142073895877,9.81904743472044e-05,0.00121996975403595
"img_01824.jpg",0.725553159136782,0.00122544616005603,0.000203635819038854,0.000159746734265444,0.000998539202214546,0.270061950154288,0.000458079892907487,0.00133944290044774
"img_01831.jpg",0.00463063552089993,0.000233958384972413,0.000148856836600175,0.990187890038592,0.000998129477589614,0.000876357864946638,0.000123724443067755,0.00280044743333101
"img_01834.jpg",0.000683755393945484,0.000153274038110959,0.0101064611619908,0.000106843478036525,0.000998100277341563,0.000152651358593193,9.75059629909064e-05,0.987701408328991
"img_01847.jpg",0.00263009096992292,0.000846914200255199,0.000126253187490432,0.000111348143095771,0.000998116115721047,0.000348806300402473,0.000261826996038717,0.994676644087073
"img_01874.jpg",0.995983707171576,0.000184082740063423,0.00011478301601333,9.85106620106894e-05,0.000998231446919839,0.000863026816535227,0.000398734960758076,0.0013589231861233
"img_01888.jpg",0.0478307927158578,0.844878147810169,0.000169266698854253,0.00109354352050769,0.000998177667609605,0.0422806061461779,0.000325405164981075,0.062424060275843
"img_01932.jpg",0.212850956856055,0.00211176533696566,0.00014599477137804,0.000338153070520034,0.000998117653146083,0.000571993068862486,0.000133723257910904,0.782849295985162
"img_01955.jpg",0.000161740009505193,9.44839130169491e-05,9.44828008824759e-05,9.44847396791768e-05,0.000998097285144324,9.44827193873709e-05,9.4482719670475e-05,0.998367745812714
"img_01963.jpg",0.984954630888823,0.00741807637816438,0.00355867507879011,0.000129643243199022,0.000998101876611806,0.00150658184088348,0.000157618234371738,0.00127667245915614
"img_01966.jpg",0.780590227397505,0.197618841710647,0.000116181876294303,9.75239410752551e-05,0.000998098571542472,0.00959926950150179,0.000118389656329878,0.0108614673451047
"img_01983.jpg",0.993354600809909,0.000428702088609102,0.000435780361203367,0.000151355461926244,0.00100021660870161,0.00351050701803327,0.00014014472629048,0.000978692925326878
"img_01984.jpg",0.263891548045184,0.00692472608674458,0.000157395239698516,0.000922322078161486,0.000998100919465323,0.00952318458663932,0.000109445084682288,0.717473277959424
"img_01995.jpg",0.0183124954879773,0.490682395536474,0.000583056092843405,0.419389808341615,0.000998186201944756,0.0312110840797347,0.00062048242755873,0.0382024918318513
"img_01996.jpg",0.00281813906229775,0.000478097657626278,0.000112336892165875,0.000165407323068124,0.000998132243581674,0.993401069700397,0.000363267689734684,0.00166354943112916
"img_02066.jpg",0.629505590541096,0.314506647635124,0.000460586061904655,0.000184671946055249,0.000998377187745171,0.0352954396612695,0.000220475303578945,0.0188282116632269
"img_02074.jpg",0.983539762143558,0.000202221886223305,0.00020221948707749,0.000199084447960903,0.000998337251296772,0.0141514627737795,0.00010832087497191,0.000598591135131857
"img_02076.jpg",0.00384953391111753,0.991646696705382,0.000128657478252676,0.000122801888447245,0.000998140953554526,0.000151987329297247,9.87597793330523e-05,0.0030034219546159
"img_02096.jpg",0.993651109155312,0.00320528549407926,9.45685589443173e-05,9.45768394640886e-05,0.000998097262304028,0.000465342719975575,0.000109722915348277,0.0013812970545721
"img_02124.jpg",0.0013845059684603,0.000191829995246073,0.000381283032026863,0.000112319548953032,0.000998465665826419,0.995847612329193,0.000210198100126089,0.000873785360168203
"img_02172.jpg",0.727099153436961,0.0322876027477773,0.00612369351608282,9.85788569188895e-05,0.000998625175454506,0.23225335914935,0.000383807638395827,0.000755179479060192
"img_02188.jpg",0.972339459465878,0.00225866121738886,0.000246709289830249,0.000261968018856514,0.000998432748479723,0.0205213869292682,0.000531395230295065,0.00284198710000384
"img_02209.jpg",0.00249973449518919,0.000256544768289078,0.000359345314500304,0.000230913661896717,0.000998605032246753,0.993830414388566,0.0007833351960087,0.00104110714330285
"img_02252.jpg",0.927050611441018,0.029108645539545,0.00417070233835949,0.000108439314257297,0.00099810045235774,0.0364629627436805,0.00014318577083147,0.00195735239995048
"img_02268.jpg",0.904876203087278,0.00734069547174035,0.00175815978888794,0.0625959986810056,0.000998235710000659,0.000205919231906804,0.000141709930415348,0.0220830780987656
"img_02281.jpg",0.00262934378595401,0.000371281534932205,0.000147781581822999,0.995329271972162,0.000998100616477514,0.000283522783705364,0.000100513624947614,0.000140184099998409
"img_02282.jpg",0.00013932066477613,9.57015057161395e-05,9.46731589454764e-05,9.46754237240825e-05,0.000998097457464115,0.000115413960013771,9.61730070039622e-05,0.998365944822356
"img_02291.jpg",0.991871392196519,0.00110689436694965,9.80618470896578e-05,9.54127326704547e-05,0.000998097563093258,0.000555522256392318,9.48725685744291e-05,0.00517974646871083
"img_02299.jpg",0.972613627683965,0.0024299147633543,0.00023266637685763,0.00434951618598465,0.000998101855579356,0.00132487158818613,0.00024516484084071,0.017806136705232
"img_02318.jpg",0.00147054134681564,0.000307279157470936,0.000108584587309403,0.000127648125938555,0.000998100261867815,0.000121966063520123,0.000104531836536985,0.99676134862054
"img_02367.jpg",0.975574190280321,0.000376108549688314,0.00010879975157892,0.000119600515071629,0.000999090071146688,0.000839069728074602,0.000179252748651962,0.0218038883554664
"img_02379.jpg",0.143506504486212,0.0229312763244052,0.000144281335199677,0.000111391305555433,0.000998099524085177,0.000208278681323353,0.000109930880114949,0.831990237463104
"img_02398.jpg",0.994102045004863,0.000656264277992659,0.000112483497010918,0.000251560819762144,0.000998100534376068,0.002402163873651,9.78777895434723e-05,0.00137950420280086
"img_02486.jpg",0.612952450396038,0.00643861917264064,0.00363010200682376,9.83607436237628e-05,0.00099810018928352,0.000348171473297787,0.000152293323761325,0.375381902694531
"img_02487.jpg",0.821857159188045,0.1734217919612,9.66648564284227e-05,9.72059117752154e-05,0.000998117291874508,0.000129215321963103,0.000102397983196419,0.00329744748551709
"img_02522.jpg",0.095072452509666,0.00224971853732081,9.95231704714777e-05,0.000130999687241757,0.00099841934902851,0.000334712692401756,0.0001251780344113,0.900988996019458
"img_02556.jpg",0.0125236441707102,0.000931623045362977,0.000103636666015207,0.000108387585442187,0.000998102190890059,0.000130101876195019,0.000200253613012735,0.985004250852372
"img_02574.jpg",0.0064064939623003,0.000112976731780987,0.00013703577170442,0.000121544939175543,0.00100060605197991,0.000262358398108724,0.000114082521519089,0.991844901623431
"img_02602.jpg",0.889767836900927,0.00951957994455067,0.000107449150019021,0.000128458860098217,0.000998190116543363,0.00130199623574029,0.000165070533417411,0.098011418258704
"img_02625.jpg",0.00267650479446713,0.000452683638846139,0.000174812825391953,0.000108952294557142,0.000998204408849716,0.993990338917303,0.00018840101396045,0.00141010210662439
"img_02636.jpg",0.0706302385475779,0.32052893311433,9.55919971489147e-05,9.55375912314972e-05,0.000998103426578281,9.69792141365168e-05,9.57116951125104e-05,0.607458904413884
"img_02638.jpg",0.8636729377107,0.0843079424190481,0.000127829433696287,0.000103036619720169,0.00099823391849508,0.0445496555653356,0.000167461512461644,0.00607290282054265
"img_02646.jpg",0.0297274220107056,0.0170180070744602,0.00026301123367455,0.000137446994491199,0.000998101019054793,0.00661759719898727,0.0135698008179431,0.931668613650683
"img_02679.jpg",0.00212115955825852,0.737783805055838,0.000403709851680785,0.000190295743044162,0.00100008466180922,0.000198603776483613,0.000288153260099577,0.258014188092786
"img_02687.jpg",0.00138961061181946,0.000119586509134965,0.000119996521089667,9.82660875497112e-05,0.000998100205680336,0.000143308415638588,9.73599972135384e-05,0.997033771651874
"img_02699.jpg",0.92568335890794,0.00575201397056224,0.000100202980431746,0.00216240963302952,0.000998715440386352,0.000143852608252034,0.000106098695692022,0.0650533477637058
"img_02734.jpg",0.0349443786963982,0.00899462631284318,0.0248043266367618,0.00280802209496324,0.000999899296100159,0.00178311010181977,0.000117810238087713,0.925547826623026
"img_02739.jpg",0.992951615322274,0.00500573855878504,9.55343652422519e-05,9.61500761393609e-05,0.000998179233290616,9.55933210583067e-05,9.55378152309963e-05,0.000661651307979809
"img_02749.jpg",0.0689520041830566,0.00975430293552101,0.000327211082318184,0.882287064310275,0.000998344579678993,0.00145233020861839,0.000160057940097707,0.0360686847604339
"img_02759.jpg",0.0615044779775536,0.221904942367333,0.00363833561977012,0.000828968097202771,0.000998115842115032,0.000131305322853642,0.000314718874038878,0.710679135899133
"img_02766.jpg",0.989314975079808,0.000178619368056308,0.000109491969355288,9.61540921554697e-05,0.000998152253888296,0.00700700202331955,0.000111336860785328,0.00218426835263143
"img_02769.jpg",0.404279096410508,0.0532567119612336,0.00380829443069027,0.00049719049050518,0.000998109426032854,0.000321528039459084,0.000965254387710865,0.53587381485386
"img_02771.jpg",0.917897881959961,0.00777003826566873,0.000103212042028979,0.00015272813392128,0.000998099349196003,0.072114370320725,0.0001023110581782,0.000861358870320983
"img_02799.jpg",0.993379530098912,0.00174024628587069,9.55333904042862e-05,9.61753290915087e-05,0.000998104230678223,0.000142231983230867,9.55129596537426e-05,0.00345266572215917
"img_02811.jpg",0.762402875712183,0.00599545557268516,0.000224478531083231,0.000245373284007169,0.000998159472093082,0.0333742580738606,0.000125178063851512,0.196634221290236
"img_02834.jpg",0.917277271466726,0.0303221067935144,0.000236378261994456,0.000109241147286444,0.000998170618122676,0.000751614646265442,0.000136309395708343,0.0501689076703819
"img_02837.jpg",0.0184123126699636,0.66150220413951,0.000330539689621372,0.00071253124600781,0.000998122127102622,0.000154136421677576,0.00116507904999898,0.316725074656118
"img_02838.jpg",0.519001536904056,0.46045369906469,0.000298851134640951,0.000112037975179469,0.000998218114111311,0.000272593953347786,9.85902351822696e-05,0.0187644726187926
"img_02842.jpg",0.00197083081766702,0.000221148620532406,0.000346867310525895,0.000136690122358272,0.000998430628538309,0.994675749584918,0.000319645098241398,0.00133063781721858
"img_02876.jpg",0.483551198891892,0.407850478422159,0.0222999334930388,0.000814160236456401,0.000998104915063463,0.000556321336073045,0.000550031598520711,0.0833797711067963
"img_02890.jpg",0.943660612621287,0.00144435630395238,0.00204678521173942,0.000572397167660558,0.000998195651659131,0.0494021708247813,0.000221759847628334,0.00165372237129219
"img_02904.jpg",0.386632161720931,0.00162696724732878,0.000232754401590166,0.000230784663747435,0.00099826780228761,0.609425337252411,0.000262547634272988,0.000591179277431205
"img_02911.jpg",0.00227049604527357,0.000434991065051965,0.000180407213251881,0.995347540441453,0.000998100610097616,0.000373017840107985,0.000138619932804205,0.000256826851959853
"img_02920.jpg",0.937039814794187,0.0550615122547303,0.000126424019391218,9.69088987666871e-05,0.000998098230886081,0.00623781916070007,9.60262948172671e-05,0.000343396346521636
"img_02956.jpg",0.463178322020036,0.215805227406108,9.78009034488331e-05,9.77950621427653e-05,0.000998112113619405,0.000158925348972684,0.000257357324171658,0.3194064598215
"img_02964.jpg",0.00892033285415487,0.000319396810247947,0.00104946853986449,9.68122463664934e-05,0.000998099625346602,0.000221826423267467,0.000106205279867703,0.988287858220884
"img_02974.jpg",0.91636690947723,0.0195430215392806,9.59767810892092e-05,9.5729361295847e-05,0.000998194700198995,0.000123485208024044,0.000111270373884676,0.062665412558997
"img_02977.jpg",0.767795563273908,0.226445249820532,0.000145116473082843,0.000155582684726043,0.00099865334470526,0.000411606313332569,0.000158590558031007,0.00388963753168185
"img_02993.jpg",0.000254548194778933,0.000213568242026854,0.000294494451470067,9.6496428551343e-05,0.000998101750458198,0.00012770403211451,0.000164321732509721,0.99785076516809
"img_03043.jpg",0.000304244809662523,0.000127372044391817,0.00046582847246379,9.78171383691681e-05,0.000998101801057085,0.00025715825813168,0.000655390740838735,0.997094086735085
"img_03055.jpg",0.824247400538708,0.00476337735712947,0.000104406903916455,0.000325549702809879,0.000998099641526954,0.142835064821644,9.69012088819546e-05,0.026629199825383
"img_03069.jpg",0.0472234546120398,0.00754254713863456,0.000248043464507922,0.909380431670383,0.000998178106015406,0.00139152806082111,0.0004651708094125,0.0327506461381853
"img_03074.jpg",0.966237202463293,0.00234225101519097,9.84319562130594e-05,0.000102982840432204,0.000998108310014078,0.000591091522010731,9.70951572119504e-05,0.0295328367356343
"img_03078.jpg",0.839829516197518,0.0345677987747163,0.00010908785163924,0.000102834559138901,0.000998099291522115,0.123312735440195,9.70790295381342e-05,0.000982848855732605
"img_03080.jpg",0.960923653297465,0.0244443876104515,0.000651058809506513,0.000108904349790965,0.000998100588419496,0.0105703677846362,0.000133526286036998,0.0021700012736936
"img_03135.jpg",0.00521681917206413,0.000754820144880893,0.000140354136029602,0.000101224172963881,0.000998155914098371,0.000238487877869051,0.000245621104039879,0.992304517478054
"img_03140.jpg",0.907626139755978,0.0325634478188053,0.000133221586723086,0.000153826784684662,0.000998244967177749,0.00701332325227483,0.000202943573742972,0.0513088522606136
"img_03181.jpg",0.922311684264764,0.0595713982398804,0.000109097840075313,0.000117073626773635,0.000998113262205231,0.0107415643890408,9.9928493013506e-05,0.00605113988424685
"img_03195.jpg",0.536137529138159,0.0273848661693595,0.000592669336167668,0.000198795551728387,0.000998140648244795,0.149345635885928,0.0126131837722974,0.272729179498115
"img_03199.jpg",0.910837365954923,0.00110706208745778,0.000113681109546163,0.000198206340762531,0.000998178327709373,0.000288144895536105,0.018769239957572,0.0676881213264926
"img_03210.jpg",0.00188466117893961,0.000381743067200954,0.00855525641543791,9.76146727840102e-05,0.000998100427540117,0.000163630032606293,0.000167054782553932,0.987751939422937
"img_03220.jpg",0.913060909966991,0.000926830364060787,9.79366540654342e-05,9.78119661868057e-05,0.000998208988440554,0.084523041306487,0.000172840280885511,0.000122420472883314
"img_03222.jpg",0.984600685964078,0.00114413953284819,9.83629862136644e-05,0.000143588515892714,0.000998426662772256,0.00771460817682323,0.000149270662698402,0.00515091749867346
"img_03223.jpg",0.0370837760787506,0.0604899048227154,0.000122670494446682,0.000558697652693853,0.000998252566003299,0.000120383917858034,0.00105679540125961,0.899569519066273
"img_03228.jpg",0.721539189334929,0.0486996668925719,0.000131781298938898,0.00215090293248959,0.00099811373558296,0.000443298064723092,0.000115774356111106,0.225921273384653
"img_03229.jpg",0.00450981565403629,0.000505306819194641,0.000134720130327771,0.000161991549154061,0.000998418667336509,0.000393536825823669,0.992039216184979,0.00125699416914797
"img_03238.jpg",0.327439048984652,0.031342983169814,0.00108302272615639,0.000124544676755392,0.0009981662034522,0.0964892803552043,0.537484039435813,0.00503891444815247
"img_03239.jpg",0.000452689870274463,0.000774572729759118,9.76350886891521e-05,0.000105495639213922,0.000998101091805487,0.000251261477851301,0.996308631734619,0.00101161236778783
"img_03252.jpg",0.951274415101402,0.00324724390089836,0.000107340668755642,9.50350551397209e-05,0.000998097938626471,0.00266878605508032,0.000181154237976114,0.041427927042121
"img_03254.jpg",0.00204935266964356,0.000207011192850205,0.000288357275848285,0.000101002172771378,0.000998385073684292,0.995036148699185,0.000208598619542414,0.00111114429647533
"img_03260.jpg",0.923589954367768,0.0013392958100688,0.000985873621766764,0.000167701120710417,0.000998168849054427,0.0720111583064685,0.000128096399076985,0.000779751525085817
"img_03261.jpg",0.513445462644659,0.332813076502292,0.000306542992013822,0.000108978766721251,0.000998101278768059,0.151526988918883,0.000126551281767582,0.000674297614895172
"img_03270.jpg",0.000827602712766315,0.000164655245377361,0.000294007586455152,0.000172404466433629,0.000998159146961378,0.000232468987830447,0.000245612071415248,0.99706508978276
"img_03283.jpg",0.0163497746948417,0.00566439035598114,0.000370065569857721,0.00028541500654403,0.000998100860675792,0.000136800665158671,9.90079050538938e-05,0.976096444941887
"img_03290.jpg",0.00333171379051807,0.00054907928856953,0.00010842432667585,9.90385226181915e-05,0.000998100843368135,0.00113761047948495,0.000140605252617273,0.993635427496148
"img_03297.jpg",0.895601193156102,0.0358397305974897,0.0313843176116781,0.000138795117500405,0.000998153917905645,0.0349473096924606,0.000145183354882798,0.000945316551980837
"img_03310.jpg",0.657075177268348,0.261661107674888,0.000125521161607594,0.000124072537038485,0.000998126325322378,0.079612330247688,0.000100024142410403,0.000303640642697739
"img_03312.jpg",0.460326250652421,0.196998990947017,0.000104506776869484,0.000101277737238149,0.000998099305285642,0.00728140409107204,0.000109674609774382,0.334079795880321
"img_03324.jpg",0.000438870277749839,0.000107413520485247,0.000730709737811069,9.71006846710921e-05,0.000998099853363639,0.000136344378505258,9.69757585117122e-05,0.997394485788902
"img_03333.jpg",0.2104543873978,0.00158855401309288,0.000231422225553538,0.000207806659267338,0.000998876230968076,0.784901957102052,0.000291643745793878,0.00132535262547273
"img_03342.jpg",0.0366898731466571,0.00265090358557054,0.000288399866071539,0.00064414200303476,0.000999198941739713,0.00385428259319171,0.0105090002240132,0.944364199639721
"img_03346.jpg",0.847944689336306,0.0914597239381077,0.000432004479015641,0.000133285765150519,0.000998406461320612,0.0579251306080405,0.0001794531859815,0.000927306226077142
