"image","ALB","BET","DOL","LAG","NoF","OTHER","SHARK","YFT"
"img_00007.jpg",0.44442045582819,0.160557342692409,0.0234091112667262,0.0268562835152134,0.00993948807991007,0.00981008508387197,0.00981008508387197,0.315197148449808
"img_00009.jpg",0.87336215339349,0.0495472410301303,0.00962930958838168,0.0102598321952095,0.00993881777384619,0.020561506371972,0.0102956680930986,0.0164054715538722
"img_00018.jpg",0.711247879103208,0.133307384883856,0.010413363054188,0.0570102041322028,0.00994338452099344,0.0461198824355203,0.00978227094050297,0.0221756309295291
"img_00027.jpg",0.150944068255706,0.0669080454266456,0.0165460873462964,0.011197426531172,0.0100975373377298,0.559171466290752,0.0478957852394861,0.137239583572212
"img_00053.jpg",0.877647586427906,0.025674722238413,0.0176125222808954,0.0134285419059033,0.0101474316072461,0.0210004333333941,0.010402971072425,0.024085791133817
"img_00071.jpg",0.417807804174907,0.0227806564532859,0.0134721242054291,0.498261654882214,0.00993949745777548,0.0137220285263516,0.00973245085929305,0.0142837834407436
"img_00075.jpg",0.724624362801357,0.0595253962877265,0.0111655580913034,0.0234322862998561,0.0103713292299298,0.125605607148335,0.0158054701065708,0.0294699900349214
"img_00102.jpg",0.36818927580809,0.0617980711125743,0.0133476442683451,0.0160068206328382,0.00995686180660101,0.145157751233272,0.0151004341060787,0.3704431410322
"img_00103.jpg",0.485088305578595,0.0473089234202351,0.00976863660825984,0.0158703193033584,0.00993876274867438,0.358086575178945,0.0383108621168175,0.035627615045114
"img_00109.jpg",0.893565511072204,0.0109139888266633,0.00968625951630707,0.00968625951630707,0.0099408509837211,0.0123937793101432,0.0105426930878064,0.0432706576868479
"img_00125.jpg",0.379593577863205,0.0526842743943643,0.0195332813966394,0.0106154055309869,0.00993970572811317,0.158916478425185,0.0583860384712632,0.310331238190242
"img_00128.jpg",0.0247394431568826,0.0403004942674402,0.288599925693907,0.0126203326038341,0.0099608849249218,0.0128866593469245,0.0142766708128883,0.596615589193201
"img_00129.jpg",0.264179188855064,0.0309280119219506,0.0205198748005578,0.0149658331303235,0.010139110272046,0.0622838321081447,0.465687100812688,0.131297048099226
"img_00138.jpg",0.789467794337208,0.054203154050332,0.0517912117225783,0.032479743312768,0.00998770324931002,0.0193776788863677,0.0112794860177474,0.0314132284236887
"img_00141.jpg",0.0161029885008911,0.0578829073895307,0.0240601336940337,0.00965280453745661,0.00993891069415007,0.0110348777782742,0.00965280453745661,0.861674572868207
"img_00152.jpg",0.0272933332769781,0.0104537732685521,0.0115238921682633,0.0101040323330559,0.00998093488806404,0.0137609171355252,0.010056189199258,0.906826927730303
"img_00161.jpg",0.0146883835880605,0.00957694315434145,0.0105934463923882,0.00957694315434145,0.00993812728025791,0.0097122616232056,0.00957694315434145,0.926336951653063
"img_00170.jpg",0.30179339004828,0.0105595504603248,0.0242936536094556,0.512537665352238,0.00996910378931148,0.0681611563246326,0.0104321477299489,0.0622533326858087
"img_00180.jpg",0.142881856982443,0.0413966312753868,0.0256280696576304,0.0347831702102383,0.00996063061537578,0.0146115849791529,0.0290478199831971,0.701690236296576
"img_00212.jpg",0.231650431383892,0.0112030977897525,0.0108729126594789,0.00960668087844609,0.00993851688445319,0.0114231740016524,0.00960668087844609,0.705698505523879
"img_00223.jpg",0.418951827724036,0.0413514945930863,0.344765103429174,0.038734461572013,0.00994100597679862,0.0892174830694081,0.0140556003160368,0.0429830233194474
"img_00230.jpg",0.790014068043267,0.125993938207309,0.00968998834692616,0.015648610747338,0.00993888719613053,0.0204328877371346,0.00968998834692616,0.0185916313749682
"img_00232.jpg",0.0183340534023022,0.0230761573914832,0.02569654449675,0.0106100644575687,0.00993924560116874,0.0177846051849702,0.864520992683536,0.0300383367822205
"img_00244.jpg",0.357866614771667,0.280585662874946,0.0115176994848482,0.0117241196827304,0.00994004347092727,0.0779031620898813,0.0243356366139462,0.226127061011054
"img_00280.jpg",0.716409916171311,0.0102936217532987,0.0699917608068088,0.0164595929730404,0.0104871575490822,0.024792425001874,0.0152390171533985,0.136326508591187
"img_00285.jpg",0.396966717486503,0.0453811258758802,0.0314349270073694,0.0108398081145123,0.0102112094850512,0.0344888162786947,0.039260404666086,0.431416991085903
"img_00292.jpg",0.354070793031077,0.052306763229968,0.0152785372314538,0.0125581136544999,0.0101108607081281,0.099501752523944,0.0286985543053909,0.427474625315538
"img_00311.jpg",0.900382002708098,0.00968113091353201,0.00968113091353201,0.00968113091353201,0.00996343571125781,0.0381260801598103,0.00968113091353201,0.0128039577667062
"img_00320.jpg",0.878070361531066,0.0443667267931301,0.0097204634251088,0.0097204634251088,0.00995312617706104,0.0133808706251456,0.0097204634251088,0.0250675245982706
"img_00331.jpg",0.566355555484567,0.0193455223667851,0.0121678031913972,0.0161936053936324,0.0100777306833559,0.24779815757489,0.0738693518721513,0.0541922734332211
"img_00358.jpg",0.468858704524664,0.0508693504355978,0.00996941653640119,0.0165294987552796,0.00995319062520319,0.116084003875115,0.0428872686204488,0.284848566627291
"img_00374.jpg",0.623936403701472,0.0822766258288212,0.0141113354211832,0.0135667329431284,0.0099392856843434,0.0247372122146118,0.0167863149660401,0.2146460892404
"img_00375.jpg",0.163139900858286,0.165365855629699,0.320432204512196,0.0626074349298946,0.00995762569382034,0.195294608271369,0.0295395227136579,0.0536628473910766
"img_00380.jpg",0.65045701842615,0.0163287205934049,0.0491448464806465,0.0372242841693017,0.00995126419344015,0.21451382845868,0.00984364953948981,0.0125363881388864
"img_00383.jpg",0.924058473555326,0.0113981289434699,0.00954583617064677,0.00954583617064677,0.00994176756972574,0.0141340314109237,0.00954583617064677,0.0118300900086139
"img_00398.jpg",0.864638210988911,0.0188308681338093,0.0097073527353679,0.0097073527353679,0.010003140861515,0.00985552498474447,0.0097073527353679,0.0675501968249163
"img_00407.jpg",0.698578779816167,0.0340367265141212,0.0511341600946201,0.0839085799768532,0.00994062837151986,0.078407798593171,0.00983030179352509,0.0341630248400221
"img_00417.jpg",0.0656364536955623,0.0105209508210489,0.00954285277145468,0.00954285277145468,0.00993792844090039,0.00954285277145468,0.00954285277145468,0.87573325595667
"img_00442.jpg",0.0115562551145817,0.00986771311825758,0.00945814006551743,0.00945814006551743,0.0099378834919082,0.00969854676973901,0.00945814006551743,0.930565181308961
"img_00446.jpg",0.719538923105312,0.0324524426038799,0.0105294438984237,0.0375299243468855,0.00996209863784338,0.126823139429279,0.0172701571737282,0.0458938708046487
"img_00469.jpg",0.693231115411933,0.102176869037625,0.011769125802684,0.0162995807841107,0.0099574103048195,0.034155636162797,0.0182618314581916,0.114148431037839
"img_00473.jpg",0.877909681467121,0.014164950567583,0.0119600778023299,0.00982307068170799,0.0100008652745077,0.0103078562367634,0.00982307068170799,0.0560104272882789
"img_00483.jpg",0.831017937762363,0.0471698624486175,0.00971341723991135,0.00971341723991135,0.00994080764673019,0.0231281933223296,0.0453405054900729,0.0239758588500645
"img_00484.jpg",0.364080347792408,0.327073714423089,0.0129912768789461,0.021792741092568,0.00993956581668523,0.0282004205715546,0.033230236012981,0.202691697411768
"img_00486.jpg",0.837477486821218,0.0303615653153493,0.0387746846775003,0.0278114887705824,0.0101568914168134,0.0316859235058069,0.0133606590548934,0.0103713004378361
"img_00533.jpg",0.224019315789688,0.0978413498691213,0.0181894237059684,0.0159591038638936,0.00997967749562421,0.117739907847233,0.0451300365393959,0.471141184889076
"img_00538.jpg",0.811784249434253,0.0528387358717119,0.010199038940163,0.0101459000720662,0.00993964412157705,0.0130209443093266,0.00979264719229669,0.0822788400586055
"img_00543.jpg",0.895834156166228,0.00964017550473628,0.00964017550473628,0.00964017550473628,0.0099467838516063,0.0443822095984288,0.00964017550473628,0.0112761483647914
"img_00551.jpg",0.505235294010715,0.0117061352817079,0.0588179047475033,0.118017846873223,0.00997663794365788,0.180602120159488,0.0100396364548903,0.105604424528815
"img_00575.jpg",0.784906436308926,0.0246217973435784,0.0139835473014859,0.0109476003537712,0.0101814406758795,0.0370843639998605,0.0259059115095604,0.0923689025069379
"img_00582.jpg",0.758674269703218,0.0646787490081444,0.0156729184508173,0.0130238019136274,0.0111958893197256,0.107299970969418,0.0140437358929941,0.0154106647420553
"img_00584.jpg",0.911389534376593,0.0112495160927413,0.0119900941797998,0.0172460670519705,0.0108337759544836,0.0145776079249317,0.0107655712019883,0.0119478332174922
"img_00587.jpg",0.11858187150069,0.0393162133452325,0.0180215459884349,0.0106950483202838,0.00999618693731557,0.234489204980847,0.0648641078739882,0.504035821053208
"img_00591.jpg",0.15582647781391,0.0201266680826513,0.0172786654395762,0.00980678977992882,0.00993931215674309,0.0788784509546139,0.0158849878851132,0.692258647887464
"img_00598.jpg",0.839724212019136,0.0193004889280446,0.0132861781350922,0.0330307833010442,0.0100866067183657,0.0437581483208432,0.0131369616390874,0.0276766209383865
"img_00599.jpg",0.744278168985332,0.0449291014474409,0.0247923266305762,0.0133787752920616,0.0100761178762358,0.0201247586746062,0.0490394920105314,0.0933812590832157
"img_00612.jpg",0.450691819277397,0.0107882470918097,0.0188446058669088,0.016186717060255,0.0100707688462226,0.395832314668366,0.0300706256397313,0.0675149015493094
"img_00620.jpg",0.556883235633211,0.0275860856188766,0.284347727839621,0.0203923612195099,0.0100103961429797,0.059819180890855,0.0162723338937277,0.0246886787612192
"img_00642.jpg",0.421589833115252,0.062565690346048,0.0213138741494788,0.413211036115911,0.00993902577994348,0.0458849050953394,0.0129637957731149,0.012531839624912
"img_00646.jpg",0.015098757232408,0.0119576888661053,0.0196530668337253,0.00962564146589197,0.00993829691014611,0.012972548374366,0.00962564146589197,0.911128358851465
"img_00648.jpg",0.874704024310111,0.0154539681207609,0.00972802178574435,0.0098103221678387,0.00995848718207541,0.0537063850836497,0.011691755655897,0.014947035693923
"img_00654.jpg",0.760682624983809,0.0269334419700524,0.0370600394181431,0.0178679140811032,0.010662098306357,0.0419696156334883,0.0299248657032533,0.0748993999037936
"img_00664.jpg",0.849942228996599,0.0587234211948999,0.0100827880217228,0.00977514491365416,0.00994288675232912,0.0151952664581279,0.0140541618481215,0.0322841018145461
"img_00697.jpg",0.0115646955494178,0.00955960281835253,0.0219275651816229,0.00955960281835253,0.0099378111388563,0.00955960281835253,0.00955960281835253,0.918331516856693
"img_00708.jpg",0.265151679254603,0.0679190930089243,0.0914269993335684,0.0533144403667416,0.0100656770010868,0.196012533449133,0.146922121492784,0.169187456093159
"img_00717.jpg",0.549904467447207,0.116343984510675,0.0154129773942267,0.0464286837558584,0.00993958536959291,0.188554497487436,0.0191827137512036,0.0542330902838
"img_00718.jpg",0.81763109331556,0.00973329873706261,0.0168631049393465,0.0328598420569417,0.00993896802312184,0.0632600061158959,0.00973329873706261,0.0399803880750085
"img_00726.jpg",0.880552186007516,0.0302153077322069,0.0149904462977542,0.00980674768494168,0.00993811017969314,0.0139940233627731,0.0287058439509256,0.0117973347841892
"img_00730.jpg",0.0691799404223037,0.0224844314339279,0.0277162155070188,0.00985644659122779,0.00994773693539453,0.0163482541370731,0.0491343077953116,0.795332667177743
"img_00757.jpg",0.855120262906737,0.0126628630470749,0.0142123405375084,0.0367541657541522,0.00995996451393434,0.0381142470953978,0.0104559733740459,0.0227201827711489
"img_00760.jpg",0.425695136092796,0.094020700157678,0.020039038210631,0.371179611281628,0.00996904402651391,0.0447618389278412,0.0168162979357389,0.0175183333671739
"img_00764.jpg",0.0115674869823156,0.0104504064153965,0.0417354410242332,0.0096289061060777,0.00993846192212218,0.0096289061060777,0.0096289061060777,0.897421485337699
"img_00765.jpg",0.159851502289891,0.0757195529972677,0.0112042944853794,0.0883825779313833,0.00995351457382401,0.517391788935194,0.0256721753567761,0.111824593430285
"img_00773.jpg",0.793883755357151,0.0187390794521581,0.0450038901766472,0.0610026986778956,0.00994070503038577,0.0412281263421647,0.0110172029119033,0.0191845420516949
"img_00777.jpg",0.752160965620295,0.0408400270584949,0.0110688833411918,0.010105523315943,0.0100333728371067,0.147505709217659,0.0184336083337111,0.0098519102755983
"img_00780.jpg",0.0250868875713528,0.0345705849177274,0.0389610971080765,0.0141629657697945,0.00993913861214695,0.0557352486130415,0.0674194117477612,0.754124665660099
"img_00798.jpg",0.516500889002948,0.258202169522168,0.01270851194417,0.130308997080675,0.0101532962600414,0.0397465074689712,0.0126596897667827,0.0197199389542441
"img_00808.jpg",0.797307588961688,0.0782893957951975,0.0110345998086069,0.0109052820735518,0.00993909296300918,0.0161901970986232,0.0097257811535848,0.066608062145739
"img_00816.jpg",0.890976938675799,0.0161097603194399,0.00988329988063723,0.00981526754784974,0.0100272902947824,0.0146060435209686,0.0132657375943135,0.0353156621662097
"img_00837.jpg",0.838278929576611,0.0317379578945831,0.0120619552127525,0.0125508442288271,0.0100746473418808,0.0317877244304899,0.0103208384737683,0.0531871028410875
"img_00855.jpg",0.503960489484319,0.162512964794733,0.0335119428104791,0.0283404645380535,0.0100921068433336,0.0798685081346421,0.0643439382607603,0.117369585133679
"img_00857.jpg",0.867314841601045,0.0549106441254225,0.0166346238620171,0.00982928228211415,0.0100025057413887,0.0170662099815875,0.00982928228211415,0.0144126101243114
"img_00858.jpg",0.812282371874723,0.054443323632034,0.00980116307251282,0.010262630539745,0.00995734793471338,0.0673056221581869,0.0170019931282275,0.0189455476598578
"img_00865.jpg",0.89134345919819,0.0341555553667399,0.0095872853072227,0.0095872853072227,0.00993870187520208,0.0133223515393072,0.0095872853072227,0.0224780760988931
"img_00902.jpg",0.0161589816018187,0.0206498412658099,0.0191195244404409,0.0160586055271226,0.00994287776240535,0.0172163344332267,0.889699679315067,0.0111541556541091
"img_00914.jpg",0.0116414953557681,0.024288023319791,0.0598256768828003,0.0255288782846966,0.00993770214625178,0.0131402138957038,0.00964918109696277,0.845988829018026
"img_00921.jpg",0.548436775360094,0.0231110651047793,0.058563345473433,0.0180196420305353,0.0101047309866766,0.118380926214047,0.0526481684517111,0.170735346378724
"img_00927.jpg",0.572784727956957,0.0658198512361253,0.027631016682933,0.0109547283913469,0.0100013941386183,0.0490591856631913,0.0556102473405495,0.208138848590278
"img_00943.jpg",0.832998680006647,0.0425760255175784,0.00968237900600006,0.00968237900600006,0.00993845663951458,0.0164072023799839,0.0537948772510635,0.024920000193212
"img_00959.jpg",0.931725779372472,0.00959885784930582,0.00959885784930582,0.00959885784930582,0.0100287084596418,0.00959885784930582,0.00989673043810125,0.00995335033256174
"img_00962.jpg",0.0209984937541997,0.0204234934065892,0.103687864215925,0.0225133397084659,0.00993842671707603,0.0267339565272225,0.0101443962614572,0.785560029409065
"img_00964.jpg",0.0116643191407836,0.0235854101759104,0.859710743673286,0.0111370928494666,0.00993926025737267,0.0116598696096302,0.00993597205056768,0.0623673322429824
"img_00974.jpg",0.732046043182455,0.118839459832602,0.0127207714892915,0.0226130935072648,0.00993951749130033,0.0200002512346943,0.0202898369263774,0.0635510263360148
"img_00979.jpg",0.0357922605462852,0.0100296647726465,0.0952013580821836,0.00974437602468062,0.00993891329137391,0.0139669968733012,0.00981497445249855,0.81551145595703
"img_00985.jpg",0.432437936096475,0.0569654725868411,0.0121974660199103,0.0134892233207717,0.0100989172494825,0.0706604650567555,0.0288093935591337,0.37534112611063
"img_00999.jpg",0.792140719136573,0.0140723749698289,0.00978306123624136,0.00978306123624136,0.00994909200566782,0.0416821948658749,0.0183055468617075,0.104283949687865
"img_01022.jpg",0.787460870589907,0.0133656042168432,0.0169439502713341,0.0207799102884849,0.0102987580923778,0.109997241124242,0.011625532522251,0.0295281328945596
"img_01031.jpg",0.695277949379145,0.0242783116458448,0.0905712924922373,0.0274359193587626,0.0101037859486969,0.0695906765697694,0.0264913850088951,0.0562506795966484
"img_01035.jpg",0.796218770241923,0.0236333858139459,0.0156860749628978,0.0119304818969029,0.00998174865464496,0.110072901084183,0.0227263513091506,0.00975028603635104
"img_01059.jpg",0.360233301716664,0.051122681073404,0.0115476187424972,0.0122781786637871,0.00995042731153635,0.100875163027216,0.0286250418326438,0.425367587632252
"img_01102.jpg",0.149226469516378,0.543564984647328,0.0334688832749765,0.167896445404854,0.0099797619098292,0.0169936775797955,0.0119928512261911,0.0668769264406469
"img_01103.jpg",0.0674140956937438,0.183580480595767,0.0557470616234671,0.0500524762619692,0.00993967889630854,0.012312958216207,0.0734539252245784,0.547499323487959
"img_01116.jpg",0.833082729554253,0.0372552768530887,0.0103867280602373,0.0147404130294701,0.00993955357771604,0.0260751926225785,0.0105759459190562,0.0579441603835999
"img_01188.jpg",0.387245749643943,0.0618022638818436,0.0129393358920966,0.0537196604290712,0.00997604320119954,0.307502893516179,0.0142904134562708,0.152523639979397
"img_01198.jpg",0.44149996642459,0.0372795408018442,0.138106255769924,0.0632587629196487,0.0118806852300453,0.0318511513844359,0.215982744797098,0.0601408926724138
"img_01211.jpg",0.880691688296685,0.0344762851188824,0.00964973230365945,0.0178756566319384,0.00996507860463695,0.025971851786761,0.00964973230365945,0.011719974953777
"img_01213.jpg",0.841330566750967,0.0273536704214146,0.0110564775429354,0.0207703592862915,0.0100226860721244,0.0432398713168895,0.00983622013532717,0.0363901484740504
"img_01222.jpg",0.243338030734054,0.191196132819218,0.0173541430726576,0.0354087009192304,0.00993967134890012,0.0749626774324011,0.0237924229547646,0.404008220718774
"img_01224.jpg",0.0551851999532896,0.0181737658373004,0.136398877502123,0.0153701405373705,0.00993950100924453,0.020165827782945,0.0108423423277623,0.733924345049964
"img_01253.jpg",0.0147913456420125,0.00946704922903448,0.00946704922903448,0.00946704922903448,0.00993766079940513,0.00946704922903448,0.00946704922903448,0.92793574741341
"img_01286.jpg",0.573622063910994,0.0961433395691191,0.0120968920132383,0.0226909158759926,0.010793276443355,0.105423671631219,0.0189589198782839,0.160270920677798
"img_01289.jpg",0.550135427717324,0.0660965738323134,0.0100854891150192,0.0130189999705399,0.0099434847669719,0.0752963258024185,0.0310951204752811,0.244328578320132
"img_01328.jpg",0.84121080895243,0.0312640808615858,0.010223438865965,0.0168494614393296,0.00995762128329716,0.0425264797820478,0.0116481919780948,0.0363199168372498
"img_01371.jpg",0.824842818698743,0.0105566699102164,0.0144742890682504,0.0104538771895122,0.0106025301922002,0.0133339699302308,0.0122567099924128,0.103479135018434
"img_01379.jpg",0.846222637577889,0.0167170507655475,0.0340363508250576,0.0273190416429357,0.00996448282469699,0.0300235687831164,0.0106054604009202,0.0251114071798367
"img_01388.jpg",0.846355341249941,0.0535140931286417,0.0103824601903272,0.00970572032376267,0.00997854846648893,0.0337952549024664,0.00970572032376267,0.0265628614146091
"img_01392.jpg",0.012236609757639,0.037311965647169,0.708035281857686,0.0109575694380367,0.00994624640670491,0.0106483735780499,0.010822444374652,0.200041508940063
"img_01399.jpg",0.0395027392487795,0.658267900175187,0.0368851783395646,0.00996398082677345,0.00993909776130416,0.022051492395724,0.0162885745708338,0.207101036681834
"img_01404.jpg",0.895613572174362,0.0270651050358088,0.0100788912608917,0.0182111924935192,0.00996279315659232,0.0153692881085556,0.00973979069818377,0.0139593670720862
"img_01405.jpg",0.838285304431049,0.0394394386245929,0.0109590364261195,0.0402602272401998,0.0101250093613944,0.0367480308496436,0.0110928815736827,0.0130900714933182
"img_01413.jpg",0.913680006198559,0.0101274301811199,0.0102459347608668,0.0120636137496474,0.0102684301706241,0.0209460641647122,0.0105359991067562,0.0121325216677145
"img_01431.jpg",0.333367072204161,0.0553588434095567,0.0109851523769623,0.492142520575931,0.00995907336268264,0.0699128729181682,0.0107003870829151,0.0175740780696231
"img_01441.jpg",0.0169207265192728,0.00962392112899149,0.0205578263818625,0.00962392112899149,0.0099381133504138,0.0104684225575647,0.0177873203284554,0.905079748604448
"img_01444.jpg",0.110788531580323,0.0153435077516261,0.0205978212657126,0.0103297872608369,0.00993954921750166,0.0362321004898615,0.048196788010465,0.748571914423674
"img_01490.jpg",0.013046995665588,0.0123552685261239,0.203565282550868,0.0172041257137405,0.00993869133066683,0.0139665694681342,0.0110049137460229,0.718918152998856
"img_01511.jpg",0.85186937485639,0.0476815959239551,0.0180700766131109,0.0220473715906936,0.00995675556068138,0.0277411519088671,0.011820779829589,0.0108128937167127
"img_01519.jpg",0.462697036173906,0.105788553119991,0.0232882586511747,0.0255325867053984,0.0100022781692587,0.29349996093997,0.0215387718429938,0.0576525543973065
"img_01530.jpg",0.72297220313562,0.0193904542320677,0.0744180304575547,0.0511804689837864,0.0103764991080631,0.0240377834030747,0.0160637865650895,0.0815607741147435
"img_01537.jpg",0.609358461194262,0.0214331715957458,0.1847498306303,0.0132636860259574,0.010183639640686,0.0283381420297683,0.0196160560209872,0.113057012862293
"img_01538.jpg",0.881185631190803,0.0154974676032543,0.00970618431476982,0.00970618431476982,0.00994015261754389,0.0491002896620493,0.00995700187516997,0.0149070884216393
"img_01543.jpg",0.917122094246685,0.00978295593525831,0.018952066783836,0.0109015816253283,0.0101112715456598,0.00978295593525831,0.00978295593525831,0.0135641179927159
"img_01548.jpg",0.852017693088599,0.0102027958368465,0.0279243543825773,0.0099177023498131,0.0101078861473197,0.0111999403301362,0.0171763784623565,0.0614532494023522
"img_01552.jpg",0.861275134495418,0.0342808038446667,0.0202779989064768,0.0100931690400708,0.00995249869862898,0.0442446224702713,0.00973040789991639,0.0101453646445509
"img_01571.jpg",0.867285279726577,0.00977532664873229,0.00963029943461273,0.00963029943461273,0.00993836207751663,0.0283983771583475,0.0426298030687645,0.0227122524508363
"img_01593.jpg",0.532482238946701,0.0399740292052442,0.0192951794605845,0.0122988666939442,0.00995767154657451,0.0948162057407442,0.0405461934336607,0.250629614972547
"img_01616.jpg",0.628301558469731,0.230113763727175,0.0130795783861678,0.0200981056159058,0.0101047180833701,0.0314384431369793,0.0117242226453833,0.0551396099352874
"img_01618.jpg",0.752186767417221,0.0214998175130471,0.00979444304783763,0.0137410940883578,0.0099674078225729,0.172891130379036,0.00987583833984847,0.0100435013920795
"img_01627.jpg",0.66866583830383,0.125243223707256,0.0289525723183964,0.0347044923924562,0.00993911626790786,0.0602765253690914,0.0131496095665547,0.0590686220745079
"img_01632.jpg",0.901643666330665,0.0154018305061799,0.015668567804072,0.00988364223260641,0.010092668290301,0.0139820588132708,0.0108981723446638,0.0224293936782407
"img_01633.jpg",0.431732934589809,0.0132516015073141,0.0110340095936887,0.0175337257529725,0.00999645506266856,0.411827681030038,0.0323767251988748,0.0722468672646345
"img_01640.jpg",0.905863881724334,0.00963969950609799,0.00963969950609799,0.00963969950609799,0.00996040562383461,0.0353466739920527,0.00963969950609799,0.0102702406353872
"img_01646.jpg",0.713949963377232,0.0912785173220211,0.0125427034501973,0.0505684780911173,0.00994092555547956,0.0644286773319596,0.0163552216143859,0.0409355132576071
"img_01669.jpg",0.413086962192218,0.0949699301750463,0.0150243848811574,0.401145598374091,0.00998903978504879,0.0328110524042244,0.0126713743142402,0.0203016578739731
"img_01681.jpg",0.291934797965696,0.0205568916927447,0.00996887341395954,0.0113529803029979,0.0100217244333227,0.0322733480630635,0.0166011290774195,0.607290255050796
"img_01684.jpg",0.541888773549905,0.0907971764831617,0.0122391636574108,0.03097400004766,0.00993942273021118,0.0318417137500903,0.00983726602442347,0.272482483757138
"img_01687.jpg",0.220172505278824,0.0129858540242326,0.0231734956497363,0.00974012996981791,0.00994033821129764,0.01172967553484,0.0178666677598208,0.694391333571431
"img_01688.jpg",0.415339383883197,0.0900362380782933,0.0102580844977719,0.0136777705584756,0.009943379385814,0.0779301726569426,0.0267376667488841,0.356077304190621
"img_01689.jpg",0.102734457234178,0.0229228212673353,0.0665058208947754,0.0125786696321899,0.00993946727349622,0.0701588548831504,0.0577153728387192,0.657444535976155
"img_01724.jpg",0.705244889174798,0.0104476531588171,0.123372609634067,0.0120626684331884,0.0102261504706576,0.0322071190047925,0.0130914555016191,0.0933474546220606
"img_01771.jpg",0.789155061174771,0.0789952912926342,0.0113783719005274,0.0161346388291235,0.00994765643095695,0.0228756513230961,0.00974361665090843,0.0617697123979821
"img_01773.jpg",0.319904360356102,0.0290921179587448,0.0213307167843339,0.0104656253067828,0.00996468941215442,0.0418966906007798,0.107653496185242,0.459692303395861
"img_01802.jpg",0.900454117651816,0.0117190060592767,0.0106545247424221,0.0106545247424221,0.0108945729432362,0.0106545247424221,0.0107927854252339,0.0341759436931708
"img_01803.jpg",0.013769379112544,0.0318514492380635,0.796170741627644,0.0211281369187798,0.00994483467869886,0.0108965190597143,0.0126378678174616,0.103601071547094
"img_01824.jpg",0.544986327511337,0.0122347518791516,0.0153831743897316,0.0164934238411461,0.0101615996285916,0.299905360272546,0.0374071259408131,0.0634282365366827
"img_01831.jpg",0.296840266996081,0.0102200509316794,0.0287864549040212,0.477746254392846,0.00995341824535489,0.0879744385678271,0.011105042539886,0.0773740734223039
"img_01834.jpg",0.079661946066851,0.0322794615705478,0.209588937533205,0.0692397005362631,0.0099392033549417,0.0164369208528314,0.0118749056987549,0.570978924386605
"img_01847.jpg",0.0880307546434789,0.0802012290311522,0.0345676457248411,0.0124092926957219,0.00994703285338152,0.168556275473925,0.0713057774235831,0.534981992153916
"img_01853.jpg",0.569951360540873,0.0700504759839703,0.0321040932049312,0.0119593138412145,0.0099932097240182,0.0502238343736389,0.0616262628219593,0.194091449509395
"img_01856.jpg",0.904618607041228,0.0175964874326127,0.010514513602001,0.00968883974460569,0.00993795461017786,0.0223554469017633,0.00968883974460569,0.0155993109230055
"img_01862.jpg",0.68546166117289,0.0206926638617377,0.167774312612561,0.0200929616040666,0.0102104280251569,0.03155785809747,0.0207275586594507,0.043482555966667
"img_01874.jpg",0.440626626401092,0.0130974953022354,0.0234460944913852,0.014158784940504,0.0100046447735301,0.322464595483355,0.112144774403711,0.0640569842041878
"img_01888.jpg",0.200858429066285,0.152065095457842,0.0131179793172713,0.0706929970657335,0.00997744065021262,0.275683657484814,0.0174342320149946,0.260170168942847
"img_01918.jpg",0.279502470623752,0.0437480076813677,0.0107513153932697,0.582601699582726,0.00993970617614605,0.0250489346923925,0.0105648286628045,0.0378430371875415
"img_01930.jpg",0.52600796045753,0.0161572493266468,0.0446047379119902,0.052130466578909,0.00995460269007072,0.328907028733742,0.00987259646996826,0.0123653578311427
"img_01932.jpg",0.68350752571936,0.123362567129366,0.0115471231407085,0.014610390740471,0.00994765005720701,0.0305029972360238,0.0114722844142459,0.115049461562618
"img_01955.jpg",0.0128203504789695,0.00947206446574938,0.00947206446574938,0.00947206446574938,0.00993771127590965,0.00947206446574938,0.00947206446574938,0.929881615916374
"img_01963.jpg",0.859752684720826,0.0104578821929328,0.00959263041325453,0.00975194129167329,0.00993836458363737,0.0106970976256064,0.00959263041325453,0.0802167687588152
"img_01966.jpg",0.794570660195329,0.123024071941964,0.0113661409642317,0.0106596489245042,0.00993831707804088,0.0149998166563401,0.0104592145196391,0.0249821297199516
"img_01983.jpg",0.589180752987617,0.0281702803043374,0.177404864716963,0.0420831475445885,0.0111095439103467,0.0845662614970346,0.013325833109965,0.0541593159291483
"img_01984.jpg",0.298763109158418,0.0434451901808992,0.00971724645172106,0.0168066897628299,0.00993826929574661,0.106173745679076,0.0373563688881787,0.477799380583131
"img_01996.jpg",0.192024412243692,0.0640894511702623,0.0154922785603775,0.0213337359164337,0.00995506968188444,0.409925019608657,0.122275088136897,0.164904944681797
"img_02001.jpg",0.308587943051047,0.0190096756395564,0.0352099937098593,0.00992790940705221,0.00997418166348634,0.251212048582208,0.0242263603616544,0.341851887585137
"img_02066.jpg",0.790756599613466,0.0353920553514871,0.0334768223998007,0.0205841049663861,0.0100759765978488,0.0609382736674976,0.0155968739357793,0.0331792934677342
"img_02074.jpg",0.701586832230817,0.0179153297684426,0.0405504521892108,0.0766897355900868,0.0100580917238769,0.0893358408447919,0.0201257458699082,0.043737971782866
"img_02076.jpg",0.395460199100821,0.411934859408527,0.0162989316459981,0.0142243270539362,0.00995941186539436,0.0125182611273193,0.00986037158451447,0.129743638213489
"img_02077.jpg",0.133576233329902,0.0343433965018303,0.0524593284765376,0.485003025800162,0.00994010962642446,0.0508955415300578,0.0167004863040139,0.217081878431072
"img_02096.jpg",0.896030427851749,0.0316327159224402,0.0139479781823732,0.0104566796591224,0.00993774518600412,0.0142541845132483,0.0130966455956309,0.0106436230894315
"img_02119.jpg",0.462705778131713,0.0642994742905343,0.301997200475571,0.0252921264926483,0.00994261646784662,0.0496901585745826,0.0158224129181601,0.0702502326489445
"img_02172.jpg",0.62130047189939,0.0234429659851644,0.218146452044028,0.0102937896767097,0.0102054854792252,0.0155352033341189,0.0152261970524864,0.0858494345288771
"img_02180.jpg",0.757643229579435,0.0746778148967299,0.0149638364790232,0.0183345483701042,0.0100072751777039,0.0720329753232557,0.0139002044985759,0.0384401156751722
"img_02188.jpg",0.771405377868256,0.0410833987486618,0.013280528194177,0.0115250508345761,0.010105707067421,0.0360251645438933,0.0197826159875916,0.0967921567554229
"img_02209.jpg",0.146529984220762,0.0434612830592679,0.0486325460274389,0.0287725458949245,0.010195753307628,0.55416418305208,0.0931840572520972,0.0750596471858019
"img_02252.jpg",0.903241502151315,0.0264453658438071,0.00952197620700922,0.00952197620700922,0.00993792833864537,0.00952197620700922,0.00952197620700922,0.0222872988381953
"img_02268.jpg",0.726874385329697,0.0459829184492042,0.0266289816941242,0.0990226762884844,0.0100026205739122,0.0500018225533764,0.0157117712937329,0.0257748238174688
"img_02270.jpg",0.710096418030185,0.0323882342818347,0.0654701191296467,0.0706490909440053,0.010213497930447,0.050111672817594,0.0126729049401132,0.0483980619261745
"img_02281.jpg",0.280212870064276,0.0318548488193234,0.012234951523024,0.614786946631396,0.00993938508568833,0.0292330461477948,0.00988141665715355,0.0118565350713446
"img_02282.jpg",0.0115608594991647,0.00949798569629257,0.00949798569629257,0.00949798569629257,0.00993780564708146,0.0105279525019763,0.00949798569629257,0.929981439566607
"img_02291.jpg",0.860659161517756,0.0546266963793294,0.0197467957829608,0.00989636455726454,0.00993781453760473,0.0114667343014643,0.00967156055683851,0.0239948723667819
"img_02299.jpg",0.182648103598154,0.162012347737574,0.0217036590245333,0.0381269848965265,0.00993992547798389,0.113874582808305,0.0559044117782863,0.415789984678637
"img_02307.jpg",0.217348002588427,0.0238077793288893,0.0102979324056381,0.0106846238009911,0.0100918756565918,0.0992553297607657,0.0272221759351479,0.601292280523549
"img_02309.jpg",0.883748021296201,0.00980165134658635,0.00969442639145791,0.00969442639145791,0.00996044867254212,0.0519895916924495,0.00969442639145791,0.0154170078178473
"img_02318.jpg",0.0568079689771582,0.00999617291493786,0.00967951177034437,0.00964727123504114,0.00993911329028842,0.0108734970634217,0.00997253316050783,0.8830839315883
"img_02356.jpg",0.205776842491726,0.0821383290332511,0.0306100806854562,0.0439138295504688,0.00995626104956773,0.0198772834035755,0.0220801760230035,0.585647197762951
"img_02367.jpg",0.871255396033188,0.02077089199818,0.0106708593556675,0.0112853674308064,0.0104548595368634,0.0469720635879833,0.0131507409477283,0.0154398211095832
"img_02379.jpg",0.292906769731157,0.0134433219574516,0.00970230881283491,0.00970230881283491,0.00993860017057,0.015091748425844,0.0143933303190072,0.634821611770301
"img_02384.jpg",0.615921905714198,0.0354394219405716,0.0283479695472511,0.0151173989836918,0.0101278498616793,0.0949827479093395,0.0476274167438991,0.15243528929937
"img_02398.jpg",0.723315587527918,0.0752127071651515,0.0105670896700582,0.0184702139083236,0.00993939058703529,0.0892289852681333,0.0103061771313026,0.062959848742077
"img_02400.jpg",0.672788999344801,0.0331207440764506,0.0899209590748979,0.0182068274120766,0.009939317306714,0.0521940656308368,0.0127827135683376,0.111046373585886
"img_02406.jpg",0.118893479039287,0.0157826230174225,0.0437114258295123,0.515706028051835,0.00994105300168132,0.0175933275755927,0.0298074317842761,0.248564631700393
"img_02412.jpg",0.847244025873676,0.00985939520013795,0.00985939520013795,0.00985939520013795,0.0101432638807861,0.0118855400968264,0.0123000959935803,0.0888488885547171
"img_02422.jpg",0.463049582443642,0.122345505574756,0.024794430727768,0.0326431946830042,0.00998646486017331,0.0332334035549389,0.0396614817261494,0.274285936429568
"img_02486.jpg",0.884334891325748,0.0324045120492741,0.0108447502311887,0.00963819322359147,0.00993904106425966,0.0149680537482845,0.00966732593563658,0.0282032324220168
"img_02487.jpg",0.843374169959603,0.0386565064772059,0.00969759583344252,0.00969759583344252,0.00994763185471333,0.0188122066722074,0.0367220321210651,0.0330922612483204
"img_02522.jpg",0.905614869694147,0.0186303863338044,0.0097863409337872,0.0114381879663094,0.0100998981659988,0.021727442257364,0.0111454340614182,0.0115574405871708
"img_02556.jpg",0.365462420143821,0.0901918726327919,0.033298852068362,0.0194702064661424,0.00994012388454622,0.0139421450951742,0.0213030682880501,0.446391311421112
"img_02565.jpg",0.517837779436432,0.016867826840629,0.0661831441173646,0.0185726827999277,0.0101671875444545,0.100550975569409,0.0577520769923585,0.212068326699426
"img_02574.jpg",0.788500556331012,0.0525333798757501,0.0134150803012857,0.0182871414408892,0.0113549923819707,0.0709260162262889,0.0165709124386415,0.0284119210041618
"img_02602.jpg",0.714649069414392,0.0593321398333458,0.0177875104455855,0.0271564172866312,0.0099839377449348,0.132925713567533,0.0200175872554379,0.0181476244521401
"img_02625.jpg",0.184497331470221,0.0581406455754679,0.027095864465484,0.0186885194844694,0.0099911074110618,0.518523894234852,0.0427902386317329,0.14027239872671
"img_02636.jpg",0.906628354015663,0.0125826417623872,0.00955126602198232,0.00955126602198232,0.00994074954572799,0.00959100697713188,0.00955126602198232,0.0326034496331433
"img_02638.jpg",0.818398852929895,0.0609512469330471,0.0111678861568865,0.0100898484553019,0.0100058268321815,0.0277556213915656,0.0122174878717242,0.0494132294293982
"img_02646.jpg",0.0135338834017662,0.0110078386810386,0.0097414300415636,0.0114727952760669,0.00993878753556344,0.00964647289289424,0.00960808460832978,0.925050707562777
"img_02651.jpg",0.916771864223422,0.0101923226286094,0.0191961580491764,0.0131395485209631,0.0100901932354904,0.00981589017079033,0.00981589017079033,0.0109781330007582
"img_02656.jpg",0.893672600053034,0.0255915948578583,0.0101236421015581,0.0106838528358974,0.00993888138845432,0.00995237301135795,0.00958073959129486,0.0304563161605448
"img_02666.jpg",0.920138975805231,0.00979114593341649,0.0137196627024175,0.00979114593341649,0.0101171845869315,0.00979114593341649,0.00979114593341649,0.016859593171754
"img_02687.jpg",0.150845544506179,0.0139372774643023,0.0109014570881534,0.00979335920145882,0.00993911904972365,0.0138589761962901,0.0131015150953452,0.777622751398548
"img_02699.jpg",0.822315804062346,0.0128261285246218,0.00996744319894485,0.00996744319894485,0.0102534882686807,0.0123466268376195,0.0103840764288695,0.111938989479973
"img_02703.jpg",0.574915424443821,0.0306357475613608,0.0328958148342172,0.0140798380798336,0.0100305465155155,0.0256596046907477,0.0265808383657119,0.285202185508792
"img_02709.jpg",0.766390138046284,0.0236715324149559,0.0390336952376285,0.0497891560698044,0.00997323510171608,0.0750885267750134,0.0104396294894077,0.0256140868651906
"img_02726.jpg",0.643391782916445,0.0220631536127727,0.126084654330118,0.059485064179521,0.0108361130108563,0.0853375681097867,0.0112333403753416,0.0415683234651595
"img_02733.jpg",0.462419757951536,0.0524058732082338,0.0509435849125131,0.298773691303306,0.0101202578699597,0.0659964831407354,0.0125688165261839,0.0467715350875322
"img_02739.jpg",0.860558161075828,0.0123297957960604,0.00973274549217006,0.00973274549217006,0.00997851710510766,0.0730425324292658,0.0106791783729536,0.0139463242364447
"img_02749.jpg",0.272922563125464,0.0116866535236217,0.0185760267686092,0.546993483292211,0.00996624732451063,0.0656112903515155,0.0102178117806954,0.064025923833373
"img_02759.jpg",0.0486492995889842,0.0250246977111119,0.0983134921510258,0.0107890381869916,0.00994505826537319,0.0165931196902143,0.0219164683423443,0.768768826063955
"img_02764.jpg",0.930732108508453,0.00957903721272513,0.0109843012579302,0.00957903721272513,0.00995999098944039,0.0100074503932754,0.00957903721272513,0.00957903721272513
"img_02766.jpg",0.833389832871015,0.0360618342388977,0.0324393343073012,0.0119868347025881,0.0099650786778298,0.0415730373488501,0.0106348954939485,0.0239491523595694
"img_02769.jpg",0.0211464700306553,0.0125944255425204,0.0872756937567604,0.00970301301661579,0.00993852538765725,0.0109758690902906,0.024119032725209,0.824246970450291
"img_02771.jpg",0.872824256307313,0.0172685289488084,0.00964117653142113,0.0110195453944812,0.00993866785953002,0.0580219106741477,0.00964117653142113,0.0116447377528779
"img_02799.jpg",0.918777434413856,0.0168758939919702,0.00956464186599834,0.00956464186599834,0.00994110226296264,0.0147030577209726,0.00956464186599834,0.0110085860122438
"img_02808.jpg",0.642983784483706,0.0215760305444794,0.0610840173815737,0.0978964278745959,0.00994073538744183,0.118197854578608,0.00985722302509299,0.0384639267245024
"img_02811.jpg",0.684890665724989,0.009807906837573,0.0528921051303804,0.0893105563636922,0.00996832636195078,0.0970761567054849,0.009807906837573,0.0462463760383568
"img_02830.jpg",0.0798890335820991,0.131770860093716,0.012175645980427,0.0178021065925763,0.00995730068038585,0.522741720535572,0.0770836076946623,0.148579724840561
"img_02834.jpg",0.575407180259051,0.0425834457954419,0.0165977671785266,0.0104386569937724,0.00997416105512605,0.041096764628311,0.0197177088002633,0.284184315289507
"img_02837.jpg",0.528728149829412,0.276467673833465,0.010643205023485,0.01041374645831,0.00994855630547815,0.013007869509624,0.0269321657219578,0.123858633318269
"img_02838.jpg",0.851730591451556,0.0413685522635557,0.0313170996342637,0.0142854045377534,0.0099979455517598,0.0144778723475072,0.00988351877038352,0.0269390154432206
"img_02876.jpg",0.281111847147048,0.0881198931841012,0.0950831294592352,0.0203360294860094,0.00993982938018832,0.0559966375874639,0.0363236715936682,0.413088962162286
"img_02889.jpg",0.67527792492023,0.0316345670171638,0.0682032122749904,0.0767379853271895,0.0100588761283385,0.0782871110507499,0.0154763436308617,0.0443239796504764
"img_02899.jpg",0.525958161970273,0.0247160990932962,0.0146380390909988,0.190671945505993,0.0102716480651913,0.123449680317581,0.0107847591894587,0.0995096667672076
"img_02904.jpg",0.847863637908001,0.0341513053435037,0.0183340385274401,0.0195782290255908,0.0100229112077875,0.0297536862753353,0.0144537169063145,0.0258424748060266
