"image","ALB","BET","DOL","LAG","NoF","OTHER","SHARK","YFT"
"img_00007.jpg",0.113535926143296,0.050599027914332,0.0125461053288011,0.0117238298095397,0.00100292046291184,0.00492732964736614,0.00492732960219061,0.800737531091563
"img_00009.jpg",0.740485817933944,0.064625080742844,0.00487261640130987,0.00549730440303291,0.00100285229655272,0.166001475580647,0.00553144270736302,0.0119834099343063
"img_00018.jpg",0.706349661508342,0.0967366599337512,0.0055840718904138,0.025628222454247,0.00100331722317395,0.142245822653455,0.00492382074946712,0.0175284235871504
"img_00027.jpg",0.15438096904949,0.474726053937503,0.0116208033510523,0.00621073518647589,0.0010190149339114,0.254853072346289,0.0322137555947373,0.0649755956005409
"img_00040.jpg",0.233971089558519,0.0232033277193304,0.00514583269451934,0.00596397504624354,0.00102033314214513,0.0186581976533694,0.626725647222496,0.085311596963377
"img_00053.jpg",0.820201445457598,0.0819930238283441,0.0105230308317363,0.00801155095955623,0.00102409679488305,0.0467989412480653,0.00709940908754552,0.0243485017922716
"img_00071.jpg",0.112172749619653,0.0115945279492091,0.0050463587123255,0.850461647257077,0.00100292152449674,0.00889882888000039,0.00487323871736378,0.00594972733987504
"img_00075.jpg",0.779260827950022,0.0873292656632107,0.00614185434717815,0.0150407550345161,0.00104690515129267,0.0913992069570166,0.0101634289942642,0.00961775590249972
"img_00102.jpg",0.327724790112132,0.023281822831009,0.00777431301834795,0.00523471210304375,0.00100468955265541,0.0333973361491623,0.00985844717485487,0.591723889058795
"img_00103.jpg",0.91879522188762,0.0075200093822351,0.0182469386744507,0.00486010440219365,0.00100284719550472,0.0262610886030056,0.00485623465699302,0.0184575551979971
"img_00109.jpg",0.939421698934194,0.0184970814084979,0.00485612013095307,0.00484211465596823,0.00100305982973663,0.0123543903138005,0.00594427899587645,0.0130812557309735
"img_00120.jpg",0.463074901111155,0.0354341051823987,0.00742183764146066,0.00773593145052918,0.00100951428656766,0.0333983155914278,0.124042278669842,0.327883116066619
"img_00125.jpg",0.649398496993243,0.0196136521617763,0.0135777746415889,0.00571737896230746,0.00100294265533776,0.0392853416007434,0.0109173087304972,0.260487104254506
"img_00128.jpg",0.0200575783950155,0.0172624732392229,0.283728019407553,0.00492757113540795,0.00100509935275798,0.00801299789126667,0.00711801633793121,0.657888244240845
"img_00129.jpg",0.229836277371437,0.02225634161849,0.00756408678972006,0.00706567373973728,0.00102324832370492,0.0189971889811483,0.631613597413297,0.0816435857624656
"img_00138.jpg",0.88568371365455,0.0510850414490537,0.0121757852142945,0.0140853094829221,0.00100782990740745,0.0172943023749255,0.00640363223307406,0.0122643856837723
"img_00141.jpg",0.0113770071286314,0.0121613218891308,0.0194130550167338,0.00486845793978827,0.00100286170678591,0.00626297142195869,0.00486841986447218,0.940045905032499
"img_00152.jpg",0.100551344137988,0.0708234778065654,0.00765903941184037,0.0052671759836205,0.00100716821819217,0.084508614750748,0.0144985492777347,0.715684630413311
"img_00161.jpg",0.00994610187091146,0.0047885399059397,0.00478852766722735,0.00478852892924112,0.00100278191686682,0.00492506735434223,0.0047885276346707,0.964971924720801
"img_00170.jpg",0.242098682836296,0.00630408724839303,0.00621907054513803,0.64599065743641,0.00100593751114457,0.0406235147798526,0.00554140813135147,0.052216641511414
"img_00171.jpg",0.505543579445815,0.032265192331194,0.0914559379155579,0.0832252936382184,0.00102252939777342,0.269798585963856,0.00678745843770717,0.00990142286987876
"img_00175.jpg",0.521302470594042,0.0177217692455705,0.0180717011017534,0.0364083515154285,0.00101099496784334,0.389092946406839,0.00552982752707753,0.010861938641446
"img_00180.jpg",0.0482885102907341,0.00826140169448975,0.0101109317159486,0.00886970307550366,0.00100507310936429,0.00972313519898955,0.0101482759780401,0.90359296893693
"img_00212.jpg",0.353879725093556,0.00821810936575008,0.00483085278824644,0.00678723468339463,0.00100282179242176,0.00666124894769985,0.00482838853254359,0.613791618796388
"img_00223.jpg",0.732810204291865,0.0158348740638163,0.135932685797068,0.0154303147871063,0.00100307501709049,0.0724941511036334,0.00918193779782807,0.0173127571415927
"img_00230.jpg",0.68857801950906,0.178824108950387,0.00498315585432919,0.00538132648351505,0.00100285991206312,0.102281853987434,0.00487269978940193,0.0140759755138101
"img_00232.jpg",0.0120544303868417,0.0061693159796254,0.00490264174676022,0.00504688855779101,0.00100289586953341,0.0129712249116123,0.949480502993472,0.00837209955436431
"img_00244.jpg",0.39048368811631,0.0602140988076358,0.00664899212268615,0.00718229026684023,0.00100297733572336,0.38852783524248,0.00685861961941929,0.139081498488905
"img_00280.jpg",0.934949781015815,0.00555735326296279,0.0134633371118617,0.00511634745932288,0.00105870839583056,0.00616169737167175,0.00661318452271851,0.0270795908598171
"img_00282.jpg",0.593783359307396,0.0390198198051224,0.0352358358552415,0.0887825267798518,0.00102065319720771,0.225034134485789,0.00652746415661574,0.0105962064127757
"img_00285.jpg",0.362141056425808,0.0385653893884408,0.0105686593415722,0.00579592102960731,0.00103059222799511,0.022403448402968,0.034971078631381,0.524523854552227
"img_00292.jpg",0.409582205969504,0.250518326810176,0.00620100721885579,0.00758481765410885,0.00102037145351715,0.0480730978157222,0.020858341372129,0.256161831705987
"img_00302.jpg",0.269934419483744,0.0206677599799233,0.00512651456399281,0.00587867615081283,0.00103078684033336,0.0162852241413533,0.615667207654925,0.0654094111849149
"img_00311.jpg",0.968518332009608,0.00500658483073233,0.00478762749977451,0.00478763748297034,0.00100535878340829,0.00478831392332485,0.00478761702557273,0.00631852844460901
"img_00320.jpg",0.961734697801435,0.00901348492712507,0.0048403746829802,0.00484037465333506,0.00100430899746253,0.00802826526952768,0.00484037466105805,0.00569811900707696
"img_00331.jpg",0.77417937605863,0.00678095820503706,0.00533840505596923,0.00501195988366664,0.00101699728445466,0.146681593623254,0.0179448202927186,0.0430458895962699
"img_00358.jpg",0.589197122097126,0.0396126083308631,0.00520860590013781,0.00517087836229936,0.00100431762108219,0.0902980361076705,0.0364597666400879,0.233048664940734
"img_00374.jpg",0.597444555811318,0.165642598935257,0.00561985470158853,0.00665533141797472,0.00100290282921369,0.00948170250597927,0.00493435031256955,0.209218703486099
"img_00375.jpg",0.110538282563626,0.0594985499184287,0.704625126193574,0.013374524658636,0.00100476714127521,0.0510824282573336,0.0107542480544653,0.0491220732126611
"img_00376.jpg",0.864660038665693,0.0175775672639309,0.0187596822637068,0.00500725351769493,0.00100706599472204,0.0332750556251607,0.0335599717468695,0.0261533649222223
"img_00380.jpg",0.927749075360831,0.0114711724274596,0.0067191437845371,0.00769133061935442,0.00100411948608028,0.0341057553204652,0.0049167106538161,0.00634269234745661
"img_00383.jpg",0.866255777035111,0.100967669499031,0.00480175915844,0.00812188329236618,0.001003152583782,0.00661274363807392,0.00480171991651096,0.00743529487668538
"img_00398.jpg",0.897173225634184,0.0105527162718658,0.00486687880050587,0.0048669135517914,0.00100940157050578,0.0057136906654315,0.00486690619277967,0.0709502673129361
"img_00407.jpg",0.935726652465522,0.0119785234624282,0.00717068712392659,0.0117689875270655,0.00100303659193841,0.0193776568854488,0.00490806917774784,0.00806638676592299
"img_00417.jpg",0.0533666822709358,0.00619925292491691,0.00477217161486529,0.00604707598445346,0.00100276189331547,0.00476830790932956,0.00476831018622224,0.919075437215961
"img_00442.jpg",0.00688076711283662,0.00517702324512566,0.00476368450085889,0.00476368852591258,0.00100275715020296,0.00500626076055832,0.00476368474787815,0.967642133956627
"img_00446.jpg",0.848290535836335,0.0225036055794481,0.00562532876536964,0.0137048939103508,0.00100522257818276,0.041630205991602,0.00551232030940088,0.0617278870293105
"img_00469.jpg",0.663222409864664,0.0691130685251465,0.00696747537653029,0.00536380761482917,0.00100474709489324,0.0248511665528623,0.00647016018138905,0.223007164789685
"img_00473.jpg",0.891179422803801,0.0562718639115061,0.00489337662290657,0.00491753197414633,0.00100917014337375,0.0109844013287511,0.00490546270983099,0.0258387705056839
"img_00483.jpg",0.715476947144726,0.240435908836191,0.00487048182538296,0.00487047381009058,0.00100305481995868,0.00755429652193194,0.00505478363961941,0.020734053402099
"img_00484.jpg",0.279214940529416,0.0956467233632015,0.00811208075231218,0.0149358827607924,0.00100292837247596,0.015533145730626,0.00560699671087534,0.579947301780301
"img_00486.jpg",0.879375430073535,0.0417678215528814,0.0396438055537862,0.0142877064190309,0.00102506136200031,0.00830419033902896,0.00840899184281749,0.00718699285691967
"img_00518.jpg",0.863245786652023,0.0120035146592302,0.00520126013338742,0.00526687235225605,0.00107707565654628,0.00586324778155212,0.0054270585877811,0.101915184177224
"img_00533.jpg",0.446575573423586,0.0280231184838181,0.00842503161443706,0.00644148526468815,0.00100704974676716,0.0180599936617031,0.0995147079201129,0.391953039884887
"img_00538.jpg",0.607113278137761,0.136272928770547,0.00536160347140116,0.00530894466266879,0.00100293651770856,0.0300048107776806,0.00492825664497951,0.210007241017254
"img_00543.jpg",0.967303424327158,0.00572305254379138,0.00478423293135531,0.00478409096720237,0.00100366325737442,0.00491409255213746,0.00478241886460067,0.00670502455638
"img_00550.jpg",0.357064373545572,0.0413087939624936,0.0705493457326113,0.0226590122612957,0.00108528539172064,0.450952609076666,0.0125137369909328,0.0438668430387089
"img_00551.jpg",0.812145914053243,0.0110688520301737,0.0079598521724509,0.0139063324943847,0.00100670380805297,0.121835681838014,0.00579750036635586,0.0262791632373244
"img_00575.jpg",0.748880002298346,0.0245513027543355,0.00580142338238852,0.00591381842324356,0.00102756025137096,0.0300490322158159,0.0200749162302755,0.163701944444224
"img_00582.jpg",0.88576654738252,0.0145473493581874,0.010274067416344,0.00759110784550842,0.00113098513953535,0.0594441082656549,0.00758049668956217,0.0136653379026874
"img_00584.jpg",0.908388756873107,0.00617384507993454,0.0242145842593818,0.0121187681739553,0.00109404547269092,0.00945481677749359,0.00562657431481643,0.0329286090486199
"img_00587.jpg",0.0980358646039231,0.0306570825983898,0.00910411694780788,0.00534747825494831,0.00100869349570774,0.0864070884891941,0.0411448462170523,0.728294829392977
"img_00590.jpg",0.236293238004214,0.0665888551897817,0.0233949331017462,0.00577193031346266,0.00101039007231608,0.0283686927062937,0.047813905871901,0.590758054740285
"img_00591.jpg",0.141328553604747,0.0106853693904963,0.00508432612411952,0.00490979768140551,0.00100290259283879,0.0512489965265543,0.00688127562089651,0.778858778458941
"img_00598.jpg",0.795053556922328,0.0572340363642704,0.00853403230806469,0.0285520964993653,0.00101790209025038,0.0776194613332234,0.00832629148211388,0.0236626230003839
"img_00599.jpg",0.402141617160086,0.0446781204622159,0.0157013045865072,0.00781512299759134,0.00101683305820913,0.0153068488433623,0.0445186402560326,0.468821512635996
"img_00612.jpg",0.779217207941526,0.0162384583848431,0.0067031473893777,0.00561113776984491,0.00101628819519867,0.105076528631396,0.0216529609397842,0.0644842707480293
"img_00620.jpg",0.695753335909021,0.155646122826766,0.0663708384621099,0.00799442872127294,0.0010101412185495,0.0573475460348639,0.00733799060054596,0.00853959622687103
"img_00642.jpg",0.11058493221648,0.0289323882252478,0.00600221884765493,0.828863389165943,0.00100287347094936,0.0120973087230863,0.00488011913182101,0.00763677021881721
"img_00646.jpg",0.0109161311582785,0.00693210615726549,0.0104441837505301,0.00480620816199158,0.00100279917578513,0.00818724232276081,0.0048819225244462,0.952829406748942
"img_00648.jpg",0.968495998445658,0.00490698599012157,0.00479287112171357,0.00479487636712574,0.00100485489249298,0.00495227759699608,0.00479285246997506,0.00625928311591695
"img_00650.jpg",0.221466583875416,0.0226929463650383,0.0109727117816489,0.0115273956425766,0.00101864385612734,0.465688843266808,0.240050644691194,0.0265822305211906
"img_00664.jpg",0.840553352146376,0.0426501044696303,0.00522589967312677,0.00491545598811769,0.00100326650472771,0.00935688105750093,0.00902580088671978,0.0872692392738003
"img_00697.jpg",0.00677946689570137,0.00475630771253948,0.00564642509175837,0.00475627566228013,0.00100274976474632,0.0047562743199304,0.00475627461615841,0.967546225936885
"img_00708.jpg",0.24910281116964,0.0509767340545995,0.0114290383246159,0.0112533960032319,0.00101576985269067,0.567958178655916,0.0524903946727126,0.0557736772665936
"img_00716.jpg",0.0811589240852668,0.125993894419276,0.0090607035093174,0.00915304389434969,0.00101210122917801,0.676368872393896,0.0488524487812986,0.0484000116874171
"img_00717.jpg",0.297543157946884,0.312977918676739,0.00499423459977818,0.0165052004866731,0.00100293038008623,0.344354800355694,0.0123338051636772,0.0102879523904674
"img_00718.jpg",0.908279828969671,0.0114502574738578,0.00585729220293234,0.00701402305749949,0.0010028676343327,0.0296405992940504,0.00487469532101197,0.0318804360466444
"img_00724.jpg",0.0933271837917719,0.00645051389970469,0.00979991955848431,0.00529739424518963,0.00101947129592811,0.0360824885026013,0.263539367892843,0.584483660813477
"img_00726.jpg",0.96480752219536,0.00605421893119902,0.00478686711182859,0.0047867876031248,0.00100278016935586,0.00530376753554674,0.00563783744377026,0.00762021900981503
"img_00730.jpg",0.0504244055918894,0.0118270402395286,0.00642921859967521,0.00495804578238902,0.00100376030395819,0.0115084940547239,0.0205428619355443,0.893306173492291
"img_00757.jpg",0.891575337433159,0.0086194514542123,0.00839921082199714,0.0311090827600128,0.00100500534166156,0.0356735406451711,0.00561143938904998,0.0180069321547363
"img_00760.jpg",0.213021187266357,0.0198502279547734,0.00543756175413996,0.726985673796962,0.00100592971589077,0.0149136555361113,0.00618277205104499,0.01260299192472
"img_00764.jpg",0.00704666989473649,0.010576518335176,0.0133102647314443,0.00482992862236389,0.00100281639543537,0.00482278093635146,0.00482415882030334,0.953586862264189
"img_00765.jpg",0.0774061610292978,0.548204951185014,0.00627928859137848,0.0434751433858084,0.00100434858216464,0.2496598511729,0.0162872978183655,0.0576829582350709
"img_00772.jpg",0.015361905485926,0.00523068421867339,0.583789390411329,0.00481660464538425,0.00100282128146409,0.0514006382131888,0.00626607152816404,0.332131884215871
"img_00777.jpg",0.46211851009434,0.0210659194186929,0.00700594200636199,0.00521998017677533,0.00101248038082129,0.484680734309517,0.0138494947674213,0.00504693884606955
"img_00780.jpg",0.00931707800426599,0.00645589016652086,0.0155203959693985,0.00489168560685297,0.00100288491994901,0.0105613315940197,0.00522207555976079,0.947028658179232
"img_00798.jpg",0.678820724030089,0.194449402985042,0.0077634978408406,0.0751623403676976,0.00102469425752068,0.0131481526138994,0.00767894042531649,0.0219522474795944
"img_00808.jpg",0.718488616641074,0.196870814828691,0.00621322367475861,0.00633534061551395,0.00100288049742948,0.0117980211055737,0.00488779962388728,0.0544033030130723
"img_00816.jpg",0.845954410697147,0.010560661944483,0.00519845299323628,0.00493243224379316,0.00101186075664542,0.0313946863443902,0.00963788765200984,0.0913096073682954
"img_00833.jpg",0.507861221945047,0.0427937587949493,0.0124690484968098,0.0088099432576084,0.00100884102747712,0.266844768017647,0.0793948781160505,0.0808175403444102
"img_00837.jpg",0.593641927185532,0.0387344385145971,0.00720123892586508,0.00767674315869175,0.00101668373192919,0.331098605401091,0.00544258793009206,0.0151877751522021
"img_00855.jpg",0.765487023874873,0.0340700917920606,0.0164071312634253,0.00674577321410174,0.00101846149809031,0.0605911643543282,0.0161455277508263,0.0995348262522946
"img_00857.jpg",0.859463296263951,0.11225815658905,0.00488994875073458,0.00488994727284507,0.00100933690235131,0.0065365655446689,0.00488994879150809,0.00606279988489115
"img_00858.jpg",0.888420727795482,0.0211962698394788,0.00494871860871275,0.00539732177819824,0.00100474094636751,0.0505678076653902,0.0112826714990101,0.0171817418673599
"img_00865.jpg",0.60539335754119,0.311616157788763,0.00517807064148895,0.00486656566789481,0.00100284295803575,0.041570074850947,0.00504914786511998,0.0253237826865612
"img_00902.jpg",0.0101494750615482,0.00529938255504078,0.00492124645433986,0.0055336290531628,0.00100326592689099,0.0124469357318634,0.954233838197594,0.00641222701956024
"img_00914.jpg",0.0067554447049382,0.00549119786717171,0.00474514944159678,0.00474514944066185,0.00100273863011749,0.00474514944061945,0.00474514944086061,0.967770021034034
"img_00921.jpg",0.488448725646471,0.00850379540606142,0.0130394015447605,0.00531011770151958,0.00101974734913842,0.296867529535816,0.075797348601039,0.111013334215195
"img_00927.jpg",0.179312201542148,0.0497338368347762,0.0150841466465701,0.0060172162549238,0.00100922372910012,0.0219678147969288,0.0463406129526229,0.68053494724293
"img_00943.jpg",0.744439721430903,0.159564413778772,0.00482212078890727,0.00482212935937709,0.00100281549041015,0.00537766828808159,0.00482216872570011,0.0751489621378488
"img_00959.jpg",0.957647859406843,0.00492827486387027,0.00483455948089545,0.00483289333758723,0.00101200518828249,0.015212926733298,0.00522981023844964,0.00630167075077337
"img_00962.jpg",0.0211998226210596,0.0142989077033281,0.0155769770645246,0.0048193660499275,0.00100281257350033,0.00632218970170589,0.00482313815003302,0.931956786135921
"img_00964.jpg",0.00698687682343451,0.0190155729502835,0.896166909825129,0.00645489002316301,0.00100289731013186,0.00698238570282429,0.00524292784034427,0.058147539524689
"img_00979.jpg",0.0185352492908409,0.00487253822871929,0.0447323920534783,0.00486869687850331,0.00100286197214025,0.00912942586983616,0.00493993848995116,0.911918897216531
"img_00985.jpg",0.481346742330752,0.0556916389090208,0.00521950435052091,0.008308916844975,0.00101915581919832,0.0370706297914971,0.0193128232295429,0.392030588724493
"img_00999.jpg",0.624398782929092,0.0105358839213916,0.00497309643154781,0.00526359505962651,0.00100390017612395,0.0120177472434417,0.25651586572594,0.0852911285128361
"img_01022.jpg",0.589091576459834,0.00840901698227493,0.00832154657936075,0.011984855655726,0.00103951091419932,0.353103796286513,0.00661443957030779,0.0214352575517834
"img_01031.jpg",0.761394962316765,0.00887560440184311,0.0279967898883717,0.00791970781723587,0.00101965126813032,0.167118191942847,0.0175210475574032,0.00815404480740423
"img_01035.jpg",0.403211662011079,0.0409240676775525,0.0110336910485853,0.00715742371083198,0.00100722425605875,0.513333737328085,0.018235635883065,0.00509655808474171
"img_01059.jpg",0.102903006485654,0.039280684247194,0.0066835745054443,0.00742073593546762,0.00100403420116499,0.0668718283260863,0.0239153140593769,0.751920822239612
"img_01103.jpg",0.0418457080536588,0.0962567695786901,0.00734361166647834,0.0115527014694765,0.00100293984843757,0.00684717103179462,0.0177986202725471,0.817352478078917
"img_01116.jpg",0.575424184712635,0.214741854378491,0.00506996591909223,0.00989151279699485,0.00100292712759846,0.170872305339937,0.00493705439014307,0.0180601953351092
"img_01134.jpg",0.851278306045605,0.00702936434271404,0.0187174426933243,0.0107578073771711,0.00100295361909463,0.0417386693126523,0.00542299301765907,0.0640524635917799
"img_01179.jpg",0.94209489729261,0.00587143054014415,0.00779590143470465,0.00950607090766127,0.0010106222756845,0.0233273835661197,0.00496255215295756,0.00543114183011806
"img_01188.jpg",0.174281983065452,0.500609962504856,0.00803296377686242,0.0409727607203964,0.00100664317498068,0.222471708748137,0.00846723469301748,0.0441567433162975
"img_01211.jpg",0.66835499293802,0.304060835447328,0.00482494903513392,0.0048337587573531,0.00100552596297374,0.00482391575114166,0.00482365705914886,0.00727236504890112
"img_01213.jpg",0.646174183432353,0.274962839608878,0.00621466797559581,0.0160169741290309,0.00101139178642379,0.0319161020030026,0.00498330438258961,0.0187205366821261
"img_01222.jpg",0.428452029707703,0.18029831950984,0.00884833364873035,0.0236296088530447,0.00100295526870508,0.056439787759747,0.00754382035766529,0.293785144894565
"img_01224.jpg",0.0453091659116245,0.0068191885423546,0.0747424108338463,0.00492862677717342,0.0010029217331924,0.00874357966236096,0.00592373615313114,0.852530370386317
"img_01253.jpg",0.0101132920570506,0.00474097643421232,0.00474094518027472,0.00474094793536917,0.0010027344701899,0.00474094487163969,0.00474094489253333,0.96517921415873
"img_01286.jpg",0.293709788109693,0.0176369410465293,0.00677055521890188,0.00587925909067175,0.00108991499881157,0.0185733271724086,0.00546862492701151,0.650871589435972
"img_01289.jpg",0.124422708497283,0.0617919782364473,0.00527335321921374,0.00823335055420826,0.00100332739680225,0.0698474320481849,0.026472698511864,0.702955151535997
"img_01328.jpg",0.711768270703764,0.225544039494533,0.00538874396696773,0.0120735576263566,0.00100476670177873,0.0179997231015874,0.00492764744363608,0.0212932509613773
"img_01366.jpg",0.562901307815661,0.0179611925890932,0.0218742648902166,0.030888937745533,0.00100818644021067,0.342855243312911,0.00661974766283475,0.0158911195435398
"img_01371.jpg",0.908556912502196,0.00551657459735873,0.00585432619301549,0.00524706458271487,0.00107046766994308,0.00613061438825003,0.00706725504784827,0.0605567850186733
"img_01379.jpg",0.659745845529795,0.0196327486804871,0.245891679009052,0.00697592962300141,0.00100546567330974,0.0220457218650868,0.00570407665729491,0.0389985329619736
"img_01384.jpg",0.541493779147176,0.018996860336672,0.0439556066167461,0.01163707105446,0.00106976881880022,0.317701795918384,0.00764966937884397,0.057495448728918
"img_01388.jpg",0.859436704459115,0.0760074000066179,0.00562428937094787,0.00494175315476991,0.00100689752989319,0.0294029740524419,0.00493983024688048,0.0186401511793339
"img_01392.jpg",0.00747842420730547,0.0327804660004727,0.756879668752495,0.00618655185658212,0.00100360860279173,0.00587676640123054,0.00605025203040977,0.183744262148713
"img_01399.jpg",0.0110498615422483,0.529120401274435,0.0226708752724769,0.00504485422238009,0.00100288111884876,0.0141232474903137,0.00541118929731751,0.41157668978198
"img_01404.jpg",0.92540891436636,0.0197832198415264,0.00525928257103754,0.013075819308003,0.00100529333483295,0.00973723335512296,0.00491675577119836,0.0208134814519186
"img_01405.jpg",0.494223739352494,0.255922862228475,0.0103630530122619,0.0140795435084691,0.00102183279304652,0.211544582146252,0.0071823552484414,0.00566203171055969
"img_01413.jpg",0.956818566946365,0.00520418309769192,0.00526582697883433,0.00710025406318215,0.0010364213075348,0.0123479288628918,0.00556062496046095,0.00666619378303914
"img_01426.jpg",0.0497263208235422,0.268698848979911,0.00733080961644896,0.00488149174517383,0.00100287485012525,0.00647211860301513,0.534092838960434,0.12779469642135
"img_01441.jpg",0.0100913585426,0.0048145476150563,0.00523187156890991,0.00478744948911596,0.00100278045690922,0.00563917140719431,0.00478707829402358,0.963645742626191
"img_01444.jpg",0.342557272062411,0.0195323247682855,0.0058602151729391,0.00546804726403277,0.00100292765752808,0.0321106155659887,0.0318033647086078,0.561665232800207
"img_01490.jpg",0.00950737474670719,0.00769763133955337,0.0581981936155027,0.00484627293947694,0.00100283944353101,0.00529877187996122,0.00504789211410741,0.90840102392116
"img_01495.jpg",0.650394947091209,0.0541535984189073,0.00586896377534623,0.0151613007575276,0.00100290494471152,0.0252360996114361,0.00704944223711015,0.241132743163752
"img_01511.jpg",0.57878625297563,0.365607000916267,0.00901154476972281,0.00941790995785191,0.00100467855937608,0.0231197445913189,0.00697179341497863,0.00608107481485475
"img_01519.jpg",0.203309300203724,0.0529310428186432,0.00932761866966354,0.0151298423693187,0.00100931397504454,0.602711023584597,0.0536543302355141,0.0619275281434952
"img_01530.jpg",0.92956274200204,0.0166123377731087,0.0052257378985721,0.00670666017407308,0.00104743169417208,0.00719595488347737,0.00511308253181682,0.0285360530427396
"img_01537.jpg",0.740526740659656,0.0639489762779413,0.0192131198358366,0.00508227528658873,0.00102778517841125,0.134872137628838,0.00633215134055594,0.0289968137921722
"img_01538.jpg",0.546752036510983,0.0349487691792514,0.00505688707369219,0.00489184469171438,0.00100299299161043,0.0573557812552109,0.00532900341962466,0.344662684877913
"img_01543.jpg",0.958273391514671,0.00640622543554869,0.00491777559069861,0.00604342860507206,0.00102041309059349,0.00491499284619232,0.00497808364692101,0.0134456892703026
"img_01548.jpg",0.913341385629126,0.00529790728999978,0.00853111297135813,0.00494310649913389,0.0010200682862146,0.0455180912202477,0.00528163074956375,0.0160666973543563
"img_01552.jpg",0.927037482920582,0.00547030631971819,0.00479386972990177,0.00479385607202248,0.00100424517140013,0.0472170514332979,0.00479386597203538,0.00488932238104164
"img_01562.jpg",0.587288206258733,0.0227848861214749,0.0109504932068744,0.00841757616823847,0.00101641928031377,0.0375182544738302,0.139056390849138,0.192967773641398
"img_01571.jpg",0.952217420898109,0.00817261354608696,0.00481247099881173,0.00481246999009369,0.0010028058488592,0.00481248393259823,0.00587160627436589,0.0182981285110752
"img_01593.jpg",0.314187512366963,0.281560668461259,0.0140920894867169,0.00700948785478868,0.00100477440322623,0.0690394031004124,0.0359971963304779,0.277108867996156
"img_01616.jpg",0.422223482743107,0.531735041997461,0.0049934480169003,0.00501679199532233,0.00101974561285441,0.00747930328559542,0.00554055192068836,0.0219916344280706
"img_01618.jpg",0.852300980335775,0.0107276640227832,0.00490817040728135,0.00690865693403691,0.00100576317724229,0.113948172522145,0.00499674564429432,0.00520384695644257
"img_01627.jpg",0.779376254385349,0.115163175955178,0.00502570635799459,0.00553353947205593,0.00100288820699138,0.0563633978064076,0.00587124023465728,0.0316637975813663
"img_01633.jpg",0.798272451603955,0.00876635450500388,0.00615573103617884,0.00691245243462813,0.00100872082241734,0.0907976955576236,0.0183595831793243,0.0697270108608691
"img_01640.jpg",0.924029635018981,0.0429691038350647,0.00489880870655623,0.00477561829648207,0.0010050502660061,0.00491766943870084,0.00477389574880392,0.0126302186894055
"img_01646.jpg",0.934238866052469,0.0206152835784939,0.00484404511316928,0.00494802832037891,0.00100306681767214,0.0192846664419331,0.00484330929910881,0.010222734376775
"img_01649.jpg",0.883078294581883,0.00899933805434966,0.00937238862344717,0.01519758388833,0.00118636005985754,0.0365983623614276,0.0381311162988226,0.00743655613188273
"img_01669.jpg",0.172622985631491,0.030411640123249,0.00614735623374695,0.751329730281588,0.00100796570981555,0.0152407321956772,0.00776965611322968,0.015469933711203
"img_01681.jpg",0.245004783038008,0.0957509790612607,0.00504137798996248,0.00496562927425249,0.00101129387660958,0.0164972300308326,0.00918356639283826,0.622545140336236
"img_01684.jpg",0.759365899711081,0.0586542536925616,0.00547176377270666,0.019682145044031,0.00100291417089701,0.0688138471583822,0.00492231082477902,0.0820868656255612
"img_01687.jpg",0.565283902106332,0.00915860915708549,0.0074076897237489,0.00492236004475852,0.00100300706367869,0.00693029323436905,0.0131279900399673,0.392166148630061
"img_01688.jpg",0.117863677679577,0.0856325716969148,0.0054360539775385,0.00888660631359768,0.00100331670099935,0.0681973471505052,0.022064571983126,0.690915854497741
"img_01689.jpg",0.0165973897801165,0.007225249319206,0.0357215012627014,0.00492519214439149,0.00100291840401226,0.0380370519742854,0.00811674592087687,0.88837395119441
"img_01724.jpg",0.796812252202438,0.00885458791301857,0.0640506612321777,0.00511332157162788,0.00103211561460468,0.0884737148475413,0.0072528038505744,0.028410542768017
"img_01745.jpg",0.792984699685889,0.056664154474667,0.0517076063561673,0.0282842845567356,0.00104935675367965,0.0422722310462122,0.00956749408300384,0.0174701730436458
"img_01771.jpg",0.868266385311055,0.0402209532173347,0.00658419698942792,0.011383430707088,0.00100375210830683,0.0181853634048829,0.0049346736139604,0.0494212446479444
"img_01773.jpg",0.649624810964454,0.029192820871378,0.00879909212560079,0.0055557755011347,0.0010054863554124,0.0117485080203697,0.0600337898040644,0.234039716357586
"img_01824.jpg",0.294786066690583,0.00727652201053339,0.0104533672736705,0.00820323797759012,0.00102553897544166,0.595800911172319,0.0235110767733247,0.0589432791265378
"img_01831.jpg",0.204786631680993,0.00545016325799492,0.00748448607837588,0.682600922010504,0.00100434691286104,0.0440927753453877,0.00622507459319446,0.0483556001206887
"img_01834.jpg",0.0343395420519905,0.00763222156905801,0.0719288940747505,0.00535942394464308,0.00100289152742075,0.00766919294771662,0.00489832800677281,0.867169505877648
"img_01847.jpg",0.290826578810899,0.0435997776616508,0.00635173941220329,0.00571142799518728,0.00100369506253151,0.0191918907348267,0.0218097294696241,0.611505160853078
"img_01853.jpg",0.190272646900144,0.107915555858185,0.0164412088132177,0.00702962906931497,0.00100839036700306,0.0262330595535765,0.0457082365142756,0.605391272924283
"img_01856.jpg",0.961260890806234,0.0100752313824511,0.00575556459229963,0.0047717077937305,0.00100276566752684,0.00495702448901447,0.00477830020608281,0.00739851506266067
"img_01862.jpg",0.777538233233474,0.0055927969394484,0.0110272380653383,0.00509256982583662,0.00103051367176778,0.170483440589345,0.00804406494525361,0.0211911427295363
"img_01874.jpg",0.846365807142105,0.00519819488518395,0.00578985460898968,0.00498188008765392,0.00100955480766532,0.043448841013992,0.020163946207328,0.0730419212470824
"img_01888.jpg",0.12627325779536,0.333222764797478,0.00822784616941319,0.0435380996823331,0.00100678505474426,0.246816888193052,0.0108767786089727,0.230037579698647
"img_01918.jpg",0.184165368163385,0.0187948484074396,0.00585802926265223,0.735928294215363,0.00100294293000824,0.0175836447013824,0.00566986299955554,0.0309970093202146
"img_01930.jpg",0.881241868125829,0.01491060372791,0.0102189042569999,0.0104984213709415,0.00100445944343183,0.0696485614202706,0.00495049477499791,0.00752668687961902
"img_01932.jpg",0.800967211686316,0.0175578160449894,0.00667955000486143,0.00683649563699038,0.00100375245760414,0.0387160165130511,0.00660641395984021,0.121632743696347
"img_01955.jpg",0.00812461192640441,0.0047461087358675,0.00474610869153809,0.00474610881812398,0.00100273959730158,0.0047461086910305,0.00474610869103499,0.967142104848699
"img_01963.jpg",0.913958749215761,0.0382209735618977,0.00649490752796609,0.00497984441923871,0.00100280773938364,0.00696640432508026,0.00487545307692477,0.0235008601337479
"img_01966.jpg",0.80160964646753,0.124962341665131,0.00482692320892469,0.00480897515904314,0.00100280131076392,0.0263913218319961,0.00482809353926746,0.0315698968173438
"img_01983.jpg",0.856946664067959,0.0223774209676091,0.0243815601812156,0.00848970794142758,0.00112217458110473,0.0349661707395107,0.00784769900883065,0.0438686025123429
"img_01984.jpg",0.169618333995368,0.0119203161055492,0.0048128850964413,0.00491784932827215,0.00100279699570792,0.012416648934856,0.00481413556916817,0.790497033974637
"img_01995.jpg",0.0188243980948594,0.28350235911325,0.012209412202336,0.228320875786229,0.00100550389528215,0.314718431506686,0.0285312138630301,0.112887805538327
"img_01996.jpg",0.14154499066718,0.0240557816662897,0.00563378060672673,0.0083231853125135,0.00100450688033043,0.717700627100802,0.0180495418717322,0.0836875858944255
"img_02001.jpg",0.372135713417555,0.0669386015906184,0.020552447230699,0.00501841423976559,0.0010064531144741,0.109258550334638,0.0216679359005127,0.403421884171737
"img_02006.jpg",0.461421995338759,0.0650947096622884,0.230757223209759,0.0369870185820487,0.00100379497982552,0.0430849739146296,0.00617428058503689,0.155476003727653
"img_02066.jpg",0.856546483143923,0.0694910602307898,0.0078495187269944,0.00663747379509132,0.00101681851551724,0.042367159016701,0.00535538616614171,0.0107361004048414
"img_02074.jpg",0.928011399619617,0.00648591608973074,0.0100732760410441,0.0101205576984618,0.00101499720464837,0.0302831057159504,0.00528184871236572,0.00872889891818188
"img_02076.jpg",0.0954899480584361,0.77506096108003,0.0064766944312223,0.00603631740385028,0.00100494903876955,0.00765123792226614,0.00498483150339426,0.103295060562031
"img_02077.jpg",0.109204485148398,0.0210538565946934,0.0222255368400539,0.77886395111703,0.00100298820816166,0.0286964866690832,0.00847135845687812,0.0304813369657023
"img_02096.jpg",0.962586522359001,0.00565272630520849,0.00475043701702284,0.00475426445887033,0.00100274337069048,0.00735227120612541,0.00483553751518244,0.00906549776789899
"img_02119.jpg",0.716460222045772,0.0123736339822798,0.182999652337509,0.014544510710772,0.00100323910347303,0.0424576076279411,0.0109724250700795,0.019188709122173
"img_02124.jpg",0.0708303001091809,0.00981444323697443,0.0195049868445504,0.00574653641888736,0.00102167776953246,0.837625549737478,0.0107515826345825,0.0447049232488143
"img_02172.jpg",0.630234649965472,0.0137157180571508,0.0191700268591633,0.0050787392813902,0.00103000930854872,0.305203785733305,0.0058556943718328,0.0197113764231379
"img_02180.jpg",0.834766444177714,0.0564900815749246,0.00904918805428945,0.00559302158845229,0.0010098236790645,0.05593607461526,0.0090212214561317,0.0281341448541631
"img_02188.jpg",0.625397409005545,0.0255627887808298,0.00833993068739372,0.00656594840732245,0.00101984668317396,0.0226196995305604,0.0292560141245148,0.28123836278066
"img_02209.jpg",0.128789878879084,0.0132178355364781,0.0185136023572545,0.0118973097822394,0.00102901780016609,0.732555925367482,0.0403557479309538,0.053640682346342
"img_02235.jpg",0.0538247372339813,0.276934762489297,0.0162514535988222,0.119802351661999,0.00100459736087297,0.341431066617209,0.038783207937798,0.151967823100021
"img_02252.jpg",0.827937243684754,0.110616594819043,0.00486817647613334,0.00476854121647615,0.00100276192841301,0.0141186793417687,0.00493972094658928,0.0317482815868227
"img_02268.jpg",0.817710385044207,0.0200347257286534,0.0112392405284792,0.0184302706870655,0.00100935130206091,0.00890968060059982,0.00496029354135765,0.117706052567577
"img_02270.jpg",0.84805497981874,0.0146276367315532,0.0245234612865143,0.0109745525748896,0.00103082533034863,0.0308181424941059,0.00765814650154115,0.062312255262307
"img_02281.jpg",0.130229966953983,0.018653389446053,0.00742468026029801,0.816351801075227,0.0010029101837445,0.0142443958887153,0.00504990317189218,0.00704295302008647
"img_02282.jpg",0.00683734028160154,0.0047566578146396,0.0047556781218163,0.00475569213432534,0.00100274917499669,0.00579493984458953,0.0047562953848693,0.967340647243162
"img_02291.jpg",0.966029338929455,0.00894750644402148,0.0047566797400069,0.00475663002528543,0.00100275006598321,0.00494918510803345,0.0047566316026944,0.00480127808452057
"img_02299.jpg",0.608939021784706,0.0977884800371409,0.0116760203667463,0.0145205516568162,0.00100296504634399,0.0664813913803099,0.0123026281484139,0.187288941579522
"img_02305.jpg",0.0147842752417365,0.408594200864611,0.00932137850390947,0.262895059508554,0.00101343174513241,0.0420971924625263,0.0295104665318523,0.231783995141678
"img_02307.jpg",0.316820998058187,0.0176592552708123,0.00525532883369651,0.00570129890709381,0.0010184378827393,0.283297895253537,0.0167296766756633,0.353517109118271
"img_02309.jpg",0.96577014493976,0.0059832231740635,0.00479511692743272,0.00479494565129209,0.00100505455223373,0.00479582022993636,0.00479488529038462,0.00806080923489703
"img_02318.jpg",0.0411128393616895,0.00549252787289142,0.00493814733168752,0.00492861547812343,0.00100288237407786,0.00612638677162094,0.00521735146972462,0.931181249340185
"img_02356.jpg",0.0504286055557718,0.00668803303449419,0.0105250756888584,0.0112580720953303,0.00100462824558797,0.0146299398428967,0.0125212674242064,0.892944378112854
"img_02367.jpg",0.784927761526129,0.0167533547099344,0.00568998505111259,0.00631064641974894,0.00105541682012827,0.0407290097168778,0.00819694188799703,0.136336883868072
"img_02379.jpg",0.309690095449649,0.0104171963483569,0.00483972077277435,0.00486477336386734,0.00100283009056096,0.0102808788778172,0.00495667178025688,0.653947833316717
"img_02384.jpg",0.704693309582676,0.0375397981216052,0.00721472722756141,0.0065661370579869,0.00102210482234343,0.161802629651945,0.0162174367945873,0.0649438567412951
"img_02398.jpg",0.844844934895655,0.0329644752163248,0.0056448092404495,0.0126381266011949,0.0010029105935152,0.053290147398475,0.00491741321072847,0.0446971828436575
"img_02400.jpg",0.916704647700959,0.0137851155926259,0.0149721175929012,0.00530039609046893,0.00100290333406668,0.0286276314185994,0.00520491846197807,0.0144022698084009
"img_02406.jpg",0.0854985773249805,0.0113741253989118,0.0258610553382926,0.830892447055101,0.00100308187570481,0.0128300703373507,0.00882305073031823,0.0237175919393408
"img_02412.jpg",0.83767026669482,0.00837569321549363,0.00498300447737377,0.00499527252230304,0.00102367190218692,0.00702860728201185,0.00747498598549303,0.128448497920318
"img_02422.jpg",0.582377794159916,0.0932756977497575,0.00931390531015416,0.0163285678654487,0.00100770408435137,0.0289328628108449,0.0345150081936564,0.234248459825871
"img_02486.jpg",0.870923821721699,0.0772939290942115,0.00612393931124237,0.00488186402894356,0.00100287502158019,0.0102858736965831,0.00491556396406095,0.0245721331616796
"img_02487.jpg",0.874372265464965,0.0590767057276963,0.00485944852388239,0.00485942187479737,0.00100374969162233,0.00629305790644653,0.004864205551194,0.0446711452593965
"img_02522.jpg",0.561731246677554,0.136302385347462,0.0050176715400557,0.00668484654814878,0.0010192547805391,0.0170683065705357,0.00638922207811981,0.265787066457585
"img_02556.jpg",0.198866803848839,0.0256557532326355,0.00519786270399982,0.00495365585760673,0.00100298523520431,0.00652227650139892,0.0100616555449109,0.747739007075405
"img_02565.jpg",0.674241759199043,0.00981099304103822,0.0161948973900471,0.00674065543614887,0.00102610809531408,0.0780881595327216,0.0493867413162719,0.164510685989415
"img_02574.jpg",0.367219787406321,0.0064830672114996,0.00785576923836917,0.00695244260479165,0.00114722329424334,0.0150400812739265,0.00653994249996758,0.588761686470881
"img_02602.jpg",0.853475908692554,0.0506006319891043,0.0054344876381069,0.00642431879679044,0.00100744650648592,0.0545314708799217,0.00830124315745748,0.020224492339579
"img_02622.jpg",0.537343686628504,0.0206962355008602,0.00608586183992481,0.00504113659473065,0.00100597533635018,0.339518489986471,0.0179965957417282,0.0723120183714315
"img_02625.jpg",0.135138622504117,0.0228597629146889,0.00882604087247021,0.0055020350404311,0.001008176222527,0.746030911608285,0.00942860677297533,0.0712058440645057
"img_02636.jpg",0.498897282227154,0.441322786100063,0.00480059348695176,0.00480053427252355,0.00100304891503278,0.00485038721529667,0.00480331503135614,0.0395220527516222
"img_02638.jpg",0.636038904276318,0.168424563009497,0.00631700090202575,0.0669528110084082,0.00100967722699005,0.0972191443405282,0.00739184035827279,0.0166460588779594
"img_02646.jpg",0.0576744793652712,0.0264139816297921,0.00501773832885619,0.00675189586508645,0.00100285195778018,0.0071255888207107,0.0198876892954448,0.876125774737058
"img_02656.jpg",0.850644897656106,0.02133929898787,0.00543944279122356,0.0059803673059266,0.00100285876938454,0.0529350401393384,0.00486778424743947,0.0577903101027119
"img_02666.jpg",0.962567128528951,0.00490751257004925,0.00840829300476787,0.00490666871312847,0.00102101520667785,0.00490748769899644,0.0049066684594711,0.00837522581795844
"img_02679.jpg",0.0792222790864882,0.509659102155076,0.0224880749162704,0.0102987667976905,0.0011139362443229,0.0110606607801237,0.0160437830971337,0.350113396922894
