"image","ALB","BET","DOL","LAG","NoF","OTHER","SHARK","YFT"
"img_00007.jpg",0.0707401141912403,0.00816503172480774,0.00251926678046577,0.00267139804010472,0.000935782340225465,0.00151010937394988,0.0015018717950616,0.911956425754145
"img_00009.jpg",0.81162718610955,0.0842927414370089,0.00235586057340457,0.00193723255206368,0.000953052973627048,0.0943517322229069,0.00156932315458099,0.00291287097685782
"img_00018.jpg",0.699097999172747,0.0310224641782159,0.00172847717073199,0.00440195951378008,0.000935034730431069,0.257757298225516,0.00144686461210118,0.00360990239647704
"img_00027.jpg",0.122193829056,0.0217901973719399,0.00415205351052105,0.00193852513922617,0.000937858886651145,0.096768296934927,0.00940401826435559,0.74281522083638
"img_00040.jpg",0.0735600962199697,0.00425191918523996,0.00216790422466795,0.00162048700154288,0.000938384465471968,0.00710444451118579,0.888611514748589,0.0217452496433332
"img_00053.jpg",0.894003148439652,0.0194422117960882,0.0182123537517587,0.00197415939139624,0.00095095188753472,0.0539282862089758,0.00332886638351732,0.00816002214107732
"img_00071.jpg",0.00173373060277192,0.000257100664970246,0.000139539019719958,0.997273765175448,9.31695565925162e-05,0.000192924586982749,0.000134582822877777,0.000175187570637057
"img_00075.jpg",0.768060355156588,0.0422414623366489,0.002398288529968,0.00297563156091041,0.000939861027880112,0.178007355676989,0.00208515034105583,0.00329189536995981
"img_00102.jpg",0.383192234987648,0.0124186469961014,0.00242361928161193,0.00336468899984364,0.000943225458679924,0.0208502258255926,0.00608536434934172,0.57072199410118
"img_00103.jpg",0.770439351328395,0.0605811797883454,0.096954483516637,0.00286612690854357,0.000934595944606734,0.0220186310358766,0.00139176363821405,0.0448138678393817
"img_00109.jpg",0.959755139068225,0.0128487132305205,0.00165923676822974,0.00159554278727791,0.000934288348211174,0.0135526289241281,0.00212441303442248,0.00753003783898505
"img_00120.jpg",0.690225431007876,0.0130641296826314,0.00177583812852926,0.00188990327015544,0.000935021099055729,0.00733854121898142,0.0448270275302351,0.239944108062536
"img_00125.jpg",0.880323368031506,0.00746960652521505,0.00270193333180937,0.00503421838784887,0.0009357900502448,0.0178187703901717,0.00291094483068016,0.0828053684525243
"img_00128.jpg",0.0113660326040457,0.0677828521331985,0.396524829149614,0.00161910837260669,0.0009367935405868,0.00429991303868738,0.00186787345878112,0.51560259770248
"img_00129.jpg",0.0781421305055233,0.00395788236779663,0.00231098177517085,0.0017021476630347,0.000939484763638288,0.00543352922544276,0.890552088035917,0.0169617556634768
"img_00138.jpg",0.643417953981197,0.315679359466387,0.0032248508298249,0.00294240437199501,0.000935774177091969,0.00446254705752994,0.00227030259390726,0.0270668075220668
"img_00141.jpg",0.00295471898108593,0.00420092587742382,0.00629675016476474,0.00142263387725234,0.000934586701446022,0.00165191633982388,0.00157919396633869,0.980959274091865
"img_00152.jpg",0.0344397880753257,0.0333216992724126,0.00449653134435046,0.00186509883094514,0.000940797085983518,0.0165700488113042,0.00645771587246665,0.901908320707212
"img_00161.jpg",0.0021004671446455,0.00143263346456482,0.00134612281754399,0.00133683416025547,0.000934036928911516,0.00135353114603851,0.00134050090660059,0.99015587343144
"img_00170.jpg",0.0113879772126899,0.000703174913434792,0.000257859970883891,0.973593203953492,9.10296269416194e-05,0.000786481038631255,0.000147676353722185,0.013032596930204
"img_00171.jpg",0.643465736188842,0.0185340987194307,0.0364785287800361,0.0233583619883571,0.000953041717581307,0.25807129902021,0.00551008813197309,0.0136288454535698
"img_00175.jpg",0.605325390545975,0.00631447162924248,0.00676160489643952,0.0103694539307543,0.000961981637952607,0.312352151802062,0.00227831656777386,0.0556366289898001
"img_00180.jpg",0.00758782671161183,0.0019078801078782,0.00210117315615114,0.00192775106488229,0.000934369653306954,0.0020275392658107,0.00209507495331631,0.981418385087043
"img_00212.jpg",0.28982027668226,0.00522340642152257,0.00168135090346918,0.0291220060635936,0.00093443729392378,0.00176373306843757,0.00165418571442933,0.669800603852364
"img_00223.jpg",0.886370032944373,0.0183515198111022,0.0441035129796322,0.00389477751895787,0.000936279591866524,0.0216841113190845,0.00314808012663373,0.0215116857083503
"img_00230.jpg",0.774255026127091,0.113985838119785,0.00182800512630135,0.00176018115161662,0.000936827249142378,0.0723637991033601,0.00171468012892833,0.0331556429937755
"img_00232.jpg",0.00389367932737723,0.00216613371562117,0.00140894870691894,0.00156710424338642,0.000937782831101297,0.003600541505674,0.981994388031789,0.00443142163813169
"img_00244.jpg",0.798558020465763,0.0716283172089101,0.00188766640010774,0.00477238224045635,0.000936625466272744,0.0638793560689982,0.00182296425003227,0.0565146678994599
"img_00280.jpg",0.94669417521977,0.00655623656705667,0.00259410982259909,0.00148477291833701,0.00094200624794057,0.00336455554077738,0.00179544310599046,0.0365687005775286
"img_00282.jpg",0.742204422601989,0.0137019652359387,0.0111039224484204,0.0287271047345568,0.000942608757958248,0.186162613311243,0.00441596795554006,0.0127413949543538
"img_00285.jpg",0.639146284533555,0.0138577384547467,0.00226753127104782,0.00162717738661958,0.000939093695002405,0.00598967465018233,0.0173466193335363,0.31882588067531
"img_00292.jpg",0.763467856262824,0.0403266747439028,0.00248451172183439,0.0024053045206007,0.000940052437379016,0.0594541618238784,0.0173766821711612,0.113544756318419
"img_00302.jpg",0.0891706617168243,0.00381472981522871,0.00151534076868047,0.00153121905898845,0.000942608202931827,0.00514788780883409,0.881977475286327,0.0159000773421856
"img_00311.jpg",0.987914588299791,0.0026203762815366,0.00134684997704799,0.00202773727342757,0.000935235421474993,0.00151764609107626,0.0013374340172591,0.00230013263838646
"img_00320.jpg",0.97401706947911,0.00365915732999572,0.00149531994302815,0.00135789282197218,0.000934652403813,0.0078280926840916,0.00145803348415982,0.00924978185382933
"img_00331.jpg",0.884685734929268,0.0220941603796689,0.0021410160470456,0.00220164296664543,0.000936585246633875,0.0323734655614759,0.00437069491186765,0.0511966999573949
"img_00358.jpg",0.414461616684937,0.0249950627799933,0.00264931609186672,0.00266266644696617,0.000938887298805737,0.0209419130721481,0.0309199735172112,0.502430564108072
"img_00374.jpg",0.714343230336241,0.0328200175507838,0.00178295670226184,0.00260625652309923,0.000934712998555772,0.00301539611558995,0.00196447294933061,0.242532956824137
"img_00375.jpg",0.0282293262043158,0.0201605098150599,0.914972568498616,0.00501945600143435,0.000942579513587267,0.0131130060012176,0.00344492316981041,0.0141176307959584
"img_00376.jpg",0.94429891416062,0.00538956578008283,0.00353113094153551,0.00140765580803577,0.000936835320163604,0.0303426597166622,0.00706872610550587,0.00702451216739419
"img_00380.jpg",0.953978386405991,0.0151681092263967,0.00174608724147017,0.00203586838106676,0.00093594095712175,0.0200209492528782,0.00146218194905201,0.00465247658602353
"img_00383.jpg",0.924729385615655,0.00692243251757219,0.00180421918911576,0.00317360104979419,0.000938054506109329,0.00279324692371388,0.00173273414989531,0.0579063260481439
"img_00398.jpg",0.951130572879562,0.0166000253878866,0.00170016406454187,0.00418945814840786,0.000938689409888091,0.00463338400469566,0.00195992861268596,0.018847777492332
"img_00407.jpg",0.968235235091213,0.00627327532455223,0.0021195576042087,0.0023437901171731,0.000935465669896351,0.00991622556351994,0.00184314544030515,0.00833330518913182
"img_00417.jpg",0.154353750051243,0.00909170954626113,0.00165701211951667,0.00865164470728805,0.000934424920174984,0.00154984492661543,0.00148627496002452,0.822275338768876
"img_00442.jpg",0.00169491246253548,0.00148211303291591,0.00134258969517758,0.00133086047208688,0.000934033815546958,0.00136535111439705,0.00135230765706999,0.99049783175027
"img_00446.jpg",0.932665116991682,0.00582416387903933,0.00151784878142426,0.00266494050698872,0.000935460517441692,0.0120930040757225,0.00191078286115066,0.0423886823865511
"img_00469.jpg",0.915650786762055,0.0178114545890809,0.00225474067681312,0.00622274378409577,0.000934924421649082,0.00761387980139775,0.00272540367902341,0.0467860662858847
"img_00473.jpg",0.961607411790855,0.00913765699820127,0.00199971953701132,0.00259153084357395,0.000937433792640188,0.002659362869711,0.00162301220873324,0.0194438719592742
"img_00483.jpg",0.943602777268719,0.0401843632693691,0.00138465754249965,0.00166785971333601,0.000935199086138506,0.00232301024815491,0.00155123951494854,0.00835089335683395
"img_00484.jpg",0.0961191278319432,0.0384802422978806,0.00296969171652534,0.00812552886295847,0.000934405982313694,0.0051557053139441,0.00246582534978963,0.845749472644645
"img_00486.jpg",0.907928773823834,0.0355137542363118,0.0181990423845696,0.0113921349295316,0.000941626497097717,0.00361192339762161,0.00504166638277889,0.0173710783482548
"img_00518.jpg",0.7813794379334,0.0179157371492652,0.00254343107202197,0.00293558767418608,0.000947134717556682,0.00652683112510337,0.00207852893248101,0.185673311395986
"img_00533.jpg",0.487520095202828,0.00930097667471203,0.00248417232389029,0.00347798737445975,0.000949344043718764,0.0267318733224917,0.0101693864647208,0.459366164593179
"img_00538.jpg",0.770767488639569,0.082511304356234,0.00179072169415833,0.00165862121765756,0.000934566475151376,0.00490266426340549,0.00176113983242832,0.135673493521396
"img_00543.jpg",0.97979875025804,0.00779070452129186,0.00160153835409357,0.00267367403901143,0.000940049905651371,0.0018365343838051,0.00141041503474481,0.00394833350336154
"img_00550.jpg",0.258712259318819,0.0437891208934348,0.0244334711653294,0.00958462943885877,0.000963118740425417,0.643120740284738,0.00249511753467041,0.0169015426237238
"img_00551.jpg",0.850649857073559,0.013547140331033,0.00207466805222578,0.00261623684579789,0.000934850472755887,0.0432322390654578,0.0167585930352049,0.0701864151239654
"img_00575.jpg",0.900495393762537,0.0074900576303803,0.0018924386188255,0.00170316050768133,0.000937604533858864,0.0168163784149415,0.00558270635687115,0.0650822601749043
"img_00582.jpg",0.888526476547895,0.0239861076088793,0.00247496242361689,0.00229150281840023,0.000950868402370598,0.06613605196746,0.00175551457087407,0.0138785156605036
"img_00584.jpg",0.932639554987359,0.00241947526126654,0.00567296674067669,0.00250941889661426,0.000961437101789164,0.0435873201516161,0.00335692162658847,0.00885290523408949
"img_00587.jpg",0.113194013226391,0.0186348950310322,0.00219125891586998,0.00173522266332996,0.000934945123268314,0.0147924183480272,0.00650866119184678,0.842008585500234
"img_00590.jpg",0.0610393960968569,0.1204888904139,0.00444305871369067,0.00169111679094957,0.000935426751733182,0.00559307292045455,0.00910347861069643,0.796705559701719
"img_00591.jpg",0.0729047769555738,0.00769954406973807,0.00245984867974178,0.00451972727633827,0.000944584475245918,0.0168193227227652,0.00382218684239625,0.890830008978201
"img_00598.jpg",0.96328569806287,0.0132015203079278,0.00188939711645536,0.00593097117798163,0.000936262010027293,0.00762844446468628,0.00186014802414223,0.00526755883590983
"img_00599.jpg",0.770893783271363,0.00969008661306717,0.00302795060363394,0.00210802333638557,0.000936463321455352,0.00361446330285607,0.0266944455478743,0.183034784003364
"img_00612.jpg",0.910893863478362,0.00188339362446837,0.00168163228194912,0.00157144906578775,0.000936987542860657,0.0580937616918764,0.00824190966509029,0.0166970026496054
"img_00620.jpg",0.801269122107915,0.0334154369276167,0.120327533714145,0.00251531695009405,0.000962183922350445,0.0235201806847564,0.00295748783806744,0.0150327378550551
"img_00642.jpg",0.00175287185287574,0.000608387088588824,0.000163304254133454,0.99671042554112,9.31308766447389e-05,0.000262227534874237,0.000135006758675407,0.000274646093087356
"img_00646.jpg",0.0194070208596878,0.0111400442518197,0.00537822377530817,0.00186089992333174,0.00093594139497122,0.00337958424823818,0.00428252474213488,0.953615760804508
"img_00648.jpg",0.980981342718379,0.00428421649781815,0.00173955752339342,0.00406368331223962,0.000939759709741829,0.00184725518260643,0.00145391395997657,0.00469027109584458
"img_00650.jpg",0.0836884919861064,0.00848240979030292,0.00340311200228862,0.00257902065270838,0.000962628718680205,0.611491883533035,0.259739765171832,0.0296526881450466
"img_00664.jpg",0.919675052450928,0.0177402856255114,0.00147890804787335,0.00140493410064438,0.000934484831895795,0.00439166724945919,0.00197086976587963,0.0524037979278079
"img_00697.jpg",0.0024733779263933,0.00396221510930967,0.00292293313656441,0.00153115881612792,0.000936466345413561,0.00147868626035431,0.00273928768737408,0.983955874718463
"img_00708.jpg",0.780331796360016,0.0418277882812845,0.0030958937696262,0.00494746162245676,0.000937291032960926,0.0969747739969349,0.0248491130857144,0.0470358818510061
"img_00716.jpg",0.106765741769724,0.136466941759377,0.00407916852706309,0.00298360028452429,0.000957228279521215,0.642932947994883,0.010930099341987,0.0948842720429192
"img_00717.jpg",0.667155537650711,0.152406992344091,0.00342346971533857,0.00337036415314585,0.000934926244331561,0.16014845089991,0.00467838990715965,0.00788186908531257
"img_00718.jpg",0.962023214368474,0.00223867576106538,0.00186767993288779,0.00191309472089585,0.000934698667942005,0.00673542214669084,0.00159663251502122,0.0226905818870226
"img_00724.jpg",0.0382982587767619,0.00260384841131739,0.00222209666823316,0.00174806684560799,0.00094004552358149,0.0078508218289972,0.224507139005538,0.721829722939963
"img_00726.jpg",0.981580388879964,0.00705876122707249,0.00133817611430816,0.00135527139728731,0.000934100144602199,0.00295207095879759,0.00152453520085296,0.00325669607711536
"img_00730.jpg",0.0101381642707491,0.00302035275586002,0.00157861708830588,0.00136876445916309,0.000934209274288674,0.00229898042999594,0.00358590864285327,0.977075003078784
"img_00757.jpg",0.884162096308188,0.0254157255897029,0.0297918564269219,0.0052393520993807,0.000943935617624619,0.0351432894479597,0.00348186392520531,0.0158218805850169
"img_00760.jpg",0.00306059836203338,0.000355406551104045,0.000144413177260442,0.99564939662989,9.3043046963608e-05,0.000277938536352135,0.000151857125386027,0.000267346571010503
"img_00764.jpg",0.0049237984130487,0.00618999718052773,0.00454139930784102,0.0014736689989689,0.000934425959399841,0.00164627805122533,0.00142400372780111,0.978866428361187
"img_00765.jpg",0.0576131695714708,0.488986226640891,0.0022581085109787,0.016487546373952,0.000938450912239631,0.132430347976306,0.00981863042344215,0.29146751959072
"img_00772.jpg",0.101932118419939,0.0133251501506871,0.389678991000125,0.00151771383250218,0.000943023117828636,0.119596135479737,0.00425600194188466,0.368750866057296
"img_00777.jpg",0.583640492221453,0.0415561942200134,0.0035965975582545,0.00157432846686437,0.00094703956359362,0.356293228158984,0.00998448567629131,0.00240763413454571
"img_00780.jpg",0.0136435169190181,0.0034186596180431,0.00405100498392757,0.00160036682013072,0.000942261065574195,0.0207307262424662,0.0201523892872106,0.93546107506363
"img_00798.jpg",0.915432149064917,0.0354886838696167,0.00231180397647202,0.0220931141395936,0.000937465175664206,0.00608770433338509,0.00182709956063829,0.0158219798797129
"img_00808.jpg",0.819457721510962,0.150722852409245,0.00172212976049587,0.00161266102656144,0.000939345410382917,0.00751640444628203,0.00171211248911492,0.0163167729469558
"img_00816.jpg",0.950409514249093,0.0113809143268609,0.00146838341583762,0.00150381896325291,0.000936676274546385,0.00330106336778002,0.00312952599632459,0.0278701034063045
"img_00833.jpg",0.774693540849787,0.0281949218337068,0.0033960791021103,0.00403385263580805,0.000936902894822587,0.0693803312781359,0.0255090395521424,0.0938553318534869
"img_00837.jpg",0.884375076823694,0.0136473423328546,0.00175371043679249,0.00176796194702646,0.000945129899247338,0.0919283175926245,0.00161958498870306,0.00396287597905715
"img_00855.jpg",0.854374141421729,0.0389037109187875,0.00368944040767728,0.00196285910614633,0.000971690295584477,0.0534794878296869,0.00641085809281714,0.0402078119275718
"img_00857.jpg",0.975067141096159,0.00738652286501971,0.00136943234818481,0.00135234665541499,0.000935119223295126,0.00885658853101254,0.00149367125048728,0.00353917803042658
"img_00858.jpg",0.959920813588953,0.00639792135614819,0.00171823817230226,0.00152247700106849,0.000948788252805273,0.00958280387904219,0.00390378328552352,0.0160051744641569
"img_00865.jpg",0.872302973973736,0.0869566712457004,0.00163405802955379,0.00271252922554855,0.000935297544602631,0.0199804658095936,0.00366939340068181,0.0118086107705837
"img_00902.jpg",0.00385167181108744,0.00294525606503911,0.00141971890665947,0.00163884235112324,0.00093655644212143,0.00321884450372694,0.98044993784454,0.00553917207570207
"img_00914.jpg",0.00170284944969884,0.00194528799096679,0.00137821115921559,0.00132547668886513,0.000934089107620651,0.00133152329750916,0.0013350854850277,0.990047476821096
"img_00921.jpg",0.780636205284806,0.00476425147249918,0.00293242328615758,0.00191960265667029,0.00094061713834536,0.0813899756812849,0.0752682834439475,0.0521486410362896
"img_00927.jpg",0.063898578044366,0.0637417319441933,0.00329819484800947,0.00172511964683179,0.000935082355141177,0.00768410228105463,0.00932501214208746,0.849392178738316
"img_00943.jpg",0.905163910707995,0.0743354965344961,0.00149040002142417,0.00205785953104734,0.000935208117068969,0.00232035260805936,0.00183968228763955,0.01185709019227
"img_00959.jpg",0.950648440621444,0.00381904564798989,0.00145187683616054,0.00135002827996636,0.000935450614818031,0.00696745600997275,0.00234771923286509,0.0324799827567827
"img_00962.jpg",0.034767708061678,0.00840383493379893,0.00438481924805696,0.00152401968953666,0.000961189263268774,0.0120803296732446,0.0187750191009541,0.919103080029462
"img_00964.jpg",0.00167574519597389,0.00348103594738848,0.980270549707869,0.00159097161154373,0.00093417219732571,0.00165492528552801,0.00140172396783056,0.00899087608654044
"img_00979.jpg",0.0082559813172928,0.00837435984461952,0.0105443145734079,0.00160122482133616,0.000939528303375999,0.00385967277947788,0.00374528938439188,0.962679628976098
"img_00985.jpg",0.730088500278225,0.0361966381838995,0.00186950740538114,0.00199552630252658,0.000938527738318743,0.0272393262155932,0.013208779558591,0.188463194317465
"img_00999.jpg",0.746604113265029,0.0127529597261758,0.00190625427287659,0.00275964461934239,0.000934917337180572,0.0255791354908485,0.0915258986916789,0.117937076596869
"img_01022.jpg",0.960685408173992,0.00408242911506577,0.00194669553397723,0.00235644173006375,0.000939417588599742,0.0206013180632051,0.00174161914206521,0.00764667065303161
"img_01031.jpg",0.759190636143795,0.00423961303347033,0.00570454522228945,0.00177352816614262,0.000936786370292518,0.219820479957081,0.00472526283240161,0.00360914827452694
"img_01035.jpg",0.580849388906697,0.0237490266506229,0.00299542852387199,0.00210581461600125,0.000947167792117144,0.380241360618345,0.0069838097626625,0.00212800312968253
"img_01059.jpg",0.0180091366742414,0.00681756716355492,0.00173985729838471,0.00173744257071395,0.000935768241163443,0.0235072379111454,0.00412590772496076,0.943127082415835
"img_01103.jpg",0.01569238575586,0.0214186016918531,0.00462131951025239,0.00533750985048308,0.000941534870568939,0.0025786204144942,0.0102097049498121,0.939200322956676
"img_01116.jpg",0.840127756522961,0.0441081941352439,0.00847114318170043,0.0153294797362476,0.000934671620909074,0.0698859171387722,0.00252342550068415,0.0186194121634815
"img_01134.jpg",0.870731486922598,0.0142205604176972,0.00390691796481422,0.0029669204332129,0.000934844649956542,0.0143136696074464,0.00230496606057397,0.0906206339437012
"img_01179.jpg",0.975675898182198,0.00384877339895625,0.00186060871507595,0.00200973284968803,0.000935175790746623,0.0122717817964909,0.00148857182052521,0.00190945744631913
"img_01188.jpg",0.0687894252042441,0.461814296592221,0.00352003886475768,0.0179531835334067,0.000946907741783064,0.220318918618182,0.0220387500540549,0.20461847939135
"img_01211.jpg",0.917634020613867,0.0682868414992844,0.0016021807109557,0.00287566676697656,0.000937895066533633,0.00183251363009637,0.00145666697535405,0.00537421473693263
"img_01213.jpg",0.7336876033909,0.218804692077294,0.00216625623435788,0.00334345119069463,0.000937940397511762,0.0116747634794108,0.00192061488581232,0.0274646783440191
"img_01222.jpg",0.737243438627645,0.0880294497565177,0.00312279850602781,0.039767139220172,0.000939793524899566,0.0122894058459335,0.00699293585991863,0.111615038658886
"img_01224.jpg",0.0137148756915793,0.0283389427557193,0.0792887492181768,0.00426885164935295,0.000934629659587165,0.00236808638167732,0.00376460895790301,0.867321255686004
"img_01253.jpg",0.0020886638616934,0.00137972704407656,0.00134221289100411,0.00132679537606432,0.000934017976703397,0.00132620541915849,0.00132731361189854,0.990275063819401
"img_01286.jpg",0.0821022452038693,0.00639868132905413,0.00172512295039285,0.00235447183057092,0.000948778066750352,0.00361466235186622,0.00143144175399088,0.901424596513505
"img_01289.jpg",0.0229893923127764,0.017360663670379,0.00165350499161213,0.00188704944965859,0.000936247719342949,0.0131520231592741,0.00464929305493765,0.937371825642019
"img_01328.jpg",0.884979290431382,0.0955901118303909,0.00160673968686947,0.00270362780887422,0.00093726416716223,0.00678970889983347,0.0013973323912775,0.00599592478421003
"img_01366.jpg",0.518305790602182,0.0071175591417109,0.0113095744211819,0.00816767262618488,0.000952706665693976,0.431518929723045,0.00232846977207955,0.0202992970479219
"img_01371.jpg",0.972446741801881,0.00370577569426053,0.00146803269988356,0.00149242419890996,0.000943150893965566,0.00260193522122947,0.0016422101657389,0.0156997293241314
"img_01379.jpg",0.852587220107538,0.0240103398769868,0.0273386932001337,0.00544001473960185,0.000935736723782655,0.0664608884949656,0.00169439022207805,0.0215327166349135
"img_01384.jpg",0.388449227776205,0.042030236462957,0.0272751790420949,0.0050688451451388,0.000959421181693622,0.516067284539498,0.00181802863934379,0.0183317772130686
"img_01388.jpg",0.914907143148171,0.0542160774792226,0.00153705941462358,0.00145571743555958,0.000935040375137254,0.0201730964286331,0.00185037738662729,0.00492548833202553
"img_01392.jpg",0.00323554395012429,0.00803984074118651,0.949204824849151,0.00182517454527608,0.000938494621933591,0.00205602613908801,0.00190853658221285,0.0327915585710281
"img_01399.jpg",0.0088228535147573,0.894361999816793,0.00751530414260405,0.0017792198532507,0.000938012393298875,0.0229952604110754,0.00264996466037515,0.0609373852078454
"img_01404.jpg",0.943028564602355,0.00560889482047027,0.00147703365793866,0.00272703232635665,0.000934438478965557,0.0113864893739784,0.00136714638147247,0.0334704003584635
"img_01405.jpg",0.804219854010965,0.0181383032425298,0.00312607396800798,0.00265936247198473,0.00093796989009266,0.166910288819965,0.00165583670204745,0.00235231089440719
"img_01413.jpg",0.985993388721681,0.00315036651372424,0.00142635968391936,0.00168607902282891,0.000938614331714534,0.00315400731475992,0.00157707865604016,0.00207410575533209
"img_01426.jpg",0.0724941368130679,0.142394141213868,0.00208357513316243,0.00156988534922653,0.000936865339726093,0.00586576427768247,0.704324581693689,0.0703310501795781
"img_01441.jpg",0.00279491020537435,0.0019431139989952,0.00142719574793161,0.00135874750757515,0.000934358146083158,0.00146857910341039,0.00180534843465257,0.988267746855978
"img_01444.jpg",0.107177445150982,0.00560678275017514,0.00180863370021532,0.00317735912705025,0.00093644779602493,0.00767920008014994,0.0549792676424293,0.818634863752973
"img_01490.jpg",0.00789198535871387,0.00462225715930528,0.0145621436787994,0.0015831491230546,0.000937097526337883,0.00252003886898724,0.00168212202474208,0.96620120626006
"img_01495.jpg",0.689296927394254,0.0371681934874309,0.00369930819628619,0.00226747220717006,0.000935244611118604,0.00809795429780082,0.00218766854290184,0.256347231263038
"img_01511.jpg",0.878426436062237,0.0281124246025842,0.0671856831152233,0.00252127079589278,0.00093686801213208,0.0115312668223103,0.00303610402007715,0.0082499465695435
"img_01519.jpg",0.351803306050044,0.0493282240144472,0.00424046576967501,0.00688846965497181,0.000941595511366706,0.116546126981865,0.190857323102585,0.279394488915046
"img_01530.jpg",0.96150880752961,0.0187179405782303,0.00143189402008387,0.00198696979025861,0.000941098980564843,0.002048084764883,0.00147452980108797,0.0118906745352812
"img_01537.jpg",0.808709874294049,0.0353629300568485,0.0206095020624784,0.00145207983525469,0.00094581761935189,0.081929394405661,0.00330295052236007,0.0476874512039968
"img_01538.jpg",0.900914255058306,0.0427043770702718,0.00530991031779249,0.00196887639683393,0.00093828709484209,0.0312126899542252,0.00200535370005285,0.0149462504076752
"img_01543.jpg",0.976906001002371,0.00408329344799733,0.00137068234368961,0.00152394649819261,0.000938021630867342,0.00170783509866975,0.0015375835107706,0.0119326364674422
"img_01548.jpg",0.945403444250367,0.00340821937239072,0.00216543053388088,0.00139816401746359,0.000940984727639302,0.0348481426284316,0.00429796932422,0.00753764514560738
"img_01552.jpg",0.954757390730065,0.00161575885764626,0.00134390554700525,0.00133137400450954,0.000934304168879807,0.0354213357817921,0.00136105101283007,0.00323487989727187
"img_01562.jpg",0.701117126803225,0.00936313390241856,0.00295735198288726,0.00198543638327622,0.00093633197611462,0.00934122905481683,0.0485019175717021,0.225797472325559
"img_01571.jpg",0.940130266951855,0.0435416370189245,0.0014119034460539,0.00150913492721815,0.000934598679994662,0.00155411659160175,0.00381456216882817,0.00710378021552387
"img_01593.jpg",0.55736592217902,0.248543605241838,0.00396129836010333,0.00383004526660464,0.000938069656341138,0.0215720732444085,0.0108431782487591,0.152945807802925
"img_01616.jpg",0.845203278443316,0.125569959803577,0.00190152215625332,0.00230580399806184,0.000936947364871508,0.00364414765350983,0.00182202071664026,0.0186163198637698
"img_01618.jpg",0.9413835192085,0.00527022535852443,0.00199845541244351,0.00198335393927649,0.000986583787843121,0.0197522288362282,0.0229022464478539,0.00572338700933049
"img_01627.jpg",0.906111202887465,0.0588768317965701,0.00143946593616862,0.0014985628265827,0.000934146481815539,0.0194461735439617,0.00216483946954236,0.00952877705789389
"img_01633.jpg",0.874627525108946,0.00754360305632568,0.00211425284615282,0.00260546042209876,0.000936672916345036,0.0571227356067122,0.00486374209764961,0.0501860079457697
"img_01640.jpg",0.979988110324165,0.00686639330432973,0.00144874972576312,0.00274458656210842,0.000937509934352077,0.00173593418094137,0.00139101453872344,0.00488770142961709
"img_01646.jpg",0.948433130288899,0.0221878918730646,0.00135985271766133,0.00140832299157932,0.000934116688943289,0.017796272381487,0.00136884270457641,0.00651157035378957
"img_01649.jpg",0.91331502725318,0.0191218288126815,0.00362446885311541,0.00373405437294126,0.000975678440037758,0.0181616530033102,0.00925124436403286,0.0318160449007008
"img_01669.jpg",0.00253003092460895,0.000508234312265504,0.000158560568058696,0.995932712621832,9.30999500942455e-05,0.000287055815614596,0.000173999974251835,0.000316305833274439
"img_01681.jpg",0.106472658061782,0.0104418997919983,0.00557072764380273,0.00181117656037392,0.000936568635876013,0.00463036432039229,0.00620598319313123,0.863930621792644
"img_01684.jpg",0.959382745318343,0.00770452980110344,0.0015274555657636,0.00396364821283532,0.000934519488260554,0.00971689170219279,0.00153816759628082,0.0152320423152201
"img_01687.jpg",0.780964490288369,0.00843438348015901,0.0019795234496932,0.00180412736177815,0.00093530882944048,0.00431519116791045,0.0113772666864912,0.190189708736158
"img_01688.jpg",0.0197859438254893,0.0150147631977817,0.00152266332161467,0.00193839861313764,0.000935803817395835,0.0113154403320183,0.00411519020419445,0.945371796688368
"img_01689.jpg",0.00558044506524677,0.00431029939323131,0.00615669499126775,0.00142164047113025,0.000935970356068903,0.00687124181719889,0.00450114084630106,0.970222567059555
"img_01724.jpg",0.881499736866002,0.00850965103125823,0.0060035390069844,0.00148986610523872,0.000970673554693313,0.0293257203764618,0.00438450631154594,0.0678163067478154
"img_01745.jpg",0.904441694410367,0.055093008335758,0.0126137130143053,0.00570452220343956,0.000943129978229964,0.0109058827202291,0.00279575618238736,0.00750229315528309
"img_01771.jpg",0.905562462844546,0.0374249353373585,0.00461356100153844,0.00613899637979034,0.000952250559440643,0.00563150000550386,0.00960860044134432,0.0300676934304784
"img_01773.jpg",0.723421811123393,0.0160862256813051,0.00193791156360268,0.00151967187624998,0.000934497625451692,0.00320138302624119,0.0175588170524168,0.23533968205134
"img_01824.jpg",0.784735779140449,0.00793130147352616,0.00247404919906098,0.0026685406211586,0.000939799435838737,0.157550007190212,0.00924370252123216,0.0344568204185223
"img_01831.jpg",0.0115008241695053,0.00461150741568923,0.000221371505943564,0.980375349584349,9.16238030793837e-05,0.000856039731637408,0.000155294320008283,0.00218798946978783
"img_01834.jpg",0.00775720568321831,0.00802003540917113,0.274475854545969,0.00178232231211506,0.000939859940658795,0.00213880607095557,0.00208505086713148,0.702800865170781
"img_01847.jpg",0.366269780028246,0.0134511936666194,0.00210756564724045,0.00307008800979191,0.000938001984688082,0.00936772828440651,0.00565294405103716,0.59914269832797
"img_01853.jpg",0.059404173214332,0.105938391129237,0.00326763654049246,0.00201570556956291,0.000935852897679954,0.0081918570179122,0.0101574611434551,0.810088922487328
"img_01856.jpg",0.94440778757311,0.00677944992739385,0.00395169583981842,0.00177235802115438,0.000948869467741537,0.00378298071036755,0.0020163291022255,0.0363405293581888
"img_01862.jpg",0.770846430055596,0.00413820613182627,0.0720907096415248,0.00143795223097479,0.000963778168943243,0.123820323049884,0.00423541459389469,0.0224671861273565
"img_01874.jpg",0.823506088822557,0.00324363207061776,0.00153705008783424,0.0014003874272956,0.000935028541438542,0.00921833950857471,0.0378021828357926,0.122357290705889
"img_01888.jpg",0.0846677795406334,0.249212287829387,0.00267333609445877,0.0119547788660305,0.000937001820773103,0.312502244081116,0.0114771294694704,0.326575442298131
"img_01918.jpg",0.00410078414853756,0.000682471652794345,0.000183149755892443,0.993527190832483,9.29487199783294e-05,0.000362115882140757,0.000230058743320053,0.000821280264853818
"img_01930.jpg",0.958506801701624,0.0142628806222027,0.0037331758843421,0.00218107559078081,0.000934449562588027,0.0152312628588767,0.00191155500405203,0.0032387987755342
"img_01932.jpg",0.846378465079546,0.0110231441128613,0.00355112687998393,0.00978803444297365,0.000935947427996551,0.00883933248586352,0.00268273203466091,0.116801217536114
"img_01955.jpg",0.00185231553332147,0.00166619726976338,0.00135253980394503,0.00133660641929041,0.000934062491306751,0.00132702181694204,0.00133558998403662,0.990195666681394
"img_01963.jpg",0.964665840739903,0.0106466487083442,0.00421582680107769,0.00394499167521556,0.000938688136569682,0.00567606800006449,0.00207732894399368,0.00783460699483123
"img_01966.jpg",0.937815557767605,0.0401877923580476,0.00135752141736602,0.0013846093864012,0.00093419913317284,0.00721620495884124,0.00143903422056844,0.00966508075799763
"img_01983.jpg",0.929264868846223,0.00777034290932424,0.0061276000862103,0.00181076680538405,0.000948717501210608,0.0138844081307665,0.00173879275316337,0.0384545029677179
"img_01984.jpg",0.153838238248905,0.00984045129575254,0.0016807433878707,0.00295834486637696,0.000935856353661287,0.00850492888437566,0.00157889296828463,0.820662543994774
"img_01995.jpg",0.0350341369171337,0.259662513413012,0.00540160104875585,0.240337009012666,0.000945397536411591,0.137851272722066,0.00896415506942955,0.311803914280525
"img_01996.jpg",0.0258805211956161,0.00458669808262186,0.00190023942656831,0.00194626828679368,0.000954191244201252,0.939406885813664,0.00644977965586169,0.0188754162946733
"img_02001.jpg",0.37202984647762,0.00413900036868035,0.0038326690237963,0.00263450069177666,0.000935859925207942,0.249021029109406,0.241098649068946,0.126308445334567
"img_02006.jpg",0.319873936473077,0.0532208704272715,0.222914726645363,0.218687985923307,0.000936312505896968,0.0119811331818435,0.00177453636640347,0.170610498476838
"img_02066.jpg",0.958510275264914,0.00579548732075073,0.00184408574998228,0.0016412475067837,0.000935995932428085,0.00721393642974697,0.00224604299385763,0.0218129288015369
"img_02074.jpg",0.977813637032368,0.00179542434089323,0.00206557382965512,0.00207132125175943,0.00093657234537678,0.0114813653193593,0.00151341634254701,0.00232268953804163
"img_02076.jpg",0.027691292964603,0.945470199725835,0.00157474319308951,0.00164944960360804,0.000935207872137664,0.00176896819453727,0.00149768750806344,0.0194124509381263
"img_02077.jpg",0.00332968918595454,0.000472574683957743,0.000533039403043062,0.994190187912994,9.28834444820364e-05,0.000474165653929986,0.000186818224684873,0.000720641490953581
"img_02096.jpg",0.986898446451614,0.00222563664148454,0.00133924374698316,0.00138584755465447,0.000934126087719301,0.0028293081626797,0.00176021366803538,0.00262717768682911
"img_02119.jpg",0.878866806903117,0.0198574986493338,0.0611992199000235,0.00429420000247619,0.000938290224530006,0.0142618240637029,0.00304419344911984,0.0175379668076969
"img_02124.jpg",0.0112523710481875,0.00204998873285557,0.00338769053110902,0.00145883160391479,0.000936618459050323,0.97181036095072,0.00225340222661181,0.00685073644755063
"img_02172.jpg",0.850132247507195,0.0261385786831463,0.0157637173818242,0.00147993090008741,0.000954235538688426,0.0533514596470952,0.00588433172379616,0.0462954986181674
"img_02180.jpg",0.87293351952791,0.0148893102583577,0.00432125687151924,0.00481487590712938,0.00094828757778408,0.0465862730598,0.00602788891194612,0.0494785878855537
"img_02188.jpg",0.732344538828406,0.0074466445673279,0.00269252961856108,0.00215542355517326,0.000939517510573057,0.0812562879832362,0.0118093698067794,0.161355688129943
"img_02209.jpg",0.0208504362257594,0.00255681852899541,0.00326895058677482,0.00230469318786572,0.00093813489523176,0.954764245141057,0.00642799701216213,0.00888872442215365
"img_02235.jpg",0.0684433931934854,0.150776952420666,0.00571939545505062,0.497937670862715,0.000949668611289463,0.119028800020978,0.00856974424008769,0.148574375195727
"img_02252.jpg",0.969503454190896,0.0092753232995192,0.00335726267858044,0.00211423375153001,0.000950198784800724,0.00534329568789051,0.00301576256274443,0.00644046904403897
"img_02268.jpg",0.820260754113511,0.024826260930762,0.0101879609171683,0.0480304481277059,0.000942279354255886,0.00623474877530695,0.00508454134896944,0.0844330064323209
"img_02270.jpg",0.956422979772943,0.0181457945402357,0.00473103101039506,0.00221922749324895,0.000949301801850149,0.00944201682872014,0.00229127600228654,0.00579837255032055
"img_02281.jpg",0.00291238728493183,0.000335280824261895,0.000170093429204982,0.995903150727972,9.30345952398796e-05,0.000267400172647778,0.000136527318099098,0.000182125647642838
"img_02282.jpg",0.00224125587974545,0.00187905359546284,0.00137181460566413,0.00134133160530125,0.000934250298125785,0.00151365414914916,0.00212911921776986,0.988589520648782
"img_02291.jpg",0.977918987993012,0.00979635399078109,0.00136164769956598,0.00157361914520524,0.000935165269867514,0.00222792110341519,0.00140925752822844,0.00477704726992457
"img_02299.jpg",0.855785750819931,0.0329158967296149,0.00261048002712469,0.0244073730093827,0.000939445687532235,0.0140490353747275,0.004875264925516,0.064416753426171
"img_02305.jpg",0.0451913095082667,0.267635697615203,0.00476068330320629,0.242841034653896,0.000947518509945008,0.0668410323415853,0.00780973723782037,0.363972986830077
"img_02307.jpg",0.742049838736291,0.0111523956422593,0.00150378590859634,0.00201722070760327,0.000940066461213399,0.117753707122144,0.0208450554519539,0.103737929969939
"img_02309.jpg",0.9800528410469,0.00559970680291071,0.00145630036406732,0.00233321659960553,0.000937220911860154,0.00210644162562457,0.00153789749152792,0.00597637515750356
"img_02318.jpg",0.018749178186286,0.0036254353525153,0.00185614126349427,0.0015636961727094,0.000935185906776495,0.00165021143875918,0.00170399121870368,0.969916160460756
"img_02356.jpg",0.0286303590161704,0.0029234883144014,0.00215884475483407,0.0064892857905419,0.000934273971166208,0.00271280488396494,0.00242120027597835,0.953729742992943
"img_02367.jpg",0.915581148419866,0.030217248842575,0.00231443402330603,0.00316339875375033,0.000942547671053531,0.0191173625804632,0.00725575966396479,0.0214081000450206
"img_02379.jpg",0.101314464378543,0.00898170880506903,0.00206984571452321,0.00162406900137416,0.000934802765380972,0.00294378276215393,0.00285476906762353,0.879276557505332
"img_02384.jpg",0.822370759044603,0.0144399780112199,0.00221010059244021,0.00194104695483014,0.000936654898980881,0.0639092331330699,0.00470114214588424,0.0894910852189716
"img_02398.jpg",0.936210014198778,0.0199582732900712,0.00150652393192919,0.00245873727896498,0.000934267228263017,0.0270973425661888,0.00142905433582723,0.0104057871699779
"img_02400.jpg",0.957672410275448,0.00659567654762225,0.0049776978331425,0.001436169204959,0.00093448011840259,0.021495832157916,0.00196517892103144,0.00492255494147804
"img_02406.jpg",0.00224753418424044,0.000321500240628183,0.000466441581258534,0.995847248241077,9.30253728533734e-05,0.00027668371767308,0.000189765700785675,0.000557800961484123
"img_02412.jpg",0.858475398162135,0.00252835549950771,0.00155368034448993,0.00181825406167234,0.00093767434972691,0.00185285010738096,0.0021926935671552,0.130641093907932
"img_02422.jpg",0.84577073457284,0.0265936312331385,0.00325142721859346,0.00365725986314171,0.000936679957863483,0.013612744239516,0.0203121515980597,0.0858653713168468
"img_02486.jpg",0.945386025066963,0.00516005801133933,0.00211348443107218,0.00148369066478872,0.000934552875697507,0.00409167648393886,0.00152683866597055,0.0393036738002297
"img_02487.jpg",0.923081996868891,0.0579796004585944,0.00140897429381273,0.00164884215426094,0.000934815650118901,0.00211065805136771,0.00155390898664763,0.0112812035363063
"img_02522.jpg",0.888609727018941,0.0264017978634596,0.00356041206613392,0.00194012312860453,0.000939959522717335,0.0122425058090696,0.00212279673708637,0.0641826778539874
"img_02556.jpg",0.0539398677434956,0.0505283995308019,0.00155310014280271,0.00261930880570545,0.000934567480392995,0.00255014963113027,0.00218292627609814,0.885691680389573
"img_02565.jpg",0.882555191150103,0.00549657911386837,0.00362585505238852,0.00195843297500395,0.000939904160717895,0.0263551972402711,0.0243580869228414,0.0547107533848063
"img_02574.jpg",0.0962425976530215,0.00230320110856024,0.00179048853915911,0.00239627713628457,0.000967226736549747,0.00304719351652618,0.00159463261100624,0.891658382698892
"img_02602.jpg",0.898678329528186,0.0393881018232364,0.00157906770686861,0.00180905451824632,0.000935702076539946,0.00848857942659408,0.00292599108412501,0.0461951738362036
"img_02622.jpg",0.787389353788876,0.0119732462634625,0.00207459648982019,0.00150560298099271,0.000937113755442848,0.00975580320472721,0.00627969680482307,0.180084586711856
"img_02625.jpg",0.0716665032323748,0.00423021007075182,0.00230579053062844,0.00147133394800938,0.000947043574675984,0.898795703071478,0.00617354463337193,0.0144098709387093
"img_02636.jpg",0.553360743539326,0.0361440244564866,0.00140402652762012,0.00138001394609902,0.000934944621653518,0.00177555862255906,0.00176687196018336,0.403233816326073
"img_02638.jpg",0.902684368409116,0.0656142801838762,0.00195460496655139,0.00995240865105195,0.000938572612057791,0.0100844417872833,0.00203613946299832,0.00673518392706452
