"image","ALB","BET","DOL","LAG","NoF","OTHER","SHARK","YFT"
"img_00007.jpg",0.357347668464452,0.136718099834776,0.0240395086261933,0.0254579116464645,0.00995894078672903,0.00981181796169596,0.00981181796169596,0.426854234717993
"img_00009.jpg",0.849830507353778,0.0656415411324249,0.00964858317583334,0.0105330184293562,0.00995799892517849,0.0246515470872294,0.0105832855111254,0.0191535183850749
"img_00018.jpg",0.69771619029292,0.15322567891437,0.0106776489625852,0.054636151012151,0.00996441780881163,0.0368080048582086,0.00979225107048343,0.0271796570804702
"img_00027.jpg",0.191636364779386,0.0800931760564377,0.0192338704146719,0.0117323006899375,0.0101825083751326,0.50916316761816,0.0543772899329252,0.123581322133349
"img_00053.jpg",0.861352227252917,0.0322797898079849,0.0160520327079053,0.0145565530076997,0.0102536857871747,0.0247982554701499,0.0106754625741067,0.0300319933920616
"img_00071.jpg",0.340284208458011,0.0229057487262519,0.0121078874260296,0.576389978004946,0.00995895407814264,0.0153185222626581,0.00972218006078222,0.0133125209831791
"img_00075.jpg",0.712177263011459,0.0722862512636209,0.0117229861240348,0.0264891642715777,0.0105766968699745,0.1252464523375,0.0178844786955011,0.0236167074263314
"img_00102.jpg",0.312436618257101,0.0551818222687133,0.0142031432651117,0.0137842619276436,0.00998337692211951,0.113713796222408,0.0168788283360191,0.463818152800884
"img_00103.jpg",0.640574261676237,0.0331378420325941,0.00972787430264153,0.0133959413275973,0.0099579219178768,0.233552652281148,0.0268862224892641,0.0327672839726416
"img_00109.jpg",0.90072428097082,0.0104070868209532,0.00966896678601505,0.00966896678601505,0.00996085648186121,0.0134671227573006,0.0108703867316808,0.0352323326653537
"img_00125.jpg",0.352592944928548,0.0439127545157219,0.0225206358671987,0.010913841856235,0.00995924697927168,0.126573139715307,0.0437725451450616,0.389754890992655
"img_00128.jpg",0.0307626580381123,0.0379002309292082,0.243160644237021,0.0115107246933128,0.00998903969884141,0.0141218574991442,0.0142466073084172,0.638308237595943
"img_00129.jpg",0.344146323744821,0.036566006128847,0.0184932073556694,0.0147281226723908,0.0102417947271097,0.0529571002573836,0.377926731168181,0.144940713945598
"img_00138.jpg",0.809974407976789,0.048552901295788,0.040338653305244,0.0307748119873049,0.0100268396863859,0.0232558621639853,0.0118739667008638,0.0252025568836395
"img_00141.jpg",0.0187179600370717,0.0444550561305551,0.0298795044032559,0.00967024094556041,0.00995812927264232,0.0116088849466772,0.00967024094556041,0.866039983318677
"img_00152.jpg",0.0322499235796734,0.0107533930488691,0.0122570167499679,0.0102619721796568,0.0100172915771108,0.0154002597686947,0.0101947478086706,0.898865395287357
"img_00161.jpg",0.0167304995941113,0.00956087308703632,0.0101719349914501,0.00956087308703632,0.00995702842660607,0.0097506792471287,0.00956087308703632,0.924707238479595
"img_00170.jpg",0.369638077087621,0.0108652295907419,0.0195555210803039,0.427217018073028,0.0100006150459558,0.0733265590885672,0.0106863019795035,0.0787106780542792
"img_00180.jpg",0.124362616668107,0.0314761872192128,0.0234589553216557,0.0279802551658805,0.00998868204058646,0.0165221276063356,0.0255462749708379,0.740664901007384
"img_00212.jpg",0.195000275759159,0.0118497354763029,0.0103716617922514,0.00961046577188651,0.00995757598002726,0.0121584330292292,0.00961046577188651,0.741441386419257
"img_00223.jpg",0.446020506505422,0.0354272999679483,0.315248878739933,0.0355460756070156,0.00996107439958584,0.102477535248015,0.0157440678182366,0.0395745617138436
"img_00230.jpg",0.801480829764963,0.108971040391844,0.00969069402117493,0.0136792392226923,0.00995809639231489,0.024352325650402,0.00969069402117493,0.0221770805354342
"img_00232.jpg",0.0204807276080711,0.0185664435185671,0.019342547123988,0.0103876155504443,0.00995860030412545,0.0209813419137036,0.875958131481525,0.0243245924995755
"img_00244.jpg",0.386353882390714,0.214933032928445,0.0121978213156443,0.0124873816939678,0.00995972147217823,0.101004386841296,0.0200783829710741,0.242985390386681
"img_00280.jpg",0.772102892309685,0.0104832049728402,0.0539582238819649,0.014274153731407,0.0107461515995781,0.0200185071209109,0.0147391815828411,0.103677684800773
"img_00285.jpg",0.427455655917147,0.0562447499915831,0.0275952723928117,0.0112434638990574,0.0103450931309096,0.0388115501186204,0.051519760449791,0.37678445410008
"img_00292.jpg",0.319789378271246,0.0653977699932944,0.0142045436437519,0.0136636406864256,0.0102014864737388,0.082743540157064,0.0324639410154147,0.461535699759064
"img_00311.jpg",0.912360126448415,0.00963257042838933,0.00963257042838933,0.00963257042838933,0.00999263165183053,0.0267495514624662,0.00963257042838933,0.0123674087237313
"img_00320.jpg",0.893069016771753,0.033850965820333,0.0096941729041049,0.0096941729041049,0.00997811975626597,0.0144262479124715,0.0096941729041049,0.0195931310268612
"img_00331.jpg",0.646881437162191,0.0156985036274131,0.0116073106667583,0.0137929784719052,0.0101543333211388,0.176640217445278,0.0589908388784463,0.0662343804268685
"img_00358.jpg",0.457817846727544,0.044951718735563,0.00994310515580216,0.0138890486877825,0.00997821034850856,0.11845001642277,0.0541856815281811,0.290784372393848
"img_00374.jpg",0.623916127993668,0.0883817993123872,0.0129146878761366,0.0132270272491878,0.00995865660613769,0.0222263183610549,0.0139892434395687,0.215386139161859
"img_00375.jpg",0.186014560068828,0.146730489110025,0.35323295846488,0.0482979494508555,0.00998445135375038,0.158084050444594,0.0263207231471161,0.0713348179599502
"img_00380.jpg",0.730147992948191,0.0189293898399004,0.0348971193517208,0.0285017714630808,0.00997550003150035,0.155199949114609,0.00982817864269794,0.0125200986082999
"img_00383.jpg",0.922713171047926,0.0121525737874628,0.00955404865873122,0.00955404865873122,0.00996214499787844,0.0137514053779879,0.00955404865873122,0.0127585588125512
"img_00398.jpg",0.840497218733437,0.0192632352576288,0.00972684908230127,0.00972684908230127,0.010048635385019,0.0099352336787282,0.00972684908230127,0.0910751296982835
"img_00407.jpg",0.770254645488061,0.0262863631110178,0.0364332057719183,0.0597895968768334,0.00996054367554226,0.0620586086239694,0.00980894377397782,0.0254080926786804
"img_00417.jpg",0.0663297078303647,0.0108960978928253,0.0095241673688265,0.0095241673688265,0.009956748916243,0.0095241673688265,0.0095241673688265,0.874720775885261
"img_00442.jpg",0.0124125472425412,0.0100441158253768,0.00946962867146211,0.00946962867146211,0.00995668601906005,0.00980683484839751,0.00946962867146211,0.929370930050238
"img_00446.jpg",0.733562893896334,0.0319309597728004,0.0108084280852047,0.0334753010284536,0.00999074880873946,0.109384483568652,0.014761775778408,0.0560854090614085
"img_00469.jpg",0.730472887341035,0.0711850371974667,0.0125374354399045,0.0137145287934146,0.00998414884656155,0.0399546448928333,0.0160782717330755,0.106073045755709
"img_00473.jpg",0.882133634474006,0.0129238225249901,0.0111034130023366,0.00981549630958949,0.0100454206919108,0.0101076635198592,0.00981549630958949,0.0540550531677181
"img_00483.jpg",0.841925130867563,0.0478074674947936,0.00970896317784342,0.00970896317784342,0.0099607954140459,0.0199028864246209,0.0312692639544398,0.0297165294888499
"img_00484.jpg",0.440634792477147,0.272551984393679,0.0142542497437196,0.0249617474533903,0.00995904992661421,0.0292929143922529,0.0244314016992231,0.183913859913973
"img_00486.jpg",0.826375322825275,0.0377297626352419,0.0460919729185019,0.0282612276724876,0.0102672134943598,0.0258408347184875,0.0148321127611584,0.0106015529744884
"img_00533.jpg",0.19112053872644,0.0795108156937214,0.0165530860024211,0.0139101195110271,0.010015518604945,0.0851013367420829,0.0438473499234149,0.559941234795948
"img_00538.jpg",0.828923822172444,0.0445901864281189,0.0103671978675849,0.0102926573809466,0.00995916032799741,0.0136706305269565,0.00979713230659907,0.0723992129893524
"img_00543.jpg",0.909154419126757,0.00959735554399161,0.00959735554399161,0.00959735554399161,0.00996919777041302,0.0305940823148006,0.00959735554399161,0.0118928786120633
"img_00551.jpg",0.618660652870936,0.0109879411494463,0.0416583021980816,0.0821193944719471,0.010011233207658,0.146182550712262,0.0101180464139884,0.0802618789756813
"img_00575.jpg",0.771503231714969,0.0240251109792017,0.0131399599678414,0.0113896133172427,0.0103023683061735,0.0464235120907041,0.0316111591171402,0.0916050445067279
"img_00582.jpg",0.760248854768651,0.0473601842991297,0.018496534348583,0.0145811890486943,0.011819512551413,0.114447425312957,0.0152327633860654,0.0178135362845065
"img_00584.jpg",0.904559895852918,0.0120107249099593,0.0130886218769266,0.0207385879188295,0.0112631069143404,0.0140055981000517,0.0113063525567428,0.0130271118702324
"img_00587.jpg",0.149028514319687,0.048098083711514,0.0181075848169617,0.0107019668367862,0.0100388138834681,0.210089382795514,0.0718432729011899,0.482092380734879
"img_00591.jpg",0.205935424923969,0.020448723247993,0.0144263485974241,0.00979551442329304,0.00995869363832098,0.0881308485676156,0.0150157422480334,0.636288704353351
"img_00598.jpg",0.804579727862832,0.0202907246921694,0.014800567627729,0.042663206651154,0.0101669537289141,0.0578011492287342,0.0145900004713044,0.0351076697371623
"img_00599.jpg",0.671351851128767,0.0593734669191679,0.0275256107840358,0.0143223207747995,0.0101520412815017,0.0243857265178845,0.0651713741359154,0.127717608457929
"img_00612.jpg",0.508494525991336,0.0111820418383517,0.0167286474638869,0.0142631701831932,0.0101444405259189,0.312543120307504,0.0354637263549108,0.0911803273348986
"img_00620.jpg",0.66152549493325,0.0283245151092236,0.183505332345251,0.0186630881115146,0.0100588880297345,0.061731651295986,0.0156544834334259,0.0205365467416146
"img_00642.jpg",0.341290261122913,0.0605946640255095,0.0175811433201626,0.50811402658062,0.00995829076575303,0.0371941570304723,0.0116700261470758,0.0135974310074935
"img_00646.jpg",0.0172809213408872,0.0124969392869666,0.0201078208355553,0.00960393365531797,0.00995726673663053,0.0142985471473796,0.00960393365531797,0.906650637341945
"img_00648.jpg",0.896491234209839,0.0131079672942361,0.00966302366443127,0.00971253865469456,0.00998566436974372,0.0362486667695535,0.0108444794606974,0.0139464255768043
"img_00654.jpg",0.724313354451004,0.0345620859216006,0.0491955296224567,0.0214619412124327,0.0110051924505067,0.0508732275503806,0.0359279543131083,0.0726607144785106
"img_00664.jpg",0.829136951670416,0.0673531552373196,0.0102143179298683,0.00978271520747612,0.00996371834345608,0.0165666824166087,0.0156211816148249,0.0413612775800306
"img_00697.jpg",0.0123371401953399,0.00952470756240985,0.0176665848235565,0.00952470756240985,0.00995658416398166,0.00952470756240985,0.00952470756240985,0.921940860567482
"img_00708.jpg",0.304200214260064,0.0693040572188598,0.0643564648804684,0.0411723033978258,0.0101372093468882,0.234630345048598,0.130665328141365,0.145534077705931
"img_00717.jpg",0.547022951341456,0.099858525349905,0.0132279290930107,0.0410235035642438,0.0099590779074393,0.226826712753947,0.0213299127272245,0.0407513872627737
"img_00718.jpg",0.822137143538864,0.00972333874982091,0.0147739984492225,0.0253216274506933,0.0099582101436147,0.059283638282444,0.00972333874982091,0.0490787046355202
"img_00726.jpg",0.899873406241272,0.0219660211975143,0.0128137373098021,0.009697605087709,0.00995700421352567,0.0124328148713046,0.0217140025324349,0.0115454085464373
"img_00730.jpg",0.0816636062612991,0.0229181826593848,0.0217768518001733,0.00986735362073917,0.00997053820421325,0.0189767160615501,0.045872642282492,0.788954109110148
"img_00757.jpg",0.826229960686062,0.0134707009217553,0.0151633464308275,0.0468469675465114,0.00998774404452585,0.0495808876639976,0.0107513053338444,0.027969087372476
"img_00760.jpg",0.425644804450445,0.0723779009893969,0.0163860348263538,0.401181729009418,0.0100005311169949,0.0388031450496572,0.0150389691879613,0.0205668853697725
"img_00764.jpg",0.0123385406783773,0.0107716322733922,0.0354373109883584,0.00961932886978053,0.00995749864139544,0.00961932886978053,0.00961932886978053,0.902637030809135
"img_00765.jpg",0.157302752566866,0.091224292569425,0.0117305740703782,0.0877185090353768,0.00997866611354635,0.509658025198795,0.0283878374841455,0.103999342961467
"img_00773.jpg",0.827628202485899,0.0185325818355136,0.0408169241427579,0.0431512014938756,0.00996065141764535,0.0326215485719528,0.0114808817666695,0.0158080082856866
"img_00777.jpg",0.774589299434563,0.0347748423727188,0.0116170653654556,0.0102605614436993,0.0100913982944111,0.126776074119274,0.0219873091716898,0.00990344979818826
"img_00780.jpg",0.0209067328287774,0.0257733090464939,0.0357489037988573,0.0124001586382622,0.0099584497993983,0.0416381855579542,0.0446764077395322,0.808897852590725
"img_00798.jpg",0.555770615053392,0.217703670902111,0.0138951707237386,0.134840093470385,0.0102620712975089,0.0345850627453769,0.0138260874119369,0.0191172283955503
"img_00808.jpg",0.798005215611169,0.0585598620411575,0.011564884994071,0.0113654147577277,0.0099583856902107,0.0187967317084396,0.00972898211850023,0.0820205230787239
"img_00816.jpg",0.899209098152662,0.0136513171623004,0.00994949172536571,0.00985371932317668,0.0100827864763523,0.0136813944631926,0.0147111127343861,0.0288610799625641
"img_00837.jpg",0.834610197213862,0.0352518778988842,0.0130262850205175,0.0137158455956964,0.0101499513435754,0.0384603291874589,0.0105705017639668,0.0442150119760393
"img_00855.jpg",0.531792333132815,0.12429696656931,0.0333830655438717,0.0225304216408402,0.0101747794547131,0.0824671229643325,0.0518020167677766,0.14355329392634
"img_00857.jpg",0.888676614960108,0.040348697655336,0.0139201804708658,0.00981851080462044,0.010047738212744,0.0143352669326755,0.00981851080462044,0.0130344801590294
"img_00858.jpg",0.82121107070591,0.0375030308199052,0.00981511432930711,0.0104629019646094,0.00998406067990943,0.073960337286355,0.0157840372275886,0.0212794469864156
"img_00865.jpg",0.874576168907263,0.0440756613681081,0.00961386444643123,0.00961386444643123,0.00995783600027238,0.0148530242923336,0.00961386444643123,0.0276957160927289
"img_00902.jpg",0.0177107455968947,0.0165601378770334,0.0154056749176382,0.0140515487336388,0.00996370562333329,0.0201919053168456,0.89442920517227,0.0116870767623459
"img_00914.jpg",0.0123641739431448,0.0189621392534318,0.0397323130333299,0.0191154519682665,0.00995643096100245,0.011668244563209,0.00956967731707536,0.87863156896054
"img_00921.jpg",0.510815684154188,0.0190173168766782,0.0458512833669024,0.0151514985087501,0.010192752625759,0.146687256525174,0.0655176831442194,0.186766524798329
"img_00927.jpg",0.487594193190662,0.0788535147808167,0.0286636871677409,0.0113929929324542,0.010046167684531,0.0470606416479301,0.0704180088661377,0.265970793729727
"img_00943.jpg",0.851864963662685,0.0375469054944532,0.00965106162790039,0.00965106162790039,0.00995749142074436,0.0141346742966647,0.0361692528574961,0.031024589012156
"img_00959.jpg",0.931130837468059,0.00964432496010881,0.00964432496010881,0.00964432496010881,0.0100847939808909,0.00964432496010881,0.0100636787765752,0.01014338993404
"img_00962.jpg",0.0210225971874,0.0165358706785111,0.0741950406278384,0.0173619414220118,0.00995744926893416,0.0205534589325269,0.00992637055812716,0.83044727132465
"img_00964.jpg",0.012562514425855,0.0292845514445984,0.829991962095625,0.0118229598385543,0.00995862096568232,0.0125562729480874,0.0101381151876758,0.0836850030939216
"img_00974.jpg",0.748571014617438,0.103293604843729,0.013885735367921,0.0205579590799213,0.00995898266403446,0.0209237656756767,0.0163032760808973,0.0665056616703819
"img_00979.jpg",0.0362394034752793,0.00989701390447456,0.0927656461308991,0.0097255096437738,0.00995813299309157,0.0156486107173132,0.00982453857357581,0.815941144561593
"img_00985.jpg",0.396988542759811,0.0649848873113626,0.0115437968678701,0.014762745927942,0.0101844731865793,0.068389299705851,0.0325259690750426,0.400620285165542
"img_00999.jpg",0.790583213865867,0.0158261887359979,0.00980705457712759,0.00980705457712759,0.00997244435499725,0.0340447209215257,0.0195107710604456,0.110448551906911
"img_01022.jpg",0.77423149193963,0.0148991590859047,0.017040738077081,0.0223348497554207,0.0104713486697726,0.113319762264562,0.0124222335997971,0.0352804166078315
"img_01031.jpg",0.729796359782376,0.0203274588652188,0.0771477560694414,0.0229368284430573,0.0101914066367035,0.0693513522637122,0.0298387459803275,0.0404100919591635
"img_01035.jpg",0.769112889636643,0.026836855999231,0.0181567315272884,0.0128795745831852,0.0100184394128054,0.125130079597667,0.0280493483673373,0.00981608087584236
"img_01059.jpg",0.298440069970034,0.0619649416446604,0.0122569111686983,0.0132821511788699,0.00997432233707574,0.113816136421387,0.0362227172749708,0.454042750004304
"img_01102.jpg",0.187358814612554,0.546270939550407,0.0270415695498196,0.113357125662471,0.0100156378189211,0.0181158944970556,0.012557016492382,0.0852830018163909
"img_01103.jpg",0.073769915862863,0.186830847479678,0.0393477326314815,0.0392678139306988,0.00995920901912728,0.0128416924884823,0.0582980415785623,0.579684747009107
"img_01116.jpg",0.844347896805532,0.0343039079193354,0.0102575833803555,0.0167183437409206,0.0099590327100278,0.0255781252125869,0.0102775328648343,0.0485575773664078
"img_01188.jpg",0.361644061029832,0.0685124152411825,0.014177735944449,0.0524229312987308,0.0100103946805655,0.358674989513053,0.0153366739277421,0.119220798364445
"img_01198.jpg",0.395374484567494,0.0329974859931113,0.10296863330163,0.0463635765888002,0.0129201839732173,0.0406195867805371,0.311410050024979,0.0573459987702322
"img_01211.jpg",0.897487817281366,0.0266225639099047,0.0096429352129348,0.0145932824156833,0.00999494545677682,0.0194655588235513,0.0096429352129348,0.012549961686848
"img_01213.jpg",0.820695428022031,0.0340498596066161,0.0116225806761217,0.0252947213258177,0.010076270028976,0.051514108258165,0.00990508695461701,0.0368419451276551
"img_01222.jpg",0.250259658942335,0.227897445403865,0.0166622946475182,0.0369587571468017,0.00995919845187517,0.0894362699515323,0.0202455190369902,0.348580856419082
"img_01224.jpg",0.0691542625591589,0.0163392120838108,0.141251731450982,0.013155407394462,0.00995895882558453,0.0190690430028242,0.0112238226441342,0.719847562039044
"img_01253.jpg",0.0169248871007337,0.00945683657512568,0.00945683657512568,0.00945683657512568,0.00995637293105346,0.00945683657512568,0.00945683657512568,0.925834557092584
"img_01286.jpg",0.598696251288549,0.0743667333320242,0.0130998450988008,0.0189634858286371,0.0112019284872611,0.0809205513302908,0.0163024749735873,0.18644872966085
"img_01289.jpg",0.429636572261209,0.0888356178626753,0.0102539056986963,0.0143695250772879,0.00996455895176757,0.10076879575466,0.0397297284319354,0.306441295961769
"img_01328.jpg",0.836075643437622,0.0399696907319255,0.0104334400316549,0.0197348607731553,0.00998444543194848,0.0398796444595433,0.0109249064391738,0.0329973686949764
"img_01371.jpg",0.813886020412801,0.0108870071956599,0.0137179589689753,0.0107388349567508,0.0109165639767696,0.0132207512859565,0.0133375576187685,0.113295305584319
"img_01379.jpg",0.84725035872691,0.0189304129189212,0.0286352083309515,0.0219759799980411,0.00999410632197699,0.0354024924703894,0.010917761016078,0.0268936802167315
"img_01388.jpg",0.81405609494904,0.071322969529806,0.0107245970783405,0.00977380222794661,0.0100139263940176,0.0436187204268584,0.00977380222794661,0.0307160871660444
"img_01392.jpg",0.0132997493575936,0.0484835895062405,0.628059464475951,0.0115050968570741,0.00996844258431774,0.0110712566451814,0.0113154996026563,0.266296900970985
"img_01399.jpg",0.0323369245185305,0.639818189539831,0.0394186146855451,0.00999581593633262,0.00995839210110442,0.0214595317055786,0.0136746354177003,0.233337896095378
"img_01404.jpg",0.885050119945437,0.0317218492679274,0.0102464089827419,0.0212712046086964,0.0099917267818534,0.0162535484517449,0.00977028946793786,0.0156948524936611
"img_01405.jpg",0.848549755052421,0.0306383386728766,0.0114397956891992,0.0356475573638295,0.0102216632044381,0.0394803033978665,0.0116289676651994,0.0123936189541694
"img_01413.jpg",0.909583955621099,0.0103125449013099,0.0104810215553529,0.0130651957265802,0.0104275099452829,0.0224877677199457,0.0108934028367937,0.012748601693636
"img_01431.jpg",0.32162348633319,0.0514279436769771,0.0113232313223621,0.51489633470645,0.0099864895275244,0.0592653986240604,0.0110308132496225,0.0204463025598134
"img_01441.jpg",0.0181836338554019,0.00958793287098107,0.0165140878636572,0.00958793287098107,0.00995700851785314,0.0107724827618524,0.014495284950658,0.910901636308615
"img_01444.jpg",0.123131302651648,0.0175796350929001,0.0170333237277408,0.0105466715479614,0.00995902678149971,0.0443393582783078,0.0342202877778462,0.743190394142096
"img_01490.jpg",0.0143548926621847,0.0133846106868169,0.168541753114486,0.0141918984635774,0.00995782100724467,0.0125269862759981,0.0106201519269712,0.756421885862721
"img_01511.jpg",0.84910075919927,0.043565917086983,0.0177075107242009,0.0207501464558594,0.00998322688347516,0.0350009290989474,0.0126531512715825,0.0112383592796816
"img_01519.jpg",0.413162469079409,0.102458409428663,0.0214492143572592,0.0274373132454971,0.0100474166175477,0.325468223973927,0.0242348812386087,0.0757420720590885
"img_01530.jpg",0.776963440374036,0.0198679048072092,0.0497690108095063,0.0367446390699445,0.0105842257025983,0.0205195109010998,0.0139641078391127,0.0715871604964932
"img_01537.jpg",0.696982296905377,0.0174306897351958,0.124570895492823,0.0121299400326013,0.0103055209617769,0.030012701841976,0.0169623605158217,0.0916055945144281
"img_01538.jpg",0.874544530125212,0.0177082296496736,0.00968201709162364,0.00968201709162364,0.00995987493551383,0.0545221462610056,0.0100338583843147,0.0138673264610328
"img_01543.jpg",0.918203724014158,0.00985330183686197,0.015406390200847,0.0114334414289119,0.0102020724671956,0.00985330183686197,0.00985330183686197,0.015194466378302
"img_01548.jpg",0.870267420941933,0.0103590425412863,0.0237250089281896,0.00995638303208243,0.0101972477206904,0.0115835226485878,0.0146034655535974,0.0493079086336332
"img_01552.jpg",0.888315824036097,0.0249670666542224,0.0160072213848384,0.00988113414053558,0.00997723675413178,0.0312159320865807,0.009662936446261,0.00997264849733289
"img_01571.jpg",0.881855880365706,0.00981548296325941,0.00961205677296169,0.00961205677296169,0.00995735843442597,0.0208944275839328,0.0302909390117914,0.0279617980949613
"img_01593.jpg",0.425482497694693,0.0443185250978602,0.0227767895194782,0.0128420294564624,0.00998451617659827,0.111182240966088,0.0529489409544226,0.320464460134398
"img_01616.jpg",0.713754201712414,0.161399995589433,0.0119089641675666,0.0161752892667231,0.010192734121075,0.0249983055378641,0.0115258782386206,0.0500446313663032
"img_01618.jpg",0.790806329598707,0.0214701532097748,0.00979815372448554,0.0137501603940645,0.00999822590504289,0.13411660421353,0.00991245946417881,0.010147913490217
"img_01627.jpg",0.680696256382841,0.133971982701725,0.0212893685909927,0.0250921845043326,0.00995841862509632,0.0648123010966631,0.0117891767615976,0.0523903113367518
"img_01632.jpg",0.899295823750093,0.0155833421352351,0.016288156730888,0.00992370674124078,0.0101755780703649,0.0157086249962188,0.0113557167992604,0.0216690507766988
"img_01633.jpg",0.497439581145359,0.0146653370671988,0.0115474353009283,0.0160688222092441,0.0100391924826317,0.318501222768357,0.0341265919614922,0.0976118170647892
"img_01640.jpg",0.916042845603206,0.00959509436075103,0.00959509436075103,0.00959509436075103,0.00998836502567911,0.0251080820376781,0.00959509436075103,0.0104803298904329
"img_01646.jpg",0.784207682962593,0.0647638182370808,0.0113881525511532,0.0343327034896148,0.00996096135876478,0.0493530204092861,0.0136802738974682,0.0323133870940389
"img_01669.jpg",0.386237342326639,0.0814146657309841,0.0139434800426816,0.438120434980168,0.010028725143983,0.0318958209146182,0.0138173469431501,0.024542183917776
"img_01681.jpg",0.307142517181127,0.0163567442166192,0.0100268868925288,0.0108050905404313,0.0100749092670133,0.0326137121173959,0.0172861301004183,0.595694009684466
"img_01684.jpg",0.589871064416456,0.0861703889602848,0.0116263767274971,0.0342250144890237,0.00995884892043858,0.0336343900119576,0.00982280051779017,0.224691115956552
"img_01687.jpg",0.201890720247171,0.0143188640063784,0.0198165376214516,0.00976580023013642,0.00996013591919812,0.0125567115002933,0.0211656124808412,0.71052561799453
"img_01688.jpg",0.343351261350452,0.122100053049009,0.0104868811917318,0.0152845679842687,0.00996441091493624,0.101040710261907,0.0336070953602854,0.364165019887411
"img_01689.jpg",0.0748574343406156,0.0195051165350894,0.0683585204392208,0.011474511990799,0.00995891155843899,0.0723940831819033,0.0411442935320588,0.702307128421874
"img_01724.jpg",0.757846802081605,0.010463305656815,0.0853423155432324,0.0114456212308213,0.0103665757107363,0.0329362040842462,0.0137023337883611,0.0778968419041823
"img_01771.jpg",0.765330867575509,0.0794673286468871,0.0120747970294817,0.01874881173157,0.0099704252257719,0.0282078301523494,0.00978090126331325,0.0764190383751172
"img_01773.jpg",0.319448865520593,0.0335082335731298,0.0198334260447052,0.0107156014325975,0.00999439725044982,0.0345510928358712,0.112520812056547,0.459427571286106
"img_01802.jpg",0.903282196415584,0.0117284426708045,0.011062741746055,0.011062741746055,0.0113553383045649,0.011062741746055,0.0112644931657773,0.0291813042051042
"img_01803.jpg",0.0153980292305507,0.0407679676379176,0.759407584907437,0.0187790063477189,0.00996645696611766,0.0113672804231777,0.0138104691965385,0.130503205290542
"img_01824.jpg",0.566644422674405,0.0132531756765551,0.0177097016033412,0.0165799369995509,0.0102739505827939,0.248287140311015,0.0415351943325222,0.0857164778198164
"img_01831.jpg",0.339845246802905,0.0103850505464578,0.0232576281806298,0.432462581107305,0.00997853025619753,0.0879569427991442,0.0116271647076232,0.0844868555997375
"img_01834.jpg",0.0751689647494872,0.0254637229801518,0.180616604217964,0.0458820807913156,0.00995854072923989,0.0159736414574742,0.011029951592113,0.635906493482255
"img_01847.jpg",0.0970289490186081,0.0819914465277706,0.0258096000736928,0.0118155507008201,0.00996954823466457,0.115298270067745,0.0530831425288713,0.605003492847828
"img_01853.jpg",0.491523725812106,0.0869698561884138,0.0324269146524992,0.0127972077395294,0.0100346110896044,0.0511426365793245,0.0735167329943369,0.241588314944186
"img_01856.jpg",0.914179756566054,0.0144701170551228,0.0101104541526947,0.00961411109260252,0.00995678612100257,0.0172284766209024,0.00961411109260252,0.0148261872990186
"img_01862.jpg",0.751990322548459,0.0166673608114709,0.110141226047547,0.0163028333548921,0.0103439701701453,0.0344953018255658,0.0178789911661671,0.0421799940757531
"img_01874.jpg",0.557575995097382,0.0118445679902181,0.0187432606023276,0.012484276906734,0.0100507600021451,0.228972609704142,0.0836475811505047,0.0766809485465465
"img_01888.jpg",0.183945660670335,0.135283627270396,0.0144386174989183,0.0768634505737473,0.0100123642690267,0.358035284981542,0.0191096234858558,0.202311371250179
"img_01918.jpg",0.314196948442021,0.0412303714633551,0.0111171000405973,0.536241236551128,0.00995924727240436,0.0290269545186653,0.0108555053414848,0.0473726363703438
"img_01930.jpg",0.620227317643558,0.018694889146,0.0349531651086437,0.0397035933456969,0.00998019758290836,0.25319449276864,0.00987375274473656,0.0133725916598171
"img_01932.jpg",0.707989141095769,0.0870250498833776,0.0122385097802341,0.0126931366984789,0.00997041584273946,0.0386338206294129,0.0121334957811937,0.119316430288794
"img_01955.jpg",0.0141604091112086,0.00946397251915271,0.00946397251915271,0.00946397251915271,0.00995644396079362,0.00946397251915271,0.00946397251915271,0.928563284332234
"img_01963.jpg",0.875394089026413,0.0101097902601476,0.00958964680782553,0.00981310838116011,0.00995736228918011,0.0111388566509843,0.00958964680782553,0.0644074997764634
"img_01966.jpg",0.828950205248951,0.0904441033806068,0.0106518584092731,0.0102271537268589,0.00995729501304798,0.0143074256782677,0.0101066634375472,0.0253552951054476
"img_01983.jpg",0.619434343827483,0.0362217013508782,0.13226898451561,0.0336306835841353,0.0116852827275695,0.0820721410398255,0.0149472883608229,0.0697395745936756
"img_01984.jpg",0.21318224147956,0.0353766407868696,0.00965674547475001,0.013918525872747,0.0099572278141737,0.0715158004813329,0.0262718540310114,0.620120964059555
"img_01996.jpg",0.228025171725149,0.0576748720082902,0.0137976369053813,0.0194493783965814,0.00998085450503262,0.417448887052934,0.0879018767119699,0.165721322694661
"img_02001.jpg",0.253343538289583,0.0191320094956392,0.0375441655950866,0.0099531673841675,0.0100077707657071,0.237466950329452,0.0256791816961,0.406873216444264
"img_02066.jpg",0.809175738201381,0.0253978520368107,0.0265029858231919,0.0177448905519556,0.0101518396708829,0.0706654656177851,0.013702200244461,0.0266590278535321
"img_02074.jpg",0.762825424180331,0.015903659585887,0.0325343028120173,0.0544039438063182,0.0101264414777226,0.0749025056829251,0.0163312730100807,0.0329724494447176
"img_02076.jpg",0.305417382088689,0.475245095459248,0.0149555212093809,0.0133555884576167,0.0099869661771135,0.0136145367240438,0.009883196494786,0.157541713389123
"img_02077.jpg",0.163314564274788,0.0372045947881268,0.0484939283444497,0.516457169141283,0.00995981426483492,0.0531228170608319,0.0167698877248315,0.154677224400854
"img_02096.jpg",0.908056217238352,0.0227881732791094,0.0121573146981306,0.0100585840632641,0.0099564914145203,0.0143707062082598,0.011645551590978,0.0109669615073863
"img_02119.jpg",0.450952265762741,0.0483214852537229,0.326917137579577,0.0267614851175363,0.0099633385397857,0.0614730023774986,0.0182276240083966,0.0573836613607422
"img_02172.jpg",0.715546344161472,0.0188950436303261,0.146054950761341,0.0103332837591498,0.010336869543249,0.0173934303910099,0.0134795095707443,0.0679605681827073
"img_02180.jpg",0.753906780466831,0.0715094198157021,0.0147847000627516,0.0153480025528699,0.0100544771806328,0.0781478541496801,0.0155543748750411,0.0406943908964915
"img_02188.jpg",0.748897566124704,0.0415517764777175,0.0147023712681172,0.0122231956711186,0.0101941430895637,0.0373052967869023,0.0224905251527159,0.112635125429161
"img_02209.jpg",0.192373775273973,0.0370098450437593,0.0444013781340567,0.0270269195902112,0.0103228971081832,0.511223944581168,0.088994851005657,0.0886463892629915
"img_02252.jpg",0.913257177024933,0.0199767953884141,0.00951163201688535,0.00951163201688535,0.00995674897586857,0.00951163201688535,0.00951163201688535,0.0187627505432429
"img_02268.jpg",0.791749751260467,0.032974526881702,0.0228423625157436,0.0711709914385171,0.0100479002631384,0.0372259111133938,0.0134068964503305,0.0205816600767081
"img_02270.jpg",0.730259762010291,0.0305073188442545,0.0594589982122028,0.0517630865801324,0.0103483815794567,0.0545118874137286,0.0138519603910764,0.0492986049688574
"img_02281.jpg",0.271643967619344,0.0339679005422182,0.0132534054405684,0.619611609236283,0.00995879634482957,0.0288897113429781,0.00995202171263817,0.0127225877611399
"img_02282.jpg",0.0123806696644164,0.00948719141874845,0.00948719141874845,0.00948719141874845,0.00995657625419441,0.0109318685201091,0.00948719141874845,0.928782119886286
"img_02291.jpg",0.888262561080463,0.0378005454010317,0.0156488544423893,0.00972743005395767,0.0099565890437322,0.0108092114752844,0.00959229283404926,0.0182025156690922
"img_02299.jpg",0.197590869389976,0.172386478756905,0.0223234360938412,0.0344416323805766,0.00995955566514766,0.121253341961526,0.0433821875087095,0.398662498243318
"img_02307.jpg",0.180397984475055,0.0275109476860995,0.0103754403719007,0.0110197255925725,0.0101744498967319,0.0851120960771336,0.029456285475099,0.645953070425408
"img_02309.jpg",0.90145712763347,0.00970968012670234,0.00964516445000985,0.00964516445000985,0.00998842551002868,0.0350935426465404,0.00964516445000985,0.0148157307332289
"img_02318.jpg",0.0658581986564873,0.0101728271296096,0.00972864063313629,0.00968341623265245,0.0099584140556223,0.0114034660837092,0.0101396672049487,0.873055370003834
"img_02356.jpg",0.163876673642552,0.0547288623792163,0.0267811359084905,0.0353668733397121,0.00998253102953493,0.0235875194267863,0.0232365094931876,0.66243989478052
"img_02367.jpg",0.845904118107096,0.0256359165670131,0.0111660302910487,0.0120464098182884,0.0106987368884358,0.061831618849732,0.0147188509486709,0.0179983185297149
"img_02379.jpg",0.344251798971075,0.0125696747489262,0.00967468883371101,0.00967468883371101,0.00995769267365905,0.0172343989940921,0.0125896628542937,0.584047394090532
"img_02384.jpg",0.640854618983965,0.0327084445574631,0.0228900749367326,0.0143969817147243,0.0102257165321724,0.104637882229349,0.0417719409491631,0.132514340096431
"img_02398.jpg",0.708755926318862,0.0711012644552187,0.0108367935737801,0.0211433912208939,0.00995880410641716,0.094839379385214,0.010102135177454,0.0732623057621598
"img_02400.jpg",0.739411456880881,0.0283637810652197,0.0659502569757801,0.0151559443499184,0.00995870082095508,0.0535267201267422,0.0115849468367378,0.0760481929437657
"img_02406.jpg",0.136352231470415,0.0181591572116314,0.0468192105664997,0.574995293758402,0.00996114054872598,0.0206992659536673,0.0249295150256231,0.168084185465036
"img_02412.jpg",0.859123772782255,0.00996245202892014,0.00996245202892014,0.00996245202892014,0.0102477296019704,0.0128282691260194,0.0134146247112307,0.0744982476917643
"img_02422.jpg",0.360134726729987,0.140138080678212,0.0223441047943922,0.0326536813834432,0.0100250918084571,0.0415598944031634,0.0505650775119157,0.342579342690429
"img_02486.jpg",0.86482340524496,0.0416067460036473,0.0113645533752662,0.0096720982475723,0.00995831284961435,0.0171483714100597,0.00971296312803291,0.0357135497408469
"img_02487.jpg",0.853570527145812,0.032301637301382,0.00969328942946864,0.00969328942946864,0.00997039099130216,0.0163050616963104,0.0259450486446711,0.0425207553615849
"img_02522.jpg",0.894115670997045,0.0224203437446063,0.00993328550965835,0.012265556450996,0.010185870093665,0.0267931297181273,0.0118522122297103,0.0124339312561913
"img_02556.jpg",0.376643206318349,0.0745918028851879,0.0241481290141961,0.0156390563320511,0.00995983474563109,0.0135632516663068,0.0208003156219323,0.464654403416345
"img_02565.jpg",0.45306845751088,0.0174709862754272,0.0531387293747441,0.0166705835817616,0.0102819493882382,0.123601653814634,0.0746298465061736,0.25113779354814
"img_02574.jpg",0.811933984192002,0.0389520948907834,0.0151672802824807,0.0175139588898921,0.0120694604696361,0.0578916788395319,0.016072464797447,0.030399077638227
"img_02602.jpg",0.745775799724908,0.0540985220603467,0.0150233714576798,0.0214672957828118,0.0100215270454255,0.113454334486239,0.0186543094612016,0.0215048399813878
"img_02625.jpg",0.218720959812811,0.0532228153578119,0.0233492091499753,0.0156383513828743,0.0100316429388853,0.50456693750103,0.0332836922890252,0.141186391567588
"img_02636.jpg",0.903091121459118,0.0138084292165228,0.00955597996747031,0.00955597996747031,0.00996071387119356,0.00961172904292466,0.00955597996747031,0.03486006650783
"img_02638.jpg",0.833959695413236,0.0466201148775332,0.0117329280381552,0.0102166457098976,0.0100524303045791,0.0343178266490193,0.0132092145628083,0.0398911444447712
"img_02646.jpg",0.0151400636505554,0.0115967803288808,0.0098203887338088,0.012248975016864,0.00995795629865341,0.0096871923266379,0.00963334507392349,0.921915298570676
"img_02651.jpg",0.918167194286132,0.0103853530284661,0.0155278946039213,0.0145449449575812,0.0101720561927275,0.00985407192868231,0.00985407192868231,0.0114944130738075
"img_02656.jpg",0.879717841475024,0.0320830757286923,0.0103860931996912,0.0111719038823989,0.00995808833364818,0.0101458531035145,0.00962456085822896,0.0369125834188017
"img_02666.jpg",0.918522658446331,0.00985434261396793,0.0150345876129071,0.00985434261396793,0.0102105016907085,0.00985434261396793,0.00985434261396793,0.0168148817941814
"img_02687.jpg",0.144650107413821,0.0129601229242879,0.0113260813732935,0.00977173138892583,0.00995842239794582,0.0140509006796979,0.0117604799038452,0.785522153918183
"img_02699.jpg",0.778400037081451,0.0118403874698534,0.010099672159055,0.010099672159055,0.0104059512124148,0.0134800570104295,0.0106916317859299,0.154982591121811
"img_02703.jpg",0.464396739075091,0.0279658869565848,0.0393626119497215,0.0154364504687679,0.0100873963162145,0.0286549964834269,0.029802112166254,0.384293806583939
"img_02709.jpg",0.745670168207143,0.0192098324603467,0.0300339347478392,0.0550373661016773,0.0100064369738032,0.0981489867015743,0.010664016572991,0.0312292582346252
"img_02726.jpg",0.667577581178417,0.0276225739639723,0.0975275829197602,0.0456041395936129,0.0112666436343537,0.0961191341057052,0.0118584429743175,0.042423901629861
"img_02733.jpg",0.57620520191397,0.0376599199259019,0.0421722755243497,0.216172623367241,0.0102148846049262,0.0610990281633556,0.0136777332758806,0.0427983332243748
"img_02739.jpg",0.886779697475805,0.0112556706436469,0.0096919178841145,0.0096919178841145,0.0100138823108784,0.047812417082759,0.0102617901837848,0.0144927065348966
"img_02749.jpg",0.337751187770367,0.0124509687120845,0.016361140899498,0.462142108662007,0.00999659122987711,0.0709029747204428,0.0103883292842004,0.0800066987215227
"img_02759.jpg",0.0420813584103781,0.0225875549316068,0.0903845450147863,0.0103291762590356,0.0099667715826096,0.0149834399237793,0.0177484021596772,0.791918751718127
"img_02764.jpg",0.931134650869365,0.00957176741434385,0.0104172784462078,0.00957176741434385,0.00998778164095688,0.0101732193860948,0.00957176741434385,0.00957176741434385
"img_02766.jpg",0.870600081005836,0.0260351265490332,0.0233732630857012,0.0110649840704282,0.00999494529164326,0.0298201185635492,0.0108475952126864,0.0182638862211229
"img_02769.jpg",0.0257206161988735,0.0137247896006379,0.0720290341072522,0.00966904792005605,0.00995758778232223,0.0114544643506532,0.0191344484636372,0.838310011576568
"img_02771.jpg",0.882598736569434,0.0166974022978039,0.00964347376910992,0.0115769026233924,0.0099577881652737,0.0474283670115323,0.00964347376910992,0.0124538557943438
"img_02799.jpg",0.915423033844346,0.019819708732443,0.00956325207774998,0.00956325207774998,0.00996120995645596,0.0145174284542511,0.00956325207774998,0.0115888627792542
"img_02808.jpg",0.738034708711737,0.0210525575680739,0.0422940133689963,0.0662152122545461,0.00996069418449149,0.084486179526891,0.00984477189220998,0.0281118624930546
"img_02811.jpg",0.742854704494634,0.0098079930194354,0.0377506770113785,0.0633021955110342,0.00999952005916636,0.0869897491299127,0.0098079930194354,0.0394871677550034
"img_02830.jpg",0.0830587621940082,0.162414287681766,0.0117546140479012,0.0209959104666974,0.00998399413137353,0.447509320520257,0.0836410950481413,0.180642015909855
"img_02834.jpg",0.546158370321878,0.042280496896319,0.0193153508792231,0.0106270970416928,0.0100077415475806,0.0365547275470563,0.0172686786281682,0.317787537138082
"img_02837.jpg",0.576087203617067,0.246019329084127,0.0109563180767936,0.0103899605972741,0.0099716911480795,0.0139625636938676,0.022254141640197,0.110358792142593
"img_02838.jpg",0.858577521951113,0.0444723313013443,0.0273016881331945,0.0129863065745083,0.0100412970548136,0.0127437063182825,0.00988975169010627,0.0239873969766374
"img_02876.jpg",0.314216586470005,0.0974242459186536,0.122935358664904,0.0175260237991637,0.00995942068561488,0.038841093269211,0.0430252953812433,0.356071975811205
"img_02889.jpg",0.656192313506664,0.0246438396721976,0.0558945264499806,0.0877427839181679,0.0101275546439356,0.103212737703627,0.0172364632959346,0.0449497808094924
"img_02899.jpg",0.625087554214075,0.0242176034286286,0.0166780243036252,0.142440422552895,0.0104321559863682,0.0908375673024561,0.0111991348954572,0.0791075373164949
"img_02904.jpg",0.823446483440081,0.0440785900899034,0.0182236697199896,0.0211278472828668,0.0100765883889716,0.0343086091570785,0.0163542810991396,0.0323839308219701
