"image","ALB","BET","DOL","LAG","NoF","OTHER","SHARK","YFT"
"img_00007.jpg",0.0523554438075308,0.00870481070210084,0.00269135142081252,0.00286061148747209,1.00344484121592e-05,0.00160285776098278,0.00160706046412716,0.930167829908562
"img_00009.jpg",0.778794461591424,0.142572594730389,0.0028967245711552,0.00206918965304551,1.02331019327936e-05,0.0687652414028514,0.00168291036878125,0.00320864458042072
"img_00018.jpg",0.762334463226744,0.0345963780246128,0.00174360654291599,0.00471135811772603,1.00258615987083e-05,0.191217750724761,0.00154969197807743,0.00383672552356411
"img_00027.jpg",0.200572134701283,0.0225257343713241,0.00443633630501692,0.00208830017520324,1.00583078918983e-05,0.130809414563158,0.0098499456072984,0.629708075968825
"img_00040.jpg",0.078775894584107,0.00455554951132101,0.0023225145854586,0.00173626284895417,1.0064344952638e-05,0.00761122532422386,0.881691368045291,0.0232971207556922
"img_00053.jpg",0.914796090230988,0.0176612575623782,0.00945623980552105,0.0021157404424936,1.02088989172388e-05,0.044240272513841,0.00356030040363503,0.00815989014222612
"img_00071.jpg",0.0018564788523993,0.000275318915521848,0.000149445280763875,0.997179458992267,9.98850995783263e-07,0.000206622782601975,0.000144139064668737,0.000187537260781212
"img_00075.jpg",0.822276299152722,0.0430793576023197,0.00256973689785762,0.00318852574702736,1.00813150437349e-05,0.123160366618581,0.00223434912303458,0.00348128354341387
"img_00102.jpg",0.279674403032745,0.0112906650399004,0.00258142725732831,0.00357215661349928,1.01199916917069e-05,0.0189234027844307,0.00548252144571476,0.67846530383469
"img_00103.jpg",0.79827069758825,0.0581435881175542,0.0843044068468766,0.00306770089643082,1.00208258797657e-05,0.0172007782821316,0.00149086794416286,0.0375119394987142
"img_00109.jpg",0.959952324275404,0.0125774011108888,0.00177716862996879,0.00170919667192014,1.00172896702063e-05,0.0142201519548139,0.00227189323109516,0.00748184683623935
"img_00120.jpg",0.685355840380106,0.013883836455864,0.00190321574179884,0.00202544335509145,1.00257063874032e-05,0.00786967104645913,0.048014633432457,0.240937333881837
"img_00125.jpg",0.878448571607293,0.00738840633135413,0.00289431363244632,0.00539282260095647,1.00345372734093e-05,0.0190842079643459,0.00311829716479874,0.0836633461615326
"img_00128.jpg",0.0109262206036755,0.0435597812313606,0.305481893209467,0.00173443668476244,1.00460656104362e-05,0.00428322729124883,0.00200095321270097,0.632003441701174
"img_00129.jpg",0.211265529521963,0.0043868271694065,0.00320722983635382,0.00182575924867556,1.00770139736304e-05,0.010563311690469,0.686045040247939,0.0826962252712194
"img_00138.jpg",0.675783021919579,0.29770036508091,0.00300754729729876,0.0031499282502818,1.00343549815042e-05,0.00475320409080037,0.0024140635253255,0.0131818354808223
"img_00141.jpg",0.00316488976648141,0.00449963468022906,0.00674379575347207,0.0015238344263842,1.00207158052231e-05,0.00176942260644432,0.00169153042482925,0.980596871626354
"img_00152.jpg",0.0292449964271324,0.0322795955926978,0.00481317140378246,0.00199858753732758,1.00920747149537e-05,0.017329660194481,0.00710551233876691,0.907218384431097
"img_00161.jpg",0.00224982884754731,0.00153462885124807,0.0014419713217399,0.00143187185430017,1.00144021072422e-05,0.00144975578838784,0.00143581857008395,0.990446110364586
"img_00170.jpg",0.0183366753960323,0.000887843665593367,0.000276369355365213,0.960811370024902,9.63263159011457e-07,0.000831091401064486,0.000156250463623004,0.01869943643026
"img_00171.jpg",0.638313024252696,0.0197238338351878,0.0388176179306792,0.0250536245377686,1.02329659317316e-05,0.257845865969715,0.00587900240593054,0.0143567981020908
"img_00175.jpg",0.504896590670093,0.00718512250059804,0.00820529930807686,0.0112021850630289,1.03361570320797e-05,0.385166310621688,0.00302445804641857,0.0803096976330649
"img_00180.jpg",0.00812707594843348,0.00204356162678567,0.00225060502807206,0.00206484951861406,1.00182229818893e-05,0.00217173422208311,0.00224407319301041,0.981088082240019
"img_00212.jpg",0.188018119370819,0.00543611144944845,0.00178500936183318,0.0187799107333329,1.00190243740657e-05,0.00185385982184221,0.00176504102558775,0.782351929212762
"img_00223.jpg",0.875483940508794,0.0241607686633399,0.0472465400008358,0.00417237214161367,1.00401612608567e-05,0.023226809579197,0.00337236968051332,0.0223271592644457
"img_00230.jpg",0.802448539630265,0.119591364308306,0.00193657641005115,0.00188443228985294,1.00464524515138e-05,0.0531048162452736,0.00183544171780642,0.0191887829459936
"img_00232.jpg",0.00407001797682733,0.00228857249030239,0.00150950496941226,0.00167898486504229,1.00574314483904e-05,0.00385469744267284,0.982052961108529,0.0045352037157654
"img_00244.jpg",0.814241418622783,0.057431726507883,0.00202144771681203,0.00511174612634691,1.00441346803512e-05,0.0587155238570791,0.0019521807256523,0.0605159123087634
"img_00272.jpg",0.756535384789842,0.165746166463688,0.0381291895826682,0.0106696990679569,1.00517555263668e-05,0.0117191388327046,0.00217306275902054,0.0150173067485936
"img_00280.jpg",0.958235772444327,0.00684341867485017,0.00277193167006063,0.00159125132905249,1.0105976224562e-05,0.00330312944874488,0.00191600596477596,0.0253283844919647
"img_00282.jpg",0.734630117339209,0.0145736901971376,0.0117371610883363,0.0307764408234532,1.0112903492328e-05,0.189958174736814,0.00473091358950928,0.0135833893220491
"img_00285.jpg",0.659942293284243,0.0146607006904972,0.00243965923961731,0.00174355005778143,1.00724979233214e-05,0.0374332141342606,0.0181630245187879,0.265607485576889
"img_00289.jpg",0.953011392756216,0.00741654252384297,0.00577075553407594,0.00217271886864319,1.06714054762088e-05,0.00509378714110906,0.00309422418070796,0.0234299075899286
"img_00292.jpg",0.734812350957834,0.0317506343678525,0.00962016981016517,0.00256956992179394,1.00835361104459e-05,0.0952025429768958,0.0196987129207667,0.106335935508582
"img_00302.jpg",0.0954581743178476,0.00408837126105492,0.00162341871428893,0.00164114535564824,1.01128975051862e-05,0.00551635592178244,0.874625360574067,0.0170370609578053
"img_00311.jpg",0.988030735919205,0.00284701234444284,0.00144272663827153,0.00217159456072833,1.00281670251703e-05,0.00162567821025828,0.0014326430005239,0.00243958115954458
"img_00320.jpg",0.97332219042445,0.00391949027068975,0.00160164595197034,0.00145449525790849,1.00214703452702e-05,0.00832845832602375,0.00156176121097604,0.00980193708763666
"img_00331.jpg",0.897914491980777,0.0229940364603016,0.00229565125221135,0.0023584342184936,1.00436738143059e-05,0.033234931005824,0.0052433953706467,0.0359490160379314
"img_00358.jpg",0.284076266526121,0.0290248128108258,0.00283320469745304,0.00285662217484604,1.00701302020346e-05,0.0213268180217139,0.0252523546260179,0.63461985101282
"img_00374.jpg",0.628640020127421,0.0245753893473363,0.00190044546001528,0.00278952771803516,1.00221661332555e-05,0.00316563673345966,0.00210024700546423,0.336818711442135
"img_00375.jpg",0.0300712645442332,0.0215851269031449,0.910096765474736,0.00537978949251408,1.01125676820162e-05,0.0140510501524141,0.00369221820876946,0.0151136726565066
"img_00376.jpg",0.941765652892756,0.00584369458538733,0.00378455946975016,0.00150805529659905,1.00465451137367e-05,0.0321144758899414,0.00760873192978299,0.00736478339066962
"img_00380.jpg",0.916588530198618,0.0330637642222369,0.0018783750675474,0.00218385751481399,1.00362713857222e-05,0.0403321092758034,0.00156636819408303,0.00437695925551141
"img_00383.jpg",0.92097058342344,0.00680364619485419,0.00193307398283344,0.00339534985226019,1.00605533650183e-05,0.00299273710798398,0.00185648380577443,0.0620380650794886
"img_00398.jpg",0.950047155987392,0.0177331558244479,0.0018216841431931,0.00448878709959916,1.006784955474e-05,0.00494922108661223,0.00209975329560644,0.0188501747135948
"img_00407.jpg",0.970458104144535,0.00573148826903628,0.00226890859817367,0.00250996555168927,1.00308114890816e-05,0.0104407231797135,0.00197464891580561,0.00660613052955756
"img_00417.jpg",0.109546968872766,0.00942554083254368,0.00177535642879593,0.00700360539347968,1.00188686402274e-05,0.00165217314143153,0.001597414331279,0.868988922131063
"img_00432.jpg",0.445041438384876,0.0216144040835963,0.0241361842391625,0.00670060350053113,1.02910004857777e-05,0.465253224077245,0.00210482399882956,0.0351390307152732
"img_00442.jpg",0.00181394512803721,0.00158700322858677,0.00143803488851611,0.00142547260716228,1.00143662787457e-05,0.00146241397173096,0.00144841811518783,0.9908146976945
"img_00446.jpg",0.930806669717624,0.00580306556258581,0.00162593047072506,0.00285470238339752,1.00307523153538e-05,0.0129525248256806,0.00204506589588255,0.0439020103917895
"img_00469.jpg",0.91991032697556,0.0188365869794566,0.00241501138720179,0.00667296044466375,1.00245948837481e-05,0.007977168194667,0.0029171762367187,0.041260745186848
"img_00473.jpg",0.96180803713836,0.0085280916365809,0.00214172612364694,0.00277434492994133,1.00534212492884e-05,0.0028217131678624,0.00173586327212813,0.020180170310231
"img_00483.jpg",0.949983177601594,0.032882748894364,0.0014832249816581,0.00178646590216412,1.00277498087679e-05,0.00249008802729312,0.00168865535721244,0.00967561148590594
"img_00484.jpg",0.102376214423461,0.0399662058684729,0.00318090018464172,0.00870333300987667,1.00186408600674e-05,0.00552237962481957,0.00264032080064629,0.837600627447222
"img_00486.jpg",0.909053866291983,0.0341102742768122,0.0188739350784759,0.0119152910794014,1.01016097906324e-05,0.00385488354094654,0.00540227801791448,0.0167793701046753
"img_00518.jpg",0.80233700235752,0.0329458698836712,0.00266664347644063,0.00303104069681892,1.01649723022515e-05,0.00693599742766798,0.00211514110789133,0.149958140077688
"img_00533.jpg",0.320442077563646,0.00955985153781581,0.00255224011867335,0.00370802397278799,1.01903875537908e-05,0.0176846012856305,0.00851654179751144,0.637526473336381
"img_00538.jpg",0.829126257614091,0.0601108269377053,0.00188359123135121,0.00177402184056412,1.00204833220539e-05,0.00450561480021386,0.00188081537629331,0.10070885171646
"img_00543.jpg",0.9793525440043,0.00834946090798567,0.00171617768010618,0.00286503522170332,1.00834857298805e-05,0.00196809297757336,0.00151137478730176,0.00422723093529971
"img_00550.jpg",0.317547240505935,0.034863760742366,0.0258291732451721,0.010289102001498,1.03491168020009e-05,0.587541258879549,0.00265763537730423,0.0212614801313743
"img_00551.jpg",0.892890016861765,0.0146710283215492,0.0022218045880255,0.00280220924141372,1.00237449084813e-05,0.0322729538379127,0.0122230351640477,0.042908928240378
"img_00575.jpg",0.893148957924313,0.0238964317953755,0.00202602263166944,0.00183442131563525,1.0055384237722e-05,0.0181159416256595,0.00597412915311962,0.0549940401699901
"img_00582.jpg",0.910068441245093,0.0203548813548246,0.00265506509097565,0.00245619012071365,1.02079403779002e-05,0.0428200664297234,0.00188294399625083,0.0197522038220413
"img_00584.jpg",0.919218964418425,0.00260194239519739,0.00495623007512654,0.00269354834066686,1.03297214780209e-05,0.0578015013100723,0.00354351030361043,0.00917397343542388
"img_00587.jpg",0.139327761224848,0.0190765784361447,0.00234716314647616,0.00185848139246297,1.00248328776558e-05,0.0158403491003036,0.0069700405315048,0.814569601335382
"img_00590.jpg",0.0641457057078952,0.0714069145189196,0.00475710680808025,0.00181148505328594,1.00303641402378e-05,0.00599134526422003,0.00975168584313158,0.842125726440327
"img_00591.jpg",0.0779720556219949,0.00824786268422993,0.00263673469267415,0.00484483857749974,1.01356258871901e-05,0.0180202340217878,0.00409642280534103,0.884171715970585
"img_00598.jpg",0.967042225865398,0.00981140784481127,0.00202367082759758,0.00549102601080769,1.00399588747333e-05,0.00807736551090122,0.00199270068487701,0.00555156329673246
"img_00599.jpg",0.773596695713211,0.00940916955516806,0.00331154590106178,0.00225815622086118,1.00422749947073e-05,0.00427726922147275,0.0202035332597729,0.186933587853458
"img_00612.jpg",0.927284055536714,0.00196473831039251,0.00180106031732603,0.00168354161956437,1.0048293947297e-05,0.0440135690200066,0.00881062436192605,0.014432362540123
"img_00620.jpg",0.854593067868401,0.0358395273694506,0.0668495305955659,0.0026995793117721,1.03383310591743e-05,0.0242809966098812,0.00317297866431242,0.0125539812495573
"img_00642.jpg",0.00187699557035314,0.000651037107357484,0.000174875271638901,0.996579252749167,9.98409957941382e-07,0.000280707205746707,0.000144589290896253,0.00029154439488213
"img_00646.jpg",0.0330000898702749,0.0116591436659447,0.00536725116546232,0.00199343026803432,1.0036276251972e-05,0.00361536445396752,0.00457666350776701,0.939778020792297
"img_00648.jpg",0.980544977205732,0.00466804412459503,0.00186403579818595,0.00435437538865413,1.00801501768016e-05,0.00197972625570606,0.00155795235837086,0.00502080871857879
"img_00650.jpg",0.0854850884562791,0.00903295872046672,0.00365245989805816,0.00276826923859207,1.03434595311924e-05,0.716264773250379,0.157198089374143,0.0255880176025516
"img_00654.jpg",0.919180999529825,0.0122077026732346,0.00823024250622453,0.00282068540955653,1.01423239183377e-05,0.0140491490498953,0.00409338309885823,0.0394076954084878
"img_00664.jpg",0.935313520589754,0.018929419955359,0.00158407968035976,0.00150486407111085,1.00195459851516e-05,0.00429230852985376,0.00211082945737298,0.0362549581702047
"img_00697.jpg",0.00264969058819724,0.00424464097749943,0.00313087825256955,0.00164031404989571,1.00423060268102e-05,0.00158410055476384,0.00293456358807337,0.983805769682974
"img_00708.jpg",0.794020102124506,0.0440889214667913,0.00331605793939682,0.00521302535832509,1.00517804875826e-05,0.079089675978959,0.0266193889550885,0.0476427763964461
"img_00716.jpg",0.0946283314100417,0.0996080731129337,0.00464352927977783,0.0031954440774994,1.02812009125393e-05,0.707376125841513,0.0115811007021926,0.0789571143751292
"img_00717.jpg",0.742666308480025,0.106701282622125,0.00362789879038024,0.00361019172639565,1.00246159454464e-05,0.11832718893862,0.00501053820989685,0.0200465666166113
"img_00718.jpg",0.960414133912796,0.0025967610243707,0.00200057646855579,0.00204923093345387,1.00220019716072e-05,0.00720810239879847,0.00171131485370151,0.0240098584063526
"img_00724.jpg",0.0397365291493341,0.00249587645768238,0.00235412564531252,0.00187317666822861,1.0083434756681e-05,0.00838524378478197,0.231064768888838,0.714080195971066
"img_00726.jpg",0.981404086621905,0.00740026056064368,0.00143332237042892,0.00145162681486873,1.0015128252835e-05,0.00318976922374345,0.00163253177201133,0.00347838750814571
"img_00730.jpg",0.0108420268381322,0.00323329028841254,0.00169086398819094,0.0014660907988556,1.00163813134743e-05,0.0024624498586335,0.00384088314821675,0.976454378698245
"img_00757.jpg",0.901083569310132,0.0257808458181747,0.0151616687810653,0.0056158830884004,1.01281627081228e-05,0.0322003548173193,0.00371597409175439,0.0164315759304456
"img_00760.jpg",0.00327751312799346,0.000380551721081769,0.000154637423079618,0.995440430689708,9.97398960073461e-07,0.000297643588463835,0.000162624374242042,0.000285601676471674
"img_00764.jpg",0.00534245255685781,0.00568291000038436,0.00551082061022971,0.00157864696984721,1.001886974275e-05,0.00176763873446227,0.00152526472855509,0.978582247529921
"img_00765.jpg",0.0521531177646947,0.484152730533084,0.00240922638645832,0.0173299127492807,1.00650799094958e-05,0.12095909783268,0.0100074411498305,0.312978408504061
"img_00772.jpg",0.0642827119075142,0.011741348127967,0.436906644651905,0.00162806375649684,1.01178181437213e-05,0.133426983751372,0.00433688732080884,0.347667242665793
"img_00773.jpg",0.900373519244002,0.0515131401303068,0.00647781432278061,0.0019958481637,1.00240993042745e-05,0.0270817256059934,0.00197666844098612,0.010571259992927
"img_00777.jpg",0.646911919684042,0.0307040862286798,0.00361732399052742,0.00168583307824611,1.01638690118265e-05,0.305628869324085,0.0088734934050811,0.00256831042032676
"img_00780.jpg",0.0142078673679904,0.00366676196841743,0.00433297832048955,0.00171513937672231,1.01089056782938e-05,0.0161968378846422,0.0163186711735021,0.943551635002558
"img_00798.jpg",0.919641560103514,0.0360261091248536,0.00247413882065685,0.0214903418527551,1.00537816940006e-05,0.00587491567554609,0.00195697664094529,0.0125259040000354
"img_00808.jpg",0.780889328081718,0.188158672352908,0.00184515922621639,0.00173677132270883,1.00753885464793e-05,0.00805570126169664,0.0018345308820124,0.017469761484194
"img_00816.jpg",0.941071383101219,0.0118362371511325,0.00157801984565471,0.00161105052798836,1.00447184930824e-05,0.00352853200748015,0.00335268986984307,0.0370120427781895
"img_00833.jpg",0.778514578458141,0.0274403462302901,0.00370046345825882,0.00431640156439844,1.00473216039056e-05,0.067845464493472,0.0270275387849528,0.0911451596888826
"img_00837.jpg",0.895959769628791,0.0138845832476808,0.00187739613256954,0.0018948978335792,1.01418996267084e-05,0.0804596482923377,0.00173595329770034,0.00417760966771455
"img_00855.jpg",0.867408960679821,0.0359696628743293,0.00396295327890884,0.00210791631482459,1.04480503339333e-05,0.0416040538008981,0.00688622075587406,0.0420497842450102
"img_00857.jpg",0.974277988578679,0.0079101646348927,0.00146700229786613,0.00144860594700371,1.00268317799759e-05,0.00948442340529447,0.00159998996015596,0.00380179834432795
"img_00858.jpg",0.959368214699333,0.00693340319933265,0.0018412902354136,0.0016322340731122,1.01839941945053e-05,0.00984430865488267,0.00404099224738416,0.016329372896347
"img_00865.jpg",0.907583005654805,0.054325766812727,0.00174583920210297,0.00290504908788296,1.00288796264038e-05,0.0208287726763628,0.00290387462696616,0.00969766305952699
"img_00902.jpg",0.00405273562963311,0.00315298833952952,0.00152072055710779,0.00175558968672501,1.00433376881164e-05,0.00344504494452204,0.980152437658098,0.00591043984669693
"img_00914.jpg",0.00182391454589853,0.00208356877392757,0.00147619576001043,0.00141971210655634,1.00150013268792e-05,0.00142618860177355,0.00143000404488758,0.990330401165619
"img_00921.jpg",0.721648207815163,0.00543721537871942,0.00314710842884926,0.00206357300346843,1.00900303267404e-05,0.120332957034288,0.0915401511792482,0.0558206971299363
"img_00927.jpg",0.0684037713190771,0.0661396640104319,0.00353238796301644,0.00184790609532798,1.00264087496825e-05,0.0082310219921763,0.00998873052869208,0.841846491682529
"img_00943.jpg",0.91543624805603,0.0594807399454092,0.00159651486476519,0.00220414564403545,1.00278531226608e-05,0.00248867387383161,0.00213870638591413,0.0166449433768922
"img_00959.jpg",0.956988467973185,0.00362597455198967,0.00155502309223576,0.00144615161630676,1.00306381977942e-05,0.00641131120907678,0.00245441486778089,0.0275086260512278
"img_00962.jpg",0.0565897339815656,0.00900884707774565,0.0047050279668566,0.00163574199459723,1.0326860919325e-05,0.0129634898702574,0.0201513667195789,0.894935465528479
"img_00964.jpg",0.00179488904918201,0.00372854402994508,0.979858509939017,0.00170409346378405,1.00159555866201e-05,0.00177259360794707,0.00150138889512904,0.00962996505940917
"img_00974.jpg",0.928917440677548,0.0167269473372139,0.00455944451204971,0.00232791769132451,1.00159489686736e-05,0.00873044424204022,0.0017844670816411,0.0369433225092138
"img_00979.jpg",0.00884752647736356,0.00895030488765839,0.0113216413508649,0.00171577980487599,1.00774907871252e-05,0.00413580042787608,0.00401345876572627,0.961005410794848
"img_00985.jpg",0.722330186788911,0.0247562477969381,0.00205069740972496,0.00213731053643103,1.00659964835323e-05,0.0972300172735401,0.0127185788582307,0.138766895339741
"img_00999.jpg",0.819973138003087,0.0122482320275344,0.00198482599333118,0.00294607372963937,1.00244960580073e-05,0.0176746398046726,0.0519151892466731,0.0932478766990039
"img_01022.jpg",0.959872502314109,0.00462959689500145,0.00208571530639637,0.00252490753189329,1.00762182588459e-05,0.0210500759975765,0.00186606602517734,0.00796105971158727
"img_01031.jpg",0.787555430566243,0.00453060697539659,0.00572075175726815,0.00190001035889897,1.00459828622754e-05,0.191448417738961,0.00501721013541652,0.00381752648495287
"img_01035.jpg",0.711660190530551,0.0238806293825169,0.00309115234176235,0.00225693203500157,1.0165345419297e-05,0.249746298323572,0.00708347452255286,0.00227115751862399
"img_01059.jpg",0.0241510333779999,0.00733886643768383,0.00187855596058637,0.00186120616205783,1.00342872869272e-05,0.0719968305166221,0.00440320738780055,0.888360265869962
"img_01102.jpg",0.132520516737748,0.294252659678777,0.00233279194568066,0.00936129671207387,1.00336294350571e-05,0.00383196120433782,0.00199450256148529,0.555696237530462
"img_01103.jpg",0.0166178730496784,0.0227568864801178,0.00497094815303116,0.00572014809363337,1.01005565880917e-05,0.00276367075635233,0.010924943147277,0.936235429763322
"img_01116.jpg",0.863831020728802,0.0268980980468018,0.00900354599652702,0.0164158643298372,1.00216908367601e-05,0.064076204187056,0.0026909353089857,0.0170743097111536
"img_01134.jpg",0.904996313839601,0.0145868452623008,0.00417661315723748,0.00317470072959881,1.00236780978425e-05,0.0167344414911704,0.00244758290674313,0.0538734789352503
"img_01179.jpg",0.974970602831176,0.00412829872598459,0.00199278758227051,0.00215279378871987,1.00274816318433e-05,0.0131159279236585,0.0015945334656997,0.00203502820085915
"img_01188.jpg",0.0688593584322958,0.382840211954467,0.00377029530209032,0.0194781527241034,1.01623515056607e-05,0.34641736670935,0.0220264186000084,0.156598033926179
"img_01211.jpg",0.913762269546425,0.072050313710778,0.00171659564887796,0.00308009734363303,1.0058721485526e-05,0.00196358963600901,0.00156068630856204,0.00585638908422971
"img_01213.jpg",0.816930710824801,0.138968535131596,0.0022972455199293,0.00358209456890482,1.00592421453737e-05,0.0117628687535276,0.0020572844348649,0.0243912015242307
"img_01222.jpg",0.686392046174814,0.079156689736766,0.00429380379537921,0.0403645894861326,1.00805433516845e-05,0.0131683450382643,0.00749078682034267,0.16912365840495
"img_01224.jpg",0.0147652493525134,0.0213326183557079,0.199200633094743,0.00457254838965434,1.00212097031762e-05,0.00253628868497385,0.00403301892840286,0.753549621984302
"img_01253.jpg",0.00223714649256125,0.00147781161500341,0.00143762522136962,0.00142111686227449,1.00141845226038e-05,0.00142048496605869,0.00142167198573826,0.990574128672472
"img_01286.jpg",0.0880368430501537,0.00686054244641789,0.00184983949483591,0.00252468703235787,1.01838770246661e-05,0.00387598180290625,0.00153492676788081,0.895306995528423
"img_01289.jpg",0.0283406132307783,0.0187325201466726,0.00178606389361629,0.00202154351509521,1.00397946393638e-05,0.0211563066962139,0.00499165152494977,0.922961261198035
"img_01328.jpg",0.927709036776884,0.0536359746099512,0.00172089157766569,0.00289676973510115,1.00514723210929e-05,0.00727006461885851,0.00149699701076302,0.00526021419845492
"img_01366.jpg",0.550512680455485,0.00783878259086446,0.0103687877070994,0.00874581240942101,1.02291507564242e-05,0.371525767961248,0.00303837420551877,0.0479595655196072
"img_01371.jpg",0.971629153286005,0.00392524022703249,0.00157343709126464,0.00159962654605761,1.01191378119409e-05,0.0027670161102265,0.00176017385575467,0.0167352337458473
"img_01379.jpg",0.873105038586205,0.0288309069787632,0.0220656163822591,0.00578984099723029,1.00339240664017e-05,0.0352077338351052,0.00180988528070124,0.0331809440156692
"img_01384.jpg",0.434905631783755,0.0254460605541579,0.0291580063362365,0.00543974981678004,1.03064760667659e-05,0.489076505987687,0.00193881618336309,0.0140249228619539
"img_01388.jpg",0.925198617952782,0.0472971675966227,0.00164637494957982,0.00155928467133148,1.00259263383245e-05,0.0171381218558575,0.00198151504671793,0.00516889200077056
"img_01392.jpg",0.00344320252806481,0.00861336816769012,0.94658794632075,0.00195559304992902,1.00656109239803e-05,0.0022018061967054,0.00204487892642397,0.0351431391995126
"img_01399.jpg",0.00944886524157251,0.886609712969128,0.00810266592887399,0.00190633013334193,1.00600699014299e-05,0.0250607927910984,0.00283995416459379,0.0660216187014898
"img_01404.jpg",0.942073714394409,0.00485292876316926,0.00158073778245869,0.00285680968804169,1.00190131961958e-05,0.0114152541895996,0.00146426245626121,0.0357462737128645
"img_01405.jpg",0.802628667346655,0.019401574956304,0.00334476084777736,0.00284926850894355,1.00595811687829e-05,0.167472965667116,0.00177405184293088,0.00251865124910486
"img_01413.jpg",0.985990223235359,0.00337472421419718,0.00152829102020728,0.00180657384032246,1.0066986522681e-05,0.00337816197964369,0.00168978309135574,0.00222217563239199
"img_01426.jpg",0.0758446637632606,0.174535386000414,0.00223538085424155,0.0016854259771527,1.00469052968936e-05,0.00610646648441232,0.58580533793474,0.153777292080482
"img_01431.jpg",0.00250128602407283,0.000449028732659426,0.000162825465110801,0.996031652460541,9.97832256795672e-07,0.000406198803689581,0.000156973504631496,0.000291037177037789
"img_01441.jpg",0.00299390544710687,0.00208392846640783,0.00152869872743745,0.00145537827007718,1.00180911932573e-05,0.00157302097543134,0.00193376306679821,0.988421286955548
"img_01444.jpg",0.094871742648621,0.00594009830651885,0.00193605997273695,0.0034038345308958,1.00420929789301e-05,0.00821853396056549,0.0321092317076667,0.853510456780016
"img_01490.jpg",0.00781960525925858,0.00495054157889781,0.0155184332172414,0.00169608421761687,1.00495580738217e-05,0.00267386983295862,0.00180200712300145,0.965529409212951
"img_01495.jpg",0.565748469557195,0.0326718774877656,0.0033878506478827,0.00242754001046437,1.00282721490494e-05,0.00847569067414406,0.00229766535009423,0.384980878000305
"img_01511.jpg",0.869640776395027,0.0290122277474807,0.074566113288247,0.00270098912170031,1.00469209612522e-05,0.012334823296588,0.00325160232677461,0.00848342090322075
"img_01519.jpg",0.394466149730947,0.0601248678250784,0.00450026235874002,0.00754261792289087,1.01012593817908e-05,0.12823711205455,0.113780171220677,0.291338717627735
"img_01530.jpg",0.959559887277853,0.0202596928484745,0.00153443896508937,0.00212934528492689,1.0095545221644e-05,0.00219484315684376,0.00158019165809043,0.0127315052635005
"img_01537.jpg",0.819497572510272,0.0380475338104071,0.0143249016337542,0.0015568096397071,1.01498264854049e-05,0.0842953844602499,0.00778976939282942,0.0344778787262953
"img_01538.jpg",0.899204362523956,0.0444151941538639,0.0056692044088595,0.00210952054798125,1.00632264845479e-05,0.0324078373106228,0.00214145025277942,0.014042367575453
"img_01543.jpg",0.976717705319171,0.00432296170818816,0.00146885017030714,0.00163277477820048,1.00601756419535e-05,0.00182992860950343,0.0016473462928607,0.0123703729461273
"img_01548.jpg",0.94910806040616,0.0036508291910782,0.00232043096877416,0.00149835356590694,1.00942318400545e-05,0.0308675885092893,0.00460566152593406,0.00793898160101721
"img_01552.jpg",0.956958681426121,0.00173050136424699,0.00143918562733569,0.00142605206730301,1.00174712894887e-05,0.0335168119853443,0.00145782365851519,0.00346092639984444
"img_01562.jpg",0.771163904308309,0.00979718716477073,0.00316787641871537,0.00212682094837131,1.00407625523435e-05,0.0100057384780418,0.05195079731786,0.15177763460138
"img_01571.jpg",0.888893318088264,0.0370142894058114,0.00151306550069411,0.0016165799525869,1.00208540278833e-05,0.00167417854541888,0.0047590699565427,0.0645194776966539
"img_01593.jpg",0.657534649487012,0.159961282257559,0.00424163645420985,0.00409037782274133,1.006072779786e-05,0.0230939149615866,0.0116112055044587,0.139456872784635
"img_01616.jpg",0.878334412577903,0.0943501368237794,0.00203500674900329,0.00246513282279532,1.0047832943052e-05,0.00391959766229511,0.00195650790583803,0.0169291576254427
"img_01618.jpg",0.942783603064796,0.00529813229459055,0.00214911026888661,0.00213009270452597,1.06202651726853e-05,0.0168463707800354,0.0246277908942927,0.00615427972770025
"img_01627.jpg",0.909417440409075,0.0599958034919453,0.00153301696317463,0.00161322690865951,1.00156604536388e-05,0.015281597679596,0.0023136426283323,0.0098352562587633
"img_01633.jpg",0.88362834558829,0.00806410899373409,0.00226373039310003,0.00279124307054691,1.00446792176314e-05,0.0500564210556695,0.00521017351805503,0.0479759327013872
"img_01640.jpg",0.979518381578606,0.00741248292014129,0.00155215823514342,0.00294049819704724,1.00542966589583e-05,0.00186051960514044,0.00149029773951808,0.00521560742774466
"img_01646.jpg",0.948930857915298,0.0211760068703823,0.00145651982804455,0.0015084129079694,1.00153178955374e-05,0.0188237091115954,0.00146609306437576,0.00662838498443906
"img_01649.jpg",0.78243446981801,0.156163047449008,0.0038690145976308,0.00415582483180404,1.04941278518686e-05,0.0188704785687561,0.00990783941351039,0.0245888311934289
"img_01657.jpg",0.00245432492294826,0.00264685837781903,0.952890158083796,0.00152305291182353,1.00699948008099e-05,0.00166583182756826,0.0017526835748239,0.0370570203064204
"img_01669.jpg",0.00270947454755831,0.000544225002674257,0.000169809612525567,0.995743593570106,9.9805210619832e-07,0.000307415797593615,0.000186345296479128,0.000338138120957152
"img_01681.jpg",0.102998040857684,0.010885184009257,0.0059669379514303,0.00194015406404389,1.00434820772152e-05,0.00496005805368341,0.00706269636436051,0.866176885217464
"img_01684.jpg",0.960229191483026,0.00824584619152463,0.00163593696774207,0.00424553323897869,1.00199439809585e-05,0.00812792409985579,0.0016473933212106,0.0158581547536814
"img_01687.jpg",0.793138325960164,0.00841748690511354,0.00211009729023844,0.00193130621983598,1.00290094479163e-05,0.00459761296505407,0.00951254999534228,0.180282591654804
"img_01688.jpg",0.0269278870024627,0.0161335417506208,0.0016342733602199,0.00207648172877389,1.00346956811747e-05,0.0225152282206954,0.00441595352256208,0.926286599718984
"img_01689.jpg",0.00598334816458835,0.00463472785489004,0.0065955000577783,0.0015229326803968,1.00366088093423e-05,0.00735794253255832,0.00485082760260311,0.969044684498376
"img_01724.jpg",0.901164020142217,0.0090367113303791,0.00559556141655564,0.00160024231782327,1.0436307275258e-05,0.0302499568483363,0.00452825687024555,0.0478148147671683
"img_01745.jpg",0.898990402767076,0.0586457389964542,0.0135187793071706,0.00611428846016011,1.01188976085131e-05,0.0116889631432653,0.00299649340429472,0.00803521502397082
"img_01771.jpg",0.899934208186692,0.0400991099881195,0.00494838933586712,0.0065845530531958,1.02238549109107e-05,0.00602114216331316,0.0103059247245622,0.0320964486933393
"img_01773.jpg",0.787278741071333,0.017019953088112,0.00207027254216591,0.00162752443775703,1.001969269718e-05,0.00341827163821042,0.0188010893407118,0.169774128189012
"img_01802.jpg",0.970367915874465,0.00516112977832435,0.00397962999738741,0.00430787420850885,1.10578435895745e-05,0.00245398446919495,0.00362805473363157,0.0100903530948982
"img_01803.jpg",0.00416619804450852,0.00719486542152384,0.924051704619124,0.0020504799214712,1.00757784615828e-05,0.00343421691192873,0.00231491694668245,0.0567775423562994
"img_01824.jpg",0.83129335228882,0.00846068724412727,0.00265101673038629,0.00285949494016891,1.00806069353625e-05,0.109638704936621,0.009904817277301,0.0351818459756407
"img_01831.jpg",0.0171972093980886,0.00245604803326581,0.000236021128912232,0.975119315522107,9.7713720028832e-07,0.000911906828721715,0.000165518272228614,0.003913003679476
"img_01834.jpg",0.00831110121098336,0.00850936167342728,0.360901738288952,0.00191014871564143,1.00813025613325e-05,0.00229070542371994,0.002234209969102,0.615832653415613
"img_01847.jpg",0.227771494759861,0.0142568216738416,0.00224018300800596,0.00326996905330305,1.00599504466235e-05,0.00882381283696856,0.00552042276127522,0.738107235956298
"img_01853.jpg",0.0607966612634361,0.0787356365700216,0.00350024729164172,0.00215929838188277,1.00352591976316e-05,0.00877542855688494,0.0108810708192919,0.835141621857643
"img_01856.jpg",0.902180020908734,0.0072624829777932,0.00422418370075804,0.0019005100070322,1.01849291131156e-05,0.00346218451991432,0.00216187221372051,0.0787985607429344
"img_01860.jpg",0.953442397973645,0.00547580833288517,0.00213908977934779,0.00156186515356068,1.02090873164896e-05,0.0202063396139034,0.0115049153372014,0.00565937472214029
"img_01862.jpg",0.848056931926688,0.00440774830014507,0.0322945520090668,0.00154366545306192,1.03567185820484e-05,0.0933837442385432,0.00386452068105314,0.0164384806728594
"img_01874.jpg",0.892317511093673,0.00344546250141273,0.00164746253358179,0.00150038845316886,1.00257956614595e-05,0.00987824635429642,0.0240314457128579,0.0671694575553475
"img_01888.jpg",0.0659088175819526,0.23699897280194,0.00282731967005434,0.0128250313573641,1.00484404250106e-05,0.40674139499148,0.0115196608533605,0.263168754303424
"img_01918.jpg",0.00440076630316833,0.000730838712709107,0.000196119665030825,0.993157730161513,9.96305747210196e-07,0.000387753763341927,0.000246350495731692,0.000879444592757839
"img_01930.jpg",0.958263084228266,0.0142291938498142,0.0035879664255114,0.00233585267847635,1.0019140865953e-05,0.0162095346834031,0.00204710071051377,0.00331724828314912
"img_01932.jpg",0.868738088822218,0.0109777439583765,0.00380000496746338,0.010399233969606,1.00363452502909e-05,0.0093165204275407,0.00287023384564309,0.0938881376639021
"img_01955.jpg",0.00198400892157248,0.0017846610827587,0.00144869876106842,0.00143163039792635,1.00146958956363e-05,0.00142136424318638,0.00143054429650636,0.990489077601086
"img_01963.jpg",0.964628456000248,0.0105461684751659,0.0044760113046109,0.00421364041142646,1.00678345111991e-05,0.00607650163909553,0.00222359670587958,0.00782555762906256
"img_01966.jpg",0.953473363880702,0.0259360864128563,0.0014517072778572,0.00148228023302968,1.00162649343372e-05,0.00700578174676728,0.00153220859601519,0.00910855558783813
"img_01983.jpg",0.945353191543071,0.0074130501478493,0.00547232412673621,0.00193970624865151,1.01831795688559e-05,0.0144850543690786,0.00186137570339838,0.023465114681646
"img_01984.jpg",0.174266379514282,0.00988107870592693,0.00181934156451048,0.00316345966577248,1.00352993460744e-05,0.00810696523888067,0.00169058697899221,0.801062153032289
"img_01995.jpg",0.0286799418841263,0.190352059161256,0.00567116682968857,0.434425660392676,1.01447846619114e-05,0.106707813293439,0.00942327411823304,0.224729939535919
"img_01996.jpg",0.0277738903827649,0.00492032316533983,0.00203856003048985,0.0020878336392636,1.02462069470558e-05,0.936013128602212,0.00690688802089306,0.0202491299520896
"img_02001.jpg",0.396931808317233,0.00876480006449739,0.0064891182219445,0.00298745143802897,1.00356724580353e-05,0.254659757244475,0.175744891597493,0.15441213744387
"img_02006.jpg",0.44570067251475,0.0605244450585553,0.128904339197214,0.177717050052323,1.00405321708482e-05,0.0126681233946924,0.0018920171921231,0.172583312058171
"img_02066.jpg",0.960039903203131,0.00529190600312277,0.00197306747389992,0.00175748761625707,1.00369022869279e-05,0.00772548252643574,0.00240442529872442,0.0207976909761419
"img_02074.jpg",0.977329176527219,0.00191450298271134,0.00221284388472632,0.00221900228822462,1.00435244280679e-05,0.012231230430232,0.00162116540032251,0.00246203496213605
"img_02076.jpg",0.0820950149011075,0.89029519243207,0.00168687660959491,0.00176688541980026,1.0027850002443e-05,0.00189568135212446,0.00160383651464146,0.0206464849206592
"img_02077.jpg",0.00341171115362903,0.000504839768524755,0.000541714728392946,0.99406595438432,9.9575515283471e-07,0.000507045917559998,0.000200077629624355,0.000767660662795724
"img_02096.jpg",0.986948482298367,0.00236644723530692,0.00143446016189232,0.00148437949462256,1.00154257748229e-05,0.00298450770995917,0.00188512992730658,0.00288657774677114
"img_02119.jpg",0.873455165525258,0.0213188933282983,0.0655675285306869,0.00460093858396573,1.00632621633216e-05,0.0152759245517153,0.00326167958884477,0.0165098066290676
"img_02124.jpg",0.0119005279355464,0.00219611305010331,0.00362856841203268,0.00156284881436889,1.00440537673369e-05,0.970957858732631,0.00240482465387554,0.00733921434767508
"img_02172.jpg",0.8729291308202,0.0269005894795688,0.0129781977488386,0.00158732439847991,1.02467140043199e-05,0.0447639634527737,0.0058408672712028,0.0349896801149318
"img_02180.jpg",0.87293777004183,0.0149622464109172,0.00535415134163127,0.0055789997384363,1.01782379821006e-05,0.0489192565318266,0.00644425535725917,0.0457931423401169
"img_02188.jpg",0.780780926270517,0.00743344987827735,0.00290278305139151,0.00231722947256822,1.00773723862997e-05,0.0745456141985295,0.00982316714895806,0.122186752607372
"img_02209.jpg",0.0220013490209329,0.00273375543432021,0.00350268499222224,0.00246930688624702,1.00614771847156e-05,0.952871909314585,0.00688845720869583,0.00952247566581186
"img_02231.jpg",0.0406831121309601,0.00042078843639942,0.000403065397724627,0.954689756666687,9.98921966113946e-07,0.0021340440612491,0.000195517048141569,0.00147271733687225
"img_02235.jpg",0.00463268290948141,0.0165554806002897,0.000574942442253012,0.9577161171101,9.76283616040774e-07,0.00768392205659679,0.000868693972536893,0.0119671846251264
"img_02252.jpg",0.968390110433775,0.0100284232111902,0.00359850182452013,0.00226731780915941,1.02002310021061e-05,0.00569376169152011,0.00323381607216665,0.0067778687266666
"img_02268.jpg",0.757294577821499,0.0257491059672411,0.00964999258356189,0.0416931756060628,1.01091101104381e-05,0.00667121040678146,0.00543825318452102,0.153493575320222
"img_02270.jpg",0.958005636481698,0.0157811780636668,0.00506372708002338,0.00237975987910354,1.01899051517607e-05,0.010113783991313,0.00245694166936994,0.00618878292967395
"img_02281.jpg",0.0029320290506053,0.000359116924940576,0.000182186313544243,0.995897957172021,9.97487991006494e-07,0.000286410324264341,0.000146233962285352,0.000195068764348451
"img_02282.jpg",0.002393605316134,0.00201017857702733,0.00146932716970956,0.00143671174714036,1.00168524132341e-05,0.00161851531371055,0.00223010519048653,0.988831539833378
"img_02291.jpg",0.977111327961138,0.0107240130336154,0.001458660502843,0.00168565659065242,1.00273609073803e-05,0.00238903075343992,0.00150963266599753,0.00511165113140644
"img_02299.jpg",0.84850768979549,0.0375916705915566,0.0027953299380824,0.0255119110526228,1.00765426447624e-05,0.0150426476819621,0.00522298131513879,0.0653176930825027
"img_02305.jpg",0.0427955873355302,0.172866509154096,0.00514475280166413,0.429533074707918,1.01694448516784e-05,0.0817958336788241,0.00836593366261366,0.259488139214503
"img_02307.jpg",0.777017860790437,0.0108339802243179,0.00161413875609245,0.0021613560532194,1.00836763146292e-05,0.0809969868756261,0.0222956759092987,0.105069917714694
"img_02309.jpg",0.979746081650579,0.00586030465269129,0.00156021403631902,0.00249966235892782,1.00509755914983e-05,0.00225695451685035,0.00164762692675556,0.00641910488228562
"img_02318.jpg",0.0196291371317906,0.00380939700006482,0.00194539387368132,0.00167031624728424,1.00275982056163e-05,0.00176720256407911,0.00182527430972465,0.96934325127517
"img_02356.jpg",0.0168955861534216,0.00230614033171315,0.00231229763820218,0.00415227318691182,1.00171244111871e-05,0.00290535128708761,0.00259335856175148,0.968824975716501
"img_02367.jpg",0.91420021956282,0.0296414273900051,0.00247380558478388,0.00336508910417618,1.01122007999074e-05,0.0204155189465927,0.00776251086992855,0.022131316340894
"img_02379.jpg",0.0987916996079741,0.00952995207720619,0.00221704817157916,0.00173950265671243,1.00231973745063e-05,0.00315244306734792,0.00305783003225023,0.881501501189556
"img_02384.jpg",0.866620400363847,0.0153163400490792,0.00235351491263592,0.00208048338018296,1.0044472055086e-05,0.0471110701203368,0.00471500498394599,0.0617931417179172
"img_02398.jpg",0.934201836328999,0.0212549845491857,0.00161365170159474,0.00263357646207665,1.00170467516381e-05,0.0277807977108194,0.00153067378921546,0.0109744624113571
"img_02400.jpg",0.964459608851463,0.00689601167206698,0.0053317442415011,0.00153831950299161,1.00194917761162e-05,0.0151816646748032,0.00184763381404955,0.00473499775134846
"img_02406.jpg",0.00232724075240695,0.000344026754805964,0.000496986063374049,0.995747423399928,9.97292109675697e-07,0.000281539499080646,0.000203238208065355,0.000598548030229244
