"image","ALB","BET","DOL","LAG","NoF","OTHER","SHARK","YFT"
"img_00007.jpg",0.042375333492292,0.0166008176526916,0.00519299136801569,0.00494837455465457,0.00100090570327574,0.00290973448777014,0.00290911932745352,0.924062723413847
"img_00009.jpg",0.841370196302274,0.0617386194593622,0.00290144297049717,0.00313505984581679,0.00100089310315144,0.0817869996736729,0.00309750795950532,0.00496928068571983
"img_00018.jpg",0.858610989390709,0.0340540622118542,0.00364602249106239,0.0092977834885273,0.00100104934899068,0.083647203277828,0.00293249250886443,0.00681039728216416
"img_00027.jpg",0.0901586457823402,0.024833002531703,0.00496692083628058,0.00335227718669257,0.00100717383357722,0.0962356182013422,0.0118223486021239,0.76762401302594
"img_00040.jpg",0.148412651920693,0.00846139177543557,0.00303237796998065,0.00325923986891359,0.0010075069972878,0.00799584992440912,0.784465817598435,0.0433651639448455
"img_00053.jpg",0.909328367299223,0.0116644237532323,0.00876715540957287,0.00382227467098676,0.00100715774278956,0.0532337718168959,0.00306995749330418,0.00910689181399549
"img_00071.jpg",0.00348140822305802,0.000486305469363419,0.000291290156802491,0.99463107321286,9.95516802302009e-05,0.000406010429818004,0.000286133801457499,0.000318227026410023
"img_00075.jpg",0.822559008496081,0.0190261118888307,0.00321505612333616,0.00582423943673347,0.00101366158789395,0.140332927239383,0.00440869291540159,0.00362030231234012
"img_00102.jpg",0.381656700586258,0.0200095743133464,0.0038673135085423,0.00329232767757233,0.00100148186648112,0.02071413925463,0.00795035627375128,0.561508106519419
"img_00103.jpg",0.831047432042296,0.0402563145321336,0.0581510328105047,0.00329193346131121,0.00100089174219695,0.038937551894506,0.00289487065161588,0.0244199728654359
"img_00109.jpg",0.977227177114713,0.00293268176759082,0.00287696331349121,0.00287664993582565,0.00100094131948904,0.00423183598367463,0.00314437647885655,0.00570937408635884
"img_00120.jpg",0.601085115308594,0.014011572598062,0.00369877114706415,0.00379127402650174,0.00100291651490495,0.0149340143850224,0.0957489716109383,0.265727364408913
"img_00125.jpg",0.77470432454122,0.00814214893454519,0.00554404901757248,0.0106130331393919,0.00100096097210104,0.0213864527203461,0.00557397439392482,0.173035056280899
"img_00128.jpg",0.00936188614561278,0.103336201768669,0.39601397675971,0.00290508343959926,0.0010015536630529,0.00440120810064206,0.00355909772990995,0.479420992392805
"img_00129.jpg",0.156670120077981,0.00806995369496178,0.00383255577425095,0.00357658000571028,0.00100857126072015,0.00781850583639158,0.787875335619951,0.0311483777300341
"img_00138.jpg",0.683301503179451,0.289904577061197,0.00491582363923041,0.00568267124470436,0.00100240948149073,0.00682240400178424,0.0034554720664254,0.00491513932571712
"img_00141.jpg",0.00482404137753235,0.005058644859883,0.00722997395183219,0.00287537546935378,0.0010008726596093,0.00329291430639661,0.00287538063596847,0.972842796739424
"img_00152.jpg",0.03416530265334,0.01639785155957,0.00344087803306176,0.00299787853782016,0.00100215815081684,0.0056288856969723,0.00483312782822985,0.931533917540189
"img_00161.jpg",0.00439579074055349,0.00285150213603731,0.00285150233863764,0.00285150211381624,0.001000848782145,0.00289238506524358,0.00285150211706041,0.980304966706506
"img_00170.jpg",0.0182081078431108,0.000492914598788519,0.000329538759425676,0.97045894965875,9.72261389488474e-05,0.00153747913334041,0.0003045710940192,0.00857121277361659
"img_00171.jpg",0.590709985772948,0.017867069383171,0.0558607518138828,0.0492228359510695,0.00100918851290706,0.270972028245405,0.00356578373539961,0.0107923565852172
"img_00175.jpg",0.607778668794094,0.0117577263956626,0.00921248196277502,0.0214183645398189,0.00100344112816884,0.335831652694168,0.00344565964714904,0.00955200483816331
"img_00180.jpg",0.0158541078662223,0.00388834829386944,0.00444127529606263,0.00407007653744243,0.00100153240000108,0.00432534618457556,0.00445243910873038,0.961966874313096
"img_00212.jpg",0.241401067778823,0.00346822026734802,0.00295636396665171,0.0263796562907874,0.00100086251905399,0.00344951358024017,0.00287450430074218,0.718469811296353
"img_00223.jpg",0.844458573416234,0.00741480053746082,0.0909779458584672,0.00792461516617175,0.00100100385834074,0.0266261890591395,0.00423433102565398,0.0173625410785317
"img_00230.jpg",0.80289523195377,0.0718229238717873,0.0029400732253294,0.00305673755794196,0.00100089982382728,0.0926934870823215,0.00290718722016131,0.0226834592648615
"img_00232.jpg",0.00512376566836065,0.00323125919322594,0.00288580455165518,0.00292881415971225,0.00100088309358973,0.00530797608734004,0.975216675920757,0.00430482132535953
"img_00244.jpg",0.780789877239826,0.0315950238857516,0.00344733421372358,0.00351044536501954,0.00100094870044825,0.0620705792827443,0.00351442906879538,0.114071362243692
"img_00280.jpg",0.961559153763314,0.00305619482722501,0.00535868974454491,0.0029324664352641,0.00101707470849062,0.00401467394244104,0.00338966894683717,0.0186720776318831
"img_00282.jpg",0.697944763226517,0.0203567266343781,0.0166896362429747,0.0609798905180986,0.00100759331068954,0.186838641509305,0.00442885530053361,0.0117538932575032
"img_00285.jpg",0.485708630538567,0.0121898283624217,0.00458220591921111,0.0031802730538271,0.00100905027971476,0.00801788241535628,0.0140626273955749,0.471249502035327
"img_00292.jpg",0.61891703142873,0.0828192874323486,0.00361962977992658,0.0047437166572102,0.00100750306830107,0.0708618008284475,0.014641309179584,0.203389721625453
"img_00302.jpg",0.176999539728677,0.00799865733934645,0.00304568743653477,0.00324840901954504,0.00101681081240025,0.00831350210961274,0.767148058879892,0.0322293346739923
"img_00311.jpg",0.981383163374076,0.00290730292484979,0.00284976393802057,0.00285240469175932,0.0010016174653627,0.00284996455871194,0.00284974991417886,0.00330603313304064
"img_00320.jpg",0.978922517116682,0.00411477379387993,0.00286612775790692,0.0028661274460362,0.00100130467011649,0.00382963388210925,0.00286612745003645,0.00353338788323231
"img_00331.jpg",0.896664690301996,0.00406971070676625,0.00302789933903846,0.00293356698896251,0.00100507858862821,0.019790251232398,0.00689799776800348,0.0656108050742072
"img_00358.jpg",0.460166409745911,0.012008529705154,0.00294962963457977,0.00295131235343647,0.0010013448992474,0.0260727747461417,0.0150686669128124,0.479781332002718
"img_00374.jpg",0.726854234311994,0.0394018828813288,0.00312759514452382,0.00337260894114035,0.00100092345156552,0.00443432334681265,0.00293354828749228,0.218874883635143
"img_00375.jpg",0.0564604023313348,0.0359489517499355,0.836094815110527,0.0104433617382091,0.00100154745725483,0.0245772402472336,0.00707854611517165,0.0283951352503334
"img_00376.jpg",0.945618226055747,0.00682167833471922,0.00706322498314588,0.00295763004072788,0.00100216854775672,0.0136717725116505,0.0130984208593416,0.00976687866691131
"img_00380.jpg",0.966107875122184,0.00537551100019544,0.00345652227418495,0.00374755695276986,0.0010012765254276,0.0130948789172414,0.0029177321938605,0.00429864701413606
"img_00383.jpg",0.978634158541026,0.00483744381610952,0.00285523654401158,0.00287181320420699,0.0010009594794827,0.0033973553662368,0.00285523735704657,0.00354779569187942
"img_00398.jpg",0.961145521525706,0.00452143276480562,0.00287182393179006,0.00287223871736036,0.00100281871988986,0.00297169452222398,0.00287194925335296,0.0217425205648717
"img_00407.jpg",0.964748967910051,0.00438196396225709,0.00356288867236611,0.00493971938882634,0.001000924874176,0.00704613086377622,0.00288711510110682,0.0114322892274403
"img_00417.jpg",0.11152098638565,0.00480495790010695,0.00284666236154089,0.013860962564256,0.00100084274294798,0.00284674606061091,0.00284651481839865,0.860272327166489
"img_00442.jpg",0.00347804672262296,0.00296784028189194,0.00284407765094424,0.00284407759973742,0.00100084134015602,0.00291671182963874,0.00284408547520542,0.981104319099803
"img_00446.jpg",0.952565510061987,0.00611721910446735,0.00312848861610525,0.00554208380502603,0.00100160520888463,0.0157421692675296,0.00308987461316558,0.0128130493228346
"img_00469.jpg",0.937265131785257,0.00609210957126567,0.00349611104876548,0.00293314653544558,0.00100145940577628,0.00892929841948136,0.00336405375054546,0.0369186894834635
"img_00473.jpg",0.968999960382208,0.0070337662267,0.00288737723864923,0.00289294896476343,0.00100275577972791,0.00292153616572491,0.00288619858083358,0.0113754566613929
"img_00483.jpg",0.944283572678043,0.0349713422347398,0.00287899027550926,0.00287928090311885,0.00100093344722968,0.00368564878844481,0.00293231343666365,0.00736791823625079
"img_00484.jpg",0.175689988695245,0.0573955280977234,0.0060418190817362,0.0158992052104284,0.00100096717308771,0.00844818683018875,0.00317543881665168,0.732348866094939
"img_00486.jpg",0.944384629148776,0.0189458939484896,0.0139108320510245,0.0064386736492239,0.00100746751403524,0.00396889671337185,0.00426720592273503,0.00707640105234343
"img_00518.jpg",0.867353200407287,0.00441722820954941,0.00295445422974166,0.0030688353516658,0.00102195573337942,0.00294253438273573,0.00301397165401311,0.115227820031628
"img_00533.jpg",0.43240416624099,0.0104247711411407,0.00368405957351231,0.00313220116889251,0.00100215070352603,0.0351361081371754,0.0113252523168077,0.502891290717955
"img_00538.jpg",0.808565841146236,0.088571490962719,0.00307901439991475,0.00309865519194014,0.00100092999557548,0.00537158648036185,0.0029296763463654,0.0873828054768875
"img_00543.jpg",0.981324343637308,0.00285360855422632,0.00284916800835915,0.00284933068075992,0.00100111196817177,0.00288856091286503,0.0028491602151207,0.00338471602318872
"img_00550.jpg",0.267106062993852,0.0234212961234395,0.0519356998307166,0.0209436548962382,0.00106613875040231,0.61107710083245,0.00528793188628163,0.019162114686619
"img_00551.jpg",0.842939031379014,0.00586416098751708,0.00377468040924915,0.00558069237199631,0.00100202577084005,0.0409211333200943,0.0265395561473056,0.0733787196139832
"img_00575.jpg",0.923626685583278,0.00487866582986817,0.00313915150178576,0.00317297089000291,0.0010081320415693,0.0103370310521263,0.00726092671217072,0.0465764363891986
"img_00582.jpg",0.931503109536667,0.0195357259183374,0.00435102683443564,0.00361518854180763,0.00103731625988455,0.0196894576303472,0.00361298562375839,0.0166551896547618
"img_00584.jpg",0.94550003060551,0.00318088481620652,0.00453951906572852,0.00489036740745631,0.00102850792272158,0.0329523437804959,0.00306940985495986,0.00483893654692175
"img_00587.jpg",0.0606125529130518,0.0144853677237788,0.00414862771605571,0.00302942132735089,0.00100262182333797,0.0272050869587402,0.0137029864109255,0.875813335126759
"img_00590.jpg",0.117688507452025,0.0719149568521505,0.00917238820737475,0.00320799867717435,0.00100317850029112,0.0114245883033211,0.0190821806104361,0.766506201397228
"img_00591.jpg",0.0461358081473954,0.00457457856573342,0.00294386240691322,0.00289148980101168,0.00100088865324787,0.0167658092228404,0.00348359968270017,0.922203963520158
"img_00598.jpg",0.953968196263221,0.00569840546788551,0.00397268820434084,0.00990568695963246,0.00100535973035692,0.0131467908482602,0.00392790916143783,0.00837496336486474
"img_00599.jpg",0.696467937874437,0.0192487438738945,0.00615267801199135,0.00380827692232138,0.00100507622515781,0.00683738368699008,0.0239045198959827,0.242575383509225
"img_00612.jpg",0.83082640324113,0.00322848056332301,0.00347750070434836,0.00315757533013038,0.00100741373064862,0.12416083968432,0.0120950896826577,0.0220466970634424
"img_00620.jpg",0.8455527550418,0.00810705968487075,0.101359844055179,0.00385084828414938,0.00100308365335961,0.0251325942535258,0.00365688676973798,0.0113369282573765
"img_00642.jpg",0.00343270989568553,0.00100282029597875,0.000319582499332519,0.993986955050603,9.9485800893718e-05,0.000501573196401905,0.000286156205003432,0.000370717056101511
"img_00646.jpg",0.0197465555549422,0.0044088002883757,0.00609404168905879,0.00285701433592533,0.00100085403325164,0.00390396539813226,0.00291631956293589,0.959072449137378
"img_00648.jpg",0.981316973674184,0.00291005022882023,0.00285159794433714,0.00285209564684453,0.00100146738511656,0.00289958588434992,0.0028516002242058,0.00331662901214146
"img_00650.jpg",0.100843138239653,0.0136312373033344,0.00556198573078343,0.00491419096000169,0.00100561298543784,0.5961197370621,0.268084987132735,0.0098391105859548
"img_00664.jpg",0.855268545440042,0.0255917963971454,0.00302076105664731,0.00292783371594988,0.00100103211971439,0.00441599722207795,0.00415819751968358,0.103615836528739
"img_00697.jpg",0.00344767340406329,0.00284187237931448,0.00310842927356658,0.00284186311191662,0.00100083915826069,0.00284186311597693,0.0028418808478495,0.981075578709052
"img_00708.jpg",0.765470490692358,0.0152023800803936,0.00490184610106307,0.0061438753930863,0.00100507894338276,0.116505788537407,0.0509462939028392,0.0398242463494705
"img_00716.jpg",0.115619416454845,0.0790667025544973,0.00596775393067571,0.00542238442010376,0.00100390367596526,0.68412893806531,0.0205559680505769,0.088234932848026
"img_00717.jpg",0.648505323966749,0.0384846892487029,0.00463667659948781,0.00642265256033345,0.00100095619037119,0.284651258212821,0.00968008065059331,0.00661836257094127
"img_00718.jpg",0.963287039777677,0.0029029795556481,0.00316533650884028,0.00351618921832404,0.00100087435111663,0.00943446173871893,0.00287716025773465,0.0138159585919401
"img_00724.jpg",0.0702783204961488,0.00368842090605243,0.00447335473029474,0.00364002219195434,0.0010091318730601,0.0164461569282576,0.19755161129959,0.702912981574642
"img_00726.jpg",0.98117263484977,0.00292571456784714,0.00285097375214017,0.00285097383346651,0.0010008482357364,0.00299669763892053,0.00309815337790359,0.00310400374421604
"img_00730.jpg",0.0165264238695405,0.00497105018792347,0.00335446020759494,0.00291425455308892,0.00100115353478104,0.00487428765683836,0.00757756059741328,0.95878080939282
"img_00757.jpg",0.951132936150194,0.0037867086472543,0.00399342263551831,0.010728625826466,0.00100152173123306,0.0192745617926478,0.00310589565496302,0.0069763275617233
"img_00760.jpg",0.00644773729749934,0.000728374255158546,0.000301622820444257,0.991002745624213,9.92774117350071e-05,0.000582190470498164,0.000323684939099001,0.00051436718135313
"img_00764.jpg",0.00347736268584578,0.0056954657835602,0.00533384795371464,0.00286172998010462,0.00100085900901212,0.00286180921170341,0.00286171013702583,0.975907215239033
"img_00765.jpg",0.0583251299793319,0.486671183338087,0.00339444875162643,0.0187615113747295,0.00100138888542042,0.240525185281243,0.00726908840926185,0.1840520639803
"img_00772.jpg",0.0824677109588566,0.00614508925408159,0.256908399261281,0.00288955116558239,0.00100088714906136,0.0293808460676064,0.00363865224976297,0.617568863893767
"img_00777.jpg",0.587690539578431,0.0186977806319158,0.00538200617438834,0.00303185370479473,0.00100538483795718,0.367954097200377,0.0132406732336586,0.00299766463847786
"img_00780.jpg",0.00535673715178043,0.0033219881795762,0.00607605416526779,0.00288268649166666,0.00100087955789663,0.0224207568841854,0.0288371671327105,0.930103730436916
"img_00798.jpg",0.906323030991867,0.0295879074215524,0.0037530078291438,0.0293662500867934,0.00100733861914434,0.00574867913515319,0.00373189829138702,0.0204818876249588
"img_00808.jpg",0.841269088677536,0.125417354747108,0.00329049615244245,0.00325848260064167,0.00100089227074436,0.00486250655283946,0.00289506206770327,0.0180061169309846
"img_00816.jpg",0.973703341376272,0.0030525021841046,0.00290991599683322,0.00288909675080098,0.00100354477789819,0.00326386314876497,0.00392508724068361,0.00925264852464265
"img_00833.jpg",0.77017897064363,0.0220693838961379,0.0051972486886488,0.00410871399517868,0.00100340173663576,0.108078239316242,0.0461347843532092,0.0432292573703171
"img_00837.jpg",0.912745042672473,0.00884461911081071,0.0035913043024805,0.003734460027951,0.00100499785571598,0.0609851117090079,0.00306747954821365,0.00602698477334775
"img_00855.jpg",0.799351914073482,0.0192541077291129,0.00638028015253361,0.00349982830295881,0.00100606889590263,0.0906608710814067,0.0102538784476536,0.0695930513169501
"img_00857.jpg",0.980225501103569,0.00414500259267512,0.00287795691622391,0.00287795685511461,0.00100279879745743,0.00294317228677894,0.00287795685699732,0.00304965459118333
"img_00858.jpg",0.958358484238341,0.00603451692740814,0.0028941250208486,0.00303254549800967,0.00100143297730242,0.0141326788732775,0.00357075809963271,0.0109754583651799
"img_00865.jpg",0.911097951108803,0.0504584413738394,0.00288814980627763,0.00288469312887089,0.00100088023067286,0.00477722633228341,0.0061877042960756,0.0207049537231776
"img_00902.jpg",0.00462668916757194,0.00301395042962413,0.00289169239869892,0.00307465084331053,0.001000995037427,0.00513782145052311,0.976896937649779,0.00335726302306526
"img_00914.jpg",0.00344048257755654,0.00306203279268366,0.00283853837371297,0.00283853837369329,0.00100083584092299,0.00283853837371631,0.00283853837386112,0.981142495293853
"img_00921.jpg",0.833592869280052,0.00366669666365328,0.00582681581934679,0.00401317471352812,0.00101530257631092,0.0658809591688086,0.0364259267212729,0.0495782550570273
"img_00927.jpg",0.115513056552813,0.0330079915984894,0.00654537447908226,0.00328844658675577,0.00100284000470658,0.0159553520397823,0.0199362322548525,0.804750706483518
"img_00943.jpg",0.880727556814998,0.098166784126927,0.00286685185681473,0.00286725135706972,0.00100086409185715,0.00303438776324766,0.00286711339078248,0.00846919059830373
"img_00959.jpg",0.955054580303748,0.00312451579123048,0.00285958105913706,0.00285940345564651,0.00100358740876898,0.00411812289507961,0.00310001404415856,0.0278801950422308
"img_00962.jpg",0.00476251258117782,0.0030317111600308,0.00589371220253502,0.00286063386558951,0.00100085789286782,0.00311034432758861,0.0028606390090079,0.976479588961202
"img_00964.jpg",0.0035096176382656,0.00711097754909177,0.959705344344519,0.00335034004210267,0.00100088322615067,0.00350827134964916,0.00298748169794109,0.0188270841522796
"img_00979.jpg",0.00698119772496189,0.00298882531138948,0.0148110066836746,0.00287545779223721,0.00100087270304482,0.00415126848312176,0.00289730165421694,0.964294069647353
"img_00985.jpg",0.559937304762614,0.0688737742972693,0.00346358913258511,0.00398909649235065,0.00100575555705348,0.0544709003311267,0.0173915051926,0.2908680742344
"img_00999.jpg",0.734684802113677,0.00779103613409925,0.00309607234933323,0.00295068758597802,0.0010012349194473,0.036646573120968,0.0799587365057595,0.133870857270738
"img_01022.jpg",0.954003801214372,0.00390968607866754,0.00388712415794374,0.00495703967010338,0.001011575779386,0.0203326450093834,0.00338925067095923,0.00850887741918426
"img_01031.jpg",0.769686413985291,0.00354562658379427,0.0106342088930705,0.00377853857495368,0.00100584130440166,0.200593931523559,0.00672682293713682,0.00402861619779275
"img_01035.jpg",0.502141347813384,0.00883603374241111,0.00489357419599789,0.00360736345070771,0.0010026856420409,0.468477991317031,0.00808936273831018,0.00295164110011761
"img_01059.jpg",0.032926123280656,0.0135846120120052,0.00344520529233895,0.00366544590475798,0.00100124986776745,0.0345342975206088,0.00860045764322565,0.90224260847864
"img_01103.jpg",0.0149551482801827,0.031286681522479,0.00365970315530103,0.00488046512975182,0.001000896013112,0.00346790362699542,0.00677254950927244,0.933976652762906
"img_01116.jpg",0.84355899426402,0.0741180887468816,0.00909234605255921,0.00443640100473739,0.00100094799297883,0.0492739637021637,0.00528350747720444,0.0132357507594552
"img_01134.jpg",0.86410923292001,0.00449621007017597,0.00703781344228434,0.0058015054189346,0.00100091116694684,0.0148243439070295,0.0030594507530337,0.0996705323215856
"img_01179.jpg",0.971793661225827,0.00314871800357876,0.00375208123453795,0.00426178709251169,0.00100318897523996,0.0100791822738013,0.00290875365821738,0.0030526275362861
"img_01188.jpg",0.0921786437177018,0.35888354268861,0.0039176871696641,0.00948877746599092,0.00100207754226045,0.384803196879279,0.0309836200019868,0.118742454534506
"img_01211.jpg",0.979027789343287,0.00498051768255001,0.00286421083195131,0.00286453289929227,0.00100262545683952,0.00286425276612354,0.00286421016812739,0.0035318608518289
"img_01213.jpg",0.78088934781084,0.175243794594144,0.00330214250837848,0.00621846309553439,0.00100343628410986,0.0166170533241594,0.00293599252166755,0.0137897698611669
"img_01222.jpg",0.704223893406807,0.0784082153990532,0.00387496456413844,0.0110364192785047,0.00100096328135117,0.0234636249977027,0.0121170728391659,0.165874846233277
"img_01224.jpg",0.0169504243052631,0.0487057537546979,0.10610475959191,0.00292159971600702,0.00100091866901697,0.00406496099233671,0.00322260925936883,0.817028973711399
"img_01253.jpg",0.00444593201711129,0.0028372818592404,0.00283728207117354,0.00283728173992043,0.00100083459008421,0.002837281741587,0.00283728174682504,0.980366824234058
"img_01286.jpg",0.171439362374958,0.00654215825481196,0.00344838099334104,0.00485821491199688,0.00103492125691729,0.00681055610396226,0.00307751159833998,0.802788894505673
"img_01289.jpg",0.0410514376328483,0.0272109102740131,0.0030289482195929,0.00391492641460582,0.00100104431700422,0.0253464187387975,0.00937431827759403,0.889071996125544
"img_01328.jpg",0.873219955465409,0.100307222513636,0.00302954226729552,0.00502867572273594,0.00100144110318103,0.0067966575623278,0.00289197598698443,0.00772452937843042
"img_01366.jpg",0.405953867824636,0.0108951366529081,0.0130212230957472,0.0169307247781428,0.00100253941069833,0.537590459968755,0.00364960897789105,0.0109564392912211
"img_01371.jpg",0.964094664871159,0.00321316139415231,0.00311885778405977,0.002945230477303,0.0010201629799526,0.0032435070679352,0.00346562657292725,0.018898788852511
"img_01379.jpg",0.939170138699092,0.00965785381276738,0.00910873092440578,0.00366464831249491,0.00100164968834865,0.00875819945158456,0.00314686696672707,0.0254919121445794
"img_01384.jpg",0.564031601750802,0.0225399865739429,0.0585014061188215,0.0111318273763523,0.00105529893655706,0.318299964442466,0.00381175458247643,0.020628160218581
"img_01388.jpg",0.90106562736311,0.0482906985388903,0.00312486815698762,0.00292082216580958,0.00100210166150915,0.0332405408680317,0.00292278504727664,0.00743255619838497
"img_01392.jpg",0.00368222011665431,0.0112332120089012,0.91797217825478,0.00327319385061658,0.00100109953795294,0.00318335526247773,0.00323241960460386,0.0564223213640134
"img_01399.jpg",0.00473839389993996,0.928678760607215,0.0079205804266898,0.00293087194384897,0.00100088167394716,0.00451332422846889,0.00288439874641454,0.0473327884734755
"img_01404.jpg",0.971111930949715,0.00723274527403705,0.00299065447145688,0.00529801961387848,0.0010015979890519,0.00507103638663447,0.00288838152181079,0.00440563379341545
"img_01405.jpg",0.892554800985417,0.00410626396896951,0.00321970837245284,0.00560214046800209,0.0010064797888914,0.0871551518000175,0.0032570212576887,0.00309843335856095
"img_01413.jpg",0.978121781592604,0.00294674504053328,0.0029793079326332,0.00351602638833316,0.00101067815613716,0.00497469308499597,0.00306495714569871,0.00338581065906468
"img_01426.jpg",0.0632664459360057,0.205524228493873,0.00364560904567392,0.00291097632854467,0.00100090798450311,0.00454930184865189,0.668688098325012,0.0504144320377359
"img_01441.jpg",0.00443772131977418,0.00285110084717819,0.00298424770096267,0.00285105999301633,0.0010008483343717,0.00310620435070506,0.00285107689041912,0.979917740563573
"img_01444.jpg",0.114396481313031,0.00464629089741444,0.00322610470258786,0.00623143993934092,0.00100094765787288,0.00997529343536422,0.00351718452982663,0.857006257524562
"img_01490.jpg",0.00458572809194282,0.00367292977642456,0.0195789846293516,0.00287384999645494,0.00100087106068625,0.00299382554244478,0.00293260389360533,0.96236120700909
"img_01495.jpg",0.703079866365073,0.00970021037070531,0.00316788966908925,0.00329098844435457,0.00100089854950229,0.00910413089533431,0.00290684285257042,0.267749172853371
"img_01511.jpg",0.965979607362649,0.00896685228785527,0.00461482509461919,0.00423477251557575,0.00100141483970351,0.00832415967121456,0.00350324287608047,0.00337512535230256
"img_01519.jpg",0.272154794110339,0.0223355394914778,0.00454140796287665,0.00602081071102231,0.00100360617713885,0.174414282412813,0.17866993144724,0.340859627687092
"img_01530.jpg",0.972442048393139,0.00435766738758419,0.00298293536588942,0.00341411123006578,0.00101642737539333,0.00355331789342048,0.00295000334507155,0.00928348900943613
"img_01537.jpg",0.838566018668449,0.00380334280546176,0.0104276423130212,0.00293980899234758,0.00100820855023033,0.075392027220659,0.00342315869399177,0.0644397927558398
"img_01538.jpg",0.959951222445626,0.00546381612194587,0.00292045386328488,0.00287493359422769,0.00100091786448237,0.0127714377570375,0.00295463114083937,0.0120625872125563
"img_01543.jpg",0.979913383436149,0.00302525215816369,0.00288930516161906,0.00322303907894288,0.00100800852335248,0.00288951103608028,0.00288871334308556,0.0041627872626067
"img_01548.jpg",0.949699274209775,0.00300196286573608,0.0039780266045611,0.0029163800801518,0.00100602572887899,0.0297274899181974,0.00301074635460256,0.00666009423809666
"img_01552.jpg",0.97462160172219,0.00305466380339957,0.00285259423385806,0.00285225036307553,0.00100128557563357,0.00988530044726604,0.00285228540168217,0.00288001845289557
"img_01562.jpg",0.590492207512442,0.00908081459943036,0.00630398762675379,0.00399904410322197,0.00100556763859027,0.0196415163556659,0.103535397545398,0.265941464618498
"img_01571.jpg",0.968216825500277,0.0103253400385283,0.0028661192227605,0.00286612018395338,0.00100086341954752,0.00286703913492417,0.00318595764387278,0.00867173485613642
"img_01593.jpg",0.440489889906553,0.316258491600917,0.00568937754916444,0.00357818611047006,0.00100151042455594,0.0357828833257431,0.0220043542514845,0.175195306831111
"img_01616.jpg",0.930205731721,0.0373029393620884,0.00293734278746864,0.00294414022545687,0.00100637528184644,0.00367198762717525,0.00311526379665897,0.0188162191983053
"img_01618.jpg",0.956738163394579,0.00473753692848694,0.00289081281310909,0.00350156494595883,0.00100174313317983,0.0251607371127693,0.00291534798772094,0.0030540936841959
"img_01627.jpg",0.88640173481287,0.0796168109218988,0.00291067283007627,0.00307071688837281,0.00100090083238699,0.0157526937428112,0.00290542847673431,0.00834104149484955
"img_01633.jpg",0.927719050714465,0.00399623163496778,0.00332363038418647,0.00355063724608366,0.0010053957165683,0.029195891770951,0.00873957684593121,0.0224695856868463
"img_01640.jpg",0.981494561243271,0.00286304372264268,0.0028456454253047,0.0028457087389082,0.0010015255636801,0.00286280483992995,0.00284564312272217,0.00324106734354077
"img_01646.jpg",0.969007684943975,0.00923404875621018,0.00288599143899406,0.00291729710887722,0.00100095224660467,0.00689193039238888,0.00288630706860714,0.00517578804434266
"img_01649.jpg",0.946669412623405,0.00920509258958168,0.00405314063132594,0.00570301616927222,0.00104950966241042,0.0141372030650636,0.0134380246626564,0.00574460059628492
"img_01669.jpg",0.00524830971418741,0.00104081660900158,0.000322699587245042,0.991727385382536,9.94099930560498e-05,0.000591773580672811,0.000370698593623698,0.000598906539677502
"img_01681.jpg",0.112033696625713,0.00330664991643287,0.00294103192740605,0.00291915386295046,0.00100339681328753,0.00635088569649057,0.00436676661418323,0.867078418543537
"img_01684.jpg",0.929655496912868,0.0135767842852329,0.00307243289728597,0.00783371504007042,0.00100093382931476,0.0165569088672097,0.00293747585137566,0.0253662523166429
"img_01687.jpg",0.695446859892615,0.0040684875290664,0.00366556334537472,0.00292001835658784,0.00100094389278278,0.00353263058713338,0.00544788487156531,0.283917611524875
"img_01688.jpg",0.0390931842702981,0.0306472083635261,0.00307610063366467,0.00410892067159776,0.00100103958883192,0.0234657553552213,0.00805333126583687,0.890554459851023
"img_01689.jpg",0.00641963513429014,0.00360421568824516,0.0121127678553228,0.00289234007729931,0.00100088954700587,0.0128177754821903,0.00384944774348662,0.95730292847216
"img_01724.jpg",0.960301134306167,0.00296421330283658,0.00549668690664723,0.00294015191199144,0.00100944859328354,0.00665996536349886,0.00355888370214269,0.0170695159134327
"img_01745.jpg",0.816183520073079,0.113104593283489,0.026591552943209,0.011160229696245,0.00101837300568262,0.0202654273217594,0.00437544774203725,0.00730085593449873
"img_01771.jpg",0.944996848754008,0.0161847750451486,0.00341727150513114,0.00485331835457275,0.00100116747218471,0.00693405556643313,0.00292391613948945,0.0196886471630327
"img_01773.jpg",0.594122610861753,0.00903879374477624,0.00409868341683267,0.00312938531521036,0.00100170546151654,0.00567153912130568,0.0373413488357353,0.345595933242871
"img_01824.jpg",0.829833414250336,0.00364715162425139,0.00458404749348119,0.00391796974439887,0.0010119232826117,0.123543886090848,0.0143715857586542,0.0190900217554179
"img_01831.jpg",0.0154582013550007,0.00535444882870612,0.00036231350061433,0.973151971085042,9.74476608777219e-05,0.0017468994273601,0.000323650618853653,0.00350506752354505
"img_01834.jpg",0.0146224603148769,0.00399008103799558,0.157780364440594,0.00303584911965816,0.00100089499140754,0.0037279522342987,0.00289780729272265,0.812944590568447
"img_01847.jpg",0.324801703567962,0.017866666132798,0.00338577184579346,0.00318374236949497,0.00100117113966507,0.010597682100076,0.00838427819352308,0.630778984650688
"img_01853.jpg",0.0975113103428752,0.033683685678077,0.00638881905204685,0.00358145217117562,0.00100258465684205,0.0168051557288689,0.0215709920024311,0.819456000367683
"img_01856.jpg",0.980900659144893,0.00298301871430361,0.00284694344618645,0.00284626585225692,0.00100084354812281,0.00284940620423668,0.00284626691433799,0.00372659617566217
"img_01862.jpg",0.889079807085872,0.0029745390456554,0.00885095871713518,0.00293878290623657,0.0010089922865797,0.0546671254697502,0.00361640635885973,0.0368633881299113
"img_01874.jpg",0.848617126776305,0.00360161277415871,0.00316362238802711,0.00291620656614037,0.00100288088153586,0.0155880549528566,0.00978231461484596,0.115328181046131
"img_01888.jpg",0.0906494160904311,0.200803900801163,0.0040097947469802,0.015976685993686,0.00100210242761352,0.336380973197702,0.00671055130299431,0.34446657543943
"img_01918.jpg",0.00812407713551479,0.000930056797383607,0.000347610268181521,0.987996362992419,9.88945924138954e-05,0.000666578399056717,0.000449293221977698,0.00138712659305304
"img_01930.jpg",0.953474686036134,0.0051084816299189,0.00450281028590048,0.00458484434978922,0.00100137596207901,0.0246919315246353,0.00292543563667326,0.00371043457486986
"img_01932.jpg",0.804644547357826,0.0107072020973236,0.00348346333323412,0.00309010607351011,0.00100119130725511,0.00947418628593381,0.0034569141796402,0.164142389365277
"img_01955.jpg",0.00385045225947093,0.00283882952805993,0.00283882506289883,0.00283882504263475,0.0010008361253186,0.00283882503910016,0.0028388251233236,0.980954581819193
"img_01963.jpg",0.972480707618096,0.00507535490582296,0.00299023598966532,0.00294933666988772,0.00100085604219039,0.00320021749634656,0.00286591766191183,0.00943737361607948
"img_01966.jpg",0.914065242342134,0.0550133064408426,0.00287011962706442,0.00287239101636448,0.00100086666428542,0.00900868777301449,0.00290383273339871,0.0122655534028963
"img_01983.jpg",0.944162602661293,0.00785517632566989,0.0108577408960139,0.00386922437271742,0.00103409949829888,0.0123092243873673,0.00369184522875251,0.0162200866298874
"img_01984.jpg",0.123315107864005,0.00544526861470212,0.00288138920416603,0.00285809311668623,0.00100085330056479,0.00455956746550148,0.0028564860040026,0.857083234430371
"img_01995.jpg",0.02830649153529,0.255549595216664,0.00576407803493917,0.236617822110011,0.00100172995519851,0.171582858334786,0.011937423390598,0.289240001422513
"img_01996.jpg",0.050854822910575,0.0094920959461987,0.00315304235188772,0.00408052442989594,0.00100141327335514,0.888347572915574,0.00693809096596031,0.0361324372065536
"img_02001.jpg",0.580541569592025,0.00510590291483487,0.00767997405273235,0.0054184616638363,0.00100367097950556,0.0790978465238184,0.154103831507929,0.167048742765319
"img_02006.jpg",0.278593647605707,0.01625578842319,0.198583991476121,0.31211030303902,0.00100121852104181,0.0192217207347327,0.00332804373114168,0.170905286469045
"img_02066.jpg",0.96032671461646,0.0038878039695391,0.00376001699953468,0.00339951429800816,0.00100501042104798,0.0146191065953311,0.00302512244997459,0.00997671065010426
"img_02074.jpg",0.970653778937991,0.00331606363576906,0.00441551328908572,0.00442991594967873,0.00100447082072085,0.00930135914925889,0.00297835072919845,0.00390054748829722
"img_02076.jpg",0.0268637458844358,0.927638062300665,0.0033549552841606,0.00322268839651603,0.0010014954375714,0.00370607227647284,0.00290425884071588,0.0313087215794627
"img_02077.jpg",0.0034661075719087,0.000762721746819731,0.000910158652089764,0.992312953768293,9.93224841235119e-05,0.000994509628599244,0.000393251635703673,0.00106097451246243
"img_02096.jpg",0.980780016901319,0.00286130113859278,0.00283984751851714,0.00283985095811759,0.00100083715876174,0.00367328176991393,0.00284030357907545,0.00316456097570216
"img_02119.jpg",0.810193803343113,0.00562414165628536,0.124057314528302,0.00666562883636587,0.00100105355386979,0.0192126226516675,0.0047695798284027,0.0284758556019939
"img_02124.jpg",0.022796251711111,0.00433468751032245,0.00719852808713107,0.00313238100836511,0.00100643073777447,0.942273670962207,0.00461253039772329,0.0146455195853651
"img_02172.jpg",0.899787645041192,0.00548150536602061,0.00676531288486362,0.00294855623918,0.0010088610642435,0.0226958195481475,0.00432885953665472,0.0569834403196976
"img_02180.jpg",0.93868406197651,0.0141547144917713,0.00362540618030501,0.00310558331088435,0.00100297986803841,0.0226694605180492,0.00422625974210172,0.0125315339123396
"img_02188.jpg",0.766141918726883,0.00927859644503001,0.00391346909882257,0.00338431495646966,0.00100590316547035,0.0753907331348598,0.0109117873019513,0.129973277170513
"img_02209.jpg",0.0404095903825498,0.00533926078925385,0.00689642439695762,0.00495097175247279,0.00100857235628811,0.909192118907028,0.0133191384799506,0.0188839229354997
"img_02235.jpg",0.0788684375601118,0.165227646744098,0.00859313285190099,0.347769651956495,0.0010014607569129,0.183781873339631,0.0145737426364833,0.200184054154367
"img_02252.jpg",0.980696076904261,0.00311581999167422,0.00284556094623934,0.00284544270011244,0.0010008427324607,0.00286476625071703,0.00284583235447238,0.00378565812006307
"img_02268.jpg",0.935680731308341,0.00454211028106435,0.00465233302940648,0.0286979185088041,0.00100281561941216,0.00409187631521955,0.00291206517407415,0.0184201497636782
"img_02270.jpg",0.956782181052673,0.00552535693007529,0.00864045062525166,0.00467419078962689,0.00100909038464664,0.0108651811227467,0.00369939609419922,0.00880415300078034
"img_02281.jpg",0.00401431764514522,0.000695773209727854,0.00036174668901965,0.993622581679129,9.94503985197031e-05,0.000564622712010453,0.000291099506810459,0.000350408159637831
"img_02282.jpg",0.00346701237262039,0.00284225272739072,0.00284170273595416,0.00284168505348822,0.00100083897671782,0.0031528832198567,0.00284590379077563,0.981007721123196
"img_02291.jpg",0.981446709230487,0.00328913740094452,0.00284196955282664,0.00284196944423718,0.00100083926132041,0.00289412274912166,0.00284196942312928,0.00284328293793339
"img_02299.jpg",0.781863791348656,0.0484264075661087,0.00498446106783252,0.0108869757119441,0.00100097072546596,0.0282093651732573,0.00990079049345527,0.11472723791328
"img_02305.jpg",0.0187899718201082,0.311237722985006,0.00782578654459405,0.223340866786775,0.00100408647902156,0.0732829502844374,0.0143151804866293,0.350203434613428
"img_02307.jpg",0.636167414650523,0.0203646729351033,0.00306780315196672,0.00356373960812142,0.00101156269835613,0.116422721789183,0.0152571853175419,0.204144899849204
"img_02309.jpg",0.980968141066025,0.00306178919029618,0.00285208169344898,0.00285223993099263,0.00100152687173396,0.00285226912603555,0.00285208585997508,0.00355986626149213
"img_02318.jpg",0.0139064146716245,0.00301022200006703,0.00290172601372109,0.00288234816408291,0.00100087875763021,0.00325200973362757,0.00297983650147054,0.970066564157776
"img_02356.jpg",0.0165108945657213,0.00342705021806428,0.00457471325630932,0.00479381625681777,0.00100140861458032,0.00580222619244418,0.00517165184935344,0.958718239046709
"img_02367.jpg",0.960978320640309,0.0084078923267622,0.00308719647328875,0.00329020644084091,0.00101602468094057,0.0133091723367253,0.00384357477457786,0.00606761232655544
"img_02379.jpg",0.122878078603445,0.00352850698746515,0.00288668883761983,0.00288703142183569,0.00100088390231657,0.00451500422824344,0.00550941585695558,0.856794390162119
"img_02384.jpg",0.83840961677178,0.00615855104111023,0.00363061476197405,0.00338458070509188,0.00100657031163398,0.120200653875712,0.00642978925658605,0.0207796232761113
"img_02398.jpg",0.941510681977326,0.01243105739945,0.00313797728104227,0.00523181518151861,0.00100091735716377,0.0189253456072983,0.00292020520510103,0.0148419999911004
"img_02400.jpg",0.935354450373388,0.0049993413884764,0.0106000161848252,0.00303488763707896,0.00100091515343767,0.0348844058613874,0.00420434282283441,0.00592164057857199
"img_02406.jpg",0.00271672267244066,0.000466853929959251,0.000918754650995134,0.994002606242094,9.94944564262609e-05,0.00055018648823319,0.000404416232623286,0.000840965327227929
"img_02412.jpg",0.923646836678444,0.00301784150793199,0.00293113331761613,0.00293147987861928,0.00100852221958069,0.00353572888478868,0.00365926729533918,0.0592691902176805
"img_02422.jpg",0.775989100158575,0.0445345556270922,0.00486193881422034,0.00648728173795239,0.00100239271197052,0.0192599657009666,0.0288727433964738,0.118992021852749
"img_02486.jpg",0.963188738615777,0.00980051306754512,0.0032732248688828,0.00287959739995894,0.00100087658595428,0.00449484265386873,0.00288872773036474,0.0124734790776487
"img_02487.jpg",0.961339116733055,0.0147354770891079,0.00287835573486922,0.0028785585125518,0.0010011440373842,0.00330452992206171,0.00287854341501015,0.0109842745559602
"img_02522.jpg",0.866394982264368,0.00620582246186961,0.00291052639932371,0.00340355066666926,0.00100571558127674,0.00819892806392921,0.00331794894816657,0.108562525614397
"img_02556.jpg",0.0766200864566635,0.0122467398678142,0.00299259609717704,0.00291921775674747,0.00100092813129075,0.00339065798335571,0.00444879593594559,0.896380977771006
"img_02565.jpg",0.796742391734397,0.00421010156606414,0.00738303737783009,0.00350802277661223,0.00101382958352439,0.0521225083194931,0.0522604551414096,0.0827596535006698
"img_02574.jpg",0.21227044186782,0.00341369461555436,0.00380383083703218,0.00506766113803171,0.00107970544936315,0.00659746100151035,0.00343231692666759,0.764334888164021
"img_02602.jpg",0.939516517573439,0.0109308857610617,0.00306865323893941,0.00336928944038276,0.00100227016891393,0.0155707998644191,0.00433433811067378,0.02220724584217
"img_02622.jpg",0.756115452626233,0.0101223932036788,0.00324644485521801,0.00294579457918663,0.00100182121374828,0.00552852902644169,0.00496787306404094,0.216071691431452
"img_02625.jpg",0.0489476186091901,0.0082705088595293,0.00408495919498824,0.00309256237801445,0.00100248611108697,0.901483210873971,0.00438123509489795,0.0287374188783224
"img_02636.jpg",0.790731577295516,0.0448795042535278,0.00287303611395224,0.00287245520441145,0.00100094603868344,0.0028967631799039,0.00288160008465389,0.151864117829351
"img_02638.jpg",0.939589048707972,0.0255530494630559,0.00367728192767934,0.0110195028827398,0.00100294923609532,0.00854991282425396,0.00365769061891555,0.00695056433928806
"img_02646.jpg",0.0158371750649409,0.00466848938210796,0.00306279069510257,0.00344147346906157,0.00100087019657687,0.00370532158580956,0.0150613748747172,0.953222504731683
