"image","ALB","BET","DOL","LAG","NoF","OTHER","SHARK","YFT"
"img_00007.jpg",0.0731928916177397,0.0303042152779641,0.00751461532718661,0.00702525363470521,0.00100094769786339,0.00295154770371304,0.00295090370700752,0.87505962503382
"img_00009.jpg",0.736579386311176,0.0853439602923598,0.00292060565791528,0.00333473826923365,0.00100090692116006,0.160483388376697,0.00331259514313981,0.00702441902831852
"img_00018.jpg",0.819566051932946,0.0553871936296124,0.00386797819122933,0.0153661227030693,0.00100118475356846,0.0912567045172303,0.00294756537707274,0.0106071988952713
"img_00027.jpg",0.175606876838857,0.0345437383118379,0.0070102330599461,0.00369492549365431,0.00101050513228225,0.190441388635582,0.020111028489389,0.567581304038451
"img_00040.jpg",0.139958320180965,0.0137983722619122,0.00306016356665322,0.00354664906570739,0.00101128237439134,0.0110943741968394,0.776806420661916,0.0507244176916159
"img_00053.jpg",0.885458775598644,0.01841272865329,0.0116080695789181,0.00475606978941734,0.00101349671123972,0.0615160854940789,0.00324255076075211,0.0139922234136601
"img_00071.jpg",0.067175848741531,0.00694457164356989,0.00302192394759284,0.910044114427408,0.00100094849574719,0.00532882785756403,0.00291819253814871,0.00356557234843823
"img_00075.jpg",0.857084373256994,0.0266750212882946,0.00356155170697178,0.00884766537089952,0.00102678016392847,0.0926642354152398,0.0059801697532013,0.0041602030444705
"img_00102.jpg",0.493096811473479,0.0221369955040146,0.00470486627039375,0.00338165270546142,0.00100200621428271,0.0210251928454547,0.0102329422237447,0.444419532763169
"img_00103.jpg",0.822120030722306,0.0396811820031653,0.071562573757124,0.0029431073028279,0.00100090370172932,0.0454428991488163,0.00290682590994468,0.014342477454086
"img_00109.jpg",0.973865871870577,0.00292527207280703,0.00289880277175258,0.00289848732468063,0.00100103061467206,0.00578736197427186,0.00342534537753564,0.00719782799370352
"img_00120.jpg",0.759235487111533,0.0203622386836941,0.00443262301903893,0.00462010059992372,0.00100487803679048,0.0199449204614928,0.0740785820601208,0.116321170027407
"img_00125.jpg",0.766843113885782,0.012357591122433,0.0081245423511167,0.00341626114605401,0.0010009609407987,0.0233964455154183,0.00653695974908694,0.17832412528931
"img_00128.jpg",0.0124415142907716,0.0848017902467673,0.469905381632142,0.00294769689701855,0.0010022484805907,0.0048734040150359,0.0042565963426698,0.419771368095004
"img_00129.jpg",0.136524355648836,0.0132201086946996,0.00449289221844406,0.00419693865132525,0.00101299848702383,0.0112827985613847,0.780778237329885,0.0484916704084013
"img_00138.jpg",0.439060300306737,0.526913037494201,0.00688507757971609,0.00842063202813711,0.00100387594361453,0.00872714264469909,0.00388881017669779,0.00510112382619767
"img_00141.jpg",0.00681283654804965,0.00728137589957898,0.0116208573117629,0.00291537312550181,0.00100091257161591,0.00375047540836361,0.00291537827064261,0.963702790864485
"img_00152.jpg",0.0379443689490499,0.0192053235376324,0.00402188096959858,0.00313915527539773,0.0010034656845883,0.00707388526119692,0.00413768786278045,0.923474232459756
"img_00161.jpg",0.00595625088187067,0.00286762399808679,0.00286762397908018,0.00286762397848754,0.00100086487637705,0.00294939119604177,0.00286762398170348,0.978622997108353
"img_00170.jpg",0.170473903341556,0.004165682148062,0.00375008607332301,0.760509389168568,0.00100275124069547,0.0244165375986628,0.00331454667617446,0.0323671037529585
"img_00171.jpg",0.688896550478642,0.0184992968924157,0.0828330879995261,0.0494483480732015,0.00101257110144378,0.149595926298183,0.00400010169925446,0.00571411745733359
"img_00175.jpg",0.739201467518908,0.0105640159453203,0.0106831059304946,0.0217304209878966,0.00100575737253893,0.206505478318779,0.00330656410836904,0.00700318981769407
"img_00180.jpg",0.0288911468782559,0.00494278918654223,0.00604941690560015,0.00530649999245119,0.00100223309945297,0.00581739646811468,0.0060717601503388,0.941918757319244
"img_00212.jpg",0.493624604607386,0.00446162885220662,0.00298361227256866,0.0702590422976808,0.00100089026235909,0.00399111168926072,0.00289201588482817,0.42078709413371
"img_00223.jpg",0.847546642094054,0.00797555483865606,0.0813802547988955,0.00923938852498843,0.00100104007820264,0.0368167576854526,0.00549797640343817,0.0105423855763123
"img_00230.jpg",0.771668823367599,0.108302536916745,0.00295279285587527,0.00322220689498655,0.0010009111678925,0.0986142565498398,0.00292153336324208,0.0113169388838196
"img_00232.jpg",0.00763700528172184,0.00368456280443128,0.00293585562521663,0.00302225032375531,0.00100093316541355,0.00777050823948399,0.96816777722385,0.00578110733612758
"img_00244.jpg",0.811367309096602,0.0398642959699271,0.00397836910686233,0.00410120142413543,0.00100098147462622,0.0547614659155446,0.00410947073188711,0.080816906280415
"img_00280.jpg",0.958709328147798,0.00300135201765854,0.00788147567598376,0.00299683993266804,0.0010335610363828,0.00344532235058647,0.00387361025253925,0.0190585105863828
"img_00282.jpg",0.771265286416871,0.0211578056740793,0.0119798037596328,0.0527882091207521,0.00101147003995036,0.131564361498742,0.00393169405266488,0.00630136943730746
"img_00285.jpg",0.496798373292901,0.0212189775931297,0.00625940889378032,0.00343267419760221,0.00101730443903195,0.0131712971521464,0.0217399530914782,0.43636201133993
"img_00292.jpg",0.676280355953812,0.0708336436350691,0.0036981262812254,0.00452568023867639,0.00101130474618577,0.0553807919753256,0.0112559746400078,0.177014122529698
"img_00302.jpg",0.169784122409841,0.012271805651582,0.00304773805651007,0.00348168739161209,0.00101741989860526,0.00975175287486325,0.762473497770964,0.0381719759460224
"img_00311.jpg",0.980974069629761,0.00292185355725388,0.00286414779348367,0.00286678150127652,0.00100240347236427,0.00286434223384357,0.0028641336407802,0.00364226817123697
"img_00320.jpg",0.97628833743763,0.00539493769766358,0.00289690317396682,0.00289690307095613,0.00100177707476666,0.00480272152427433,0.00289690308733294,0.00382151693341001
"img_00331.jpg",0.922317368842053,0.00467966577831154,0.00316965607548842,0.0029846237165542,0.0010093133913935,0.0266443174182922,0.0106848663618703,0.0285101884160367
"img_00358.jpg",0.621206814347388,0.0175731787196757,0.00300692056702561,0.0029857514170134,0.00100178170228018,0.0443846228276777,0.0220063552623125,0.287834575156627
"img_00374.jpg",0.615009366923692,0.0708869471433736,0.0033462361752122,0.00383034864260752,0.00100093540622789,0.00564546804679856,0.00295785558612727,0.297322842075961
"img_00375.jpg",0.0670605348479861,0.0356737058682284,0.821775412541162,0.00800305804777348,0.00100205050550597,0.0305698929267643,0.00643514166768451,0.0294802035948953
"img_00376.jpg",0.917791672345715,0.0102253880615114,0.0112149076215374,0.00299347349608539,0.00100342110874684,0.0212085144048998,0.0200643460083085,0.0154982769531956
"img_00380.jpg",0.956802005280185,0.00694269419903649,0.00402211318170414,0.00460351340270629,0.00100166390354284,0.0199185360715415,0.00294281573851027,0.0037666582227736
"img_00383.jpg",0.977147004260199,0.00496902942574994,0.00287509974761693,0.00289967320911166,0.00100108637035769,0.00395947436017156,0.00287509747048593,0.00427353515630749
"img_00398.jpg",0.942522623451508,0.00618829425057334,0.00290681818614277,0.00290723604131519,0.00100481105763137,0.00301129285417307,0.00290682385682088,0.0385521003018353
"img_00407.jpg",0.956617599355982,0.0061570231659101,0.00429644628715768,0.00704335595004827,0.00100101707055068,0.0121545699847231,0.00293950289469281,0.00979048529093509
"img_00417.jpg",0.161436729122881,0.00508260004604867,0.00285669484875172,0.013866594906124,0.00100085277316749,0.0028556146006958,0.00285611537412199,0.810044798328209
"img_00442.jpg",0.00412061568745974,0.00310026706070823,0.00285277468422866,0.00285277466493279,0.00100085002204446,0.0029980437023273,0.00285277865342742,0.980221895524871
"img_00446.jpg",0.919014450761042,0.0112415977286239,0.00336534898945238,0.00819599909961322,0.00100232225162518,0.0248894777292922,0.00329695907428211,0.0289938443660686
"img_00469.jpg",0.893862617403334,0.00840996276781216,0.00410782828083868,0.00296014190318929,0.00100203749122186,0.0146955583097261,0.00384169765017856,0.0711201561936994
"img_00473.jpg",0.960467752450434,0.00936110021994142,0.0029254629550272,0.00292938288865955,0.00100467328928759,0.00303294017900871,0.00293679822506532,0.0173418897925761
"img_00483.jpg",0.909062055441786,0.0646725842057747,0.00291661208795192,0.00291935501179274,0.00100102796004747,0.00453043888715844,0.00302304479309449,0.0118748816123937
"img_00484.jpg",0.170473483035227,0.063319058564284,0.00485764855597823,0.00894092802329965,0.00100095239682438,0.00930155394971698,0.00336198405047577,0.738744391424194
"img_00486.jpg",0.928003442547496,0.0314887152738831,0.017553893087775,0.00845637747737539,0.00101406266471581,0.00497409912164794,0.00498675237076245,0.00352265745634385
"img_00518.jpg",0.959815436219808,0.00304199488900936,0.00302251457962856,0.0030491292939487,0.00104398898413081,0.0030237855687299,0.00302178037266233,0.0239813700920823
"img_00533.jpg",0.579636471840172,0.0156362886313583,0.00429281117767789,0.00328510911316955,0.00100338946246265,0.0107987432252529,0.0128496692516846,0.372497517298222
"img_00538.jpg",0.792257466997419,0.12973727976933,0.00319314519978249,0.00316182317367712,0.00100095722514256,0.00508597277743291,0.00297366561184717,0.062589689245369
"img_00543.jpg",0.980686062261516,0.00287571139915031,0.00286295598977279,0.00286311463820226,0.0010013914182701,0.00294175215201638,0.00286294704984774,0.00390606509122424
"img_00550.jpg",0.131577586225217,0.0234069010720867,0.0404381242067223,0.0131358081578946,0.00104860166009537,0.758185717118329,0.00716231532957568,0.0250449462300794
"img_00551.jpg",0.866226533916735,0.00605040746079247,0.00469469266740684,0.00831461590875147,0.00100320488816053,0.0674159546736629,0.0190685154972946,0.0272260749871959
"img_00575.jpg",0.926772706552928,0.00706438637240132,0.00345971775792964,0.00350662751939717,0.00101552950946823,0.0186046038161625,0.0117903543834669,0.0277860740882462
"img_00582.jpg",0.923139746733728,0.0173822291313974,0.00584088861040577,0.00431669229330587,0.00107375466973431,0.0321684539847887,0.00431789696320334,0.0117603376134367
"img_00584.jpg",0.891934820222848,0.00350368582987363,0.00431572719403613,0.00700171928011296,0.00105349220277373,0.0838005137328451,0.00322389844494565,0.00516614309256467
"img_00587.jpg",0.0819267009960174,0.0222287478568386,0.00543916836427142,0.00319580489192342,0.00100438992655366,0.0516282359152293,0.0245815824157392,0.809995369633427
"img_00590.jpg",0.142446052339396,0.0348877330713008,0.0139675164182868,0.00344588791713355,0.00100539851950808,0.016936289040177,0.028545643173424,0.758765479520774
"img_00591.jpg",0.0846304390631164,0.00630088264379753,0.00304462565477553,0.00293987310890984,0.00100093693266785,0.0306894278559739,0.00412232904727214,0.867271485693487
"img_00598.jpg",0.911350103029992,0.0235023798446394,0.00504022143863745,0.0169419651077201,0.00100984740191831,0.0234673998297046,0.00495030742840488,0.0137377759189837
"img_00599.jpg",0.818109631592157,0.0292283559766077,0.00934819229008304,0.0046492874263672,0.00100921634554655,0.0091131003323866,0.0264874009764408,0.102054815060411
"img_00612.jpg",0.79216810878173,0.00348232128478376,0.00398247854276567,0.00334168823441929,0.00100889427691017,0.145455398085357,0.0129148149799564,0.0376462958140781
"img_00620.jpg",0.78818020534346,0.0110146052009546,0.158122436574491,0.00477487444894313,0.00100525027787588,0.0238806880635428,0.004384310270149,0.00863762982058319
"img_00642.jpg",0.0662289541717125,0.0173319444709471,0.00359455430254968,0.897082930282977,0.00100091979062011,0.00725068640767574,0.00292236767775815,0.00458764289576011
"img_00646.jpg",0.00832663771160027,0.00516241866428386,0.00627536963961866,0.00287799763967626,0.00100087521730407,0.00490352369727452,0.00292672189568807,0.968526455534554
"img_00648.jpg",0.980690432929705,0.00297092237120493,0.00286783588382385,0.00286833200837669,0.00100210286642315,0.0029635119086847,0.00286783602599925,0.00376902600578252
"img_00650.jpg",0.108753103031512,0.0132314906677089,0.00651105084731601,0.00685947015673161,0.00101028539268809,0.330138912792417,0.525377798710903,0.00811788840072253
"img_00664.jpg",0.842912088332727,0.0244454231482728,0.00312893409711309,0.00294306460981305,0.0010011544732734,0.00560138774582318,0.00540408431570433,0.114563863277273
"img_00697.jpg",0.00405996479855761,0.00284836639028501,0.00338145194240777,0.00284834551037442,0.00100084561867377,0.00284834551294589,0.00284836340703619,0.980164316819719
"img_00708.jpg",0.68742898176368,0.0247675973595851,0.00680341946973951,0.00712106111501141,0.00100858783954374,0.208932045743465,0.0312629035579784,0.0326754031509963
"img_00716.jpg",0.14102990563853,0.261832956361761,0.00545038708431012,0.00549102380118155,0.00100641511416202,0.489779342799237,0.0292133092835139,0.0661966599173042
"img_00717.jpg",0.525750816819993,0.162277861274211,0.0032190335348264,0.00988362043431076,0.00100095360058771,0.284084305879012,0.00738969334084901,0.00639371511621029
"img_00718.jpg",0.947936209867714,0.00295866850457599,0.00349530947562347,0.00419704481716457,0.0010009160343399,0.0161327726058512,0.0029197822573829,0.0213592964373484
"img_00724.jpg",0.0523717497430856,0.00394359543558769,0.00585053735852217,0.00315095009750646,0.00101077341840943,0.021475544745211,0.117343559049811,0.794853290151867
"img_00726.jpg",0.9805372842324,0.00288064464186582,0.00286656927774126,0.00286656734458125,0.0010008637971707,0.00307313984770299,0.00336249139055264,0.00341243946798485
"img_00730.jpg",0.0301874387357403,0.00708058196845983,0.00384864664667904,0.00296797500054822,0.00100144940575402,0.00688919922704017,0.0122973415798798,0.935727367435899
"img_00757.jpg",0.911389837372732,0.00535396555528501,0.00499841227392116,0.0186132088997159,0.0010021925764394,0.0444467441996939,0.00336609976181828,0.0108295393603943
"img_00760.jpg",0.127407921200571,0.0118727800551565,0.00325221229128973,0.836307186194323,0.00100274399272286,0.00891991495234993,0.00369791495518527,0.00753932635840167
"img_00764.jpg",0.00431077824527016,0.00833119468797923,0.00793224434112435,0.00288838812361308,0.00100088526183303,0.00288908632372379,0.00288816886441128,0.969759254152045
"img_00765.jpg",0.0506229518199492,0.452811279752943,0.00375842952966905,0.0265980066389502,0.00100180098092582,0.150164096538014,0.0105762093824002,0.304467225357148
"img_00772.jpg",0.0619225971817778,0.00547701632741701,0.241416629011873,0.00288389795434032,0.00100088124549794,0.159770604796148,0.00367506981822985,0.523853303664717
"img_00777.jpg",0.30124806560699,0.0177321645428994,0.00475856221681515,0.00311396088361858,0.00100663917108688,0.661018724573636,0.00814778125534889,0.00297410174960467
"img_00780.jpg",0.00647374022951567,0.00378856958807148,0.00933115336974165,0.00292963526203926,0.00100092651376952,0.0334014863267305,0.0292356016637317,0.9138388870464
"img_00798.jpg",0.881137337169853,0.0488314118021207,0.00458898153953506,0.0416150549562567,0.00101384761915596,0.00776755323333206,0.0045562551984512,0.0104895584812954
"img_00808.jpg",0.818424410546296,0.131767711414153,0.00371860402634886,0.00363314894948795,0.00100092365557538,0.00685053002414203,0.00292670455959394,0.0316779668244024
"img_00816.jpg",0.974234350636991,0.00314080884106246,0.00298409111547212,0.0029431042868507,0.00100627166157829,0.00364666417012109,0.00502075288356929,0.00702395640435491
"img_00833.jpg",0.702472070618892,0.0304814850637002,0.00740140003968625,0.00523801176326638,0.00100447566397305,0.136020705823235,0.045568939617398,0.0718129114098491
"img_00837.jpg",0.899906484521019,0.0138649249380918,0.00428240501590457,0.00457115097879632,0.00100912783676747,0.0640687223298905,0.00323185366550806,0.00906533071402264
"img_00855.jpg",0.793665332242322,0.0213231194689676,0.0097630200888853,0.00401342875505863,0.00101017813317034,0.10172986955926,0.00959053541482789,0.0589045163375079
"img_00857.jpg",0.97847037228389,0.00545157403801543,0.0029207016442665,0.00292070045456049,0.00100477261306658,0.00304671387422953,0.00292070047385053,0.0032644646181213
"img_00858.jpg",0.943381248572148,0.00640400580404402,0.0029501139332685,0.00322829746978528,0.00100203364585716,0.027023267470073,0.00492108385751149,0.0110899492473124
"img_00865.jpg",0.746716990572105,0.210873558279151,0.00291962135005271,0.00290546939599988,0.00100090008014721,0.00760884711025022,0.0048928358486996,0.0230817773635946
"img_00902.jpg",0.00637453131863462,0.00325724549654713,0.00294720304344814,0.00331358347354742,0.00100115561503877,0.00743126087553718,0.971816198525327,0.00385882165192013
"img_00914.jpg",0.00404558785022288,0.00328857503150939,0.00284169601849958,0.00284169601847947,0.00100083900005928,0.00284169601850193,0.00284169601864737,0.98029821404408
"img_00921.jpg",0.770508224040138,0.00374837160910279,0.00774154392443897,0.00315810513447211,0.00101093665197532,0.055861116861549,0.0956016332366375,0.0623700685416866
"img_00927.jpg",0.106853838720176,0.032923364009012,0.00900895084749922,0.00359337264256688,0.00100470527474348,0.0131211784977945,0.0276793076216786,0.805815282386529
"img_00943.jpg",0.872686530407058,0.101301971847735,0.00288772955817519,0.00288820089787422,0.00100088495323474,0.00322304556301316,0.00288852844564246,0.0131231083272673
"img_00959.jpg",0.974926070660683,0.00292619070105167,0.0028835683144675,0.0028835209450795,0.00100635736434547,0.00618841899156831,0.00314937086833587,0.00603650215446842
"img_00962.jpg",0.00650710702301291,0.00322325992655451,0.00894484036437187,0.00288587710968658,0.00100088309254623,0.00337941571064996,0.00288589248690373,0.971172724286274
"img_00964.jpg",0.00418391989781047,0.0113870093942632,0.937421728135727,0.00386535156462961,0.0010009338187354,0.00418123170598868,0.00313959836777922,0.0348202271150663
"img_00979.jpg",0.0110984579952973,0.00291554914794298,0.0267872769015283,0.00291553739196661,0.00100091270350652,0.00546700852039355,0.0029581958942113,0.946857061445153
"img_00985.jpg",0.615391905766051,0.0907463814548694,0.00310533442737666,0.00491545002305648,0.00101058745538912,0.0431457213266519,0.0112558686606493,0.230428750885956
"img_00999.jpg",0.688921702827017,0.00745308863183006,0.00312935004980833,0.00296321953616721,0.00100153985243372,0.0084552552481501,0.220181461156975,0.0678943826976189
"img_01022.jpg",0.927182816921219,0.00494639142873315,0.00490973527820015,0.00707307303845945,0.00102250017077497,0.0383131490017288,0.00390383913939322,0.0126484950214915
"img_01031.jpg",0.704401485265307,0.00424441331681556,0.0167506446697101,0.00471089543460033,0.00101087990614337,0.253414128129016,0.0104937407676087,0.00497381251079951
"img_01035.jpg",0.290520944667091,0.0107487647874105,0.00685182425523353,0.00427847310690178,0.00100351487598372,0.672563290346396,0.0110182384458397,0.00301494951514405
"img_01059.jpg",0.0615930356680133,0.0235126377080413,0.0040004742762451,0.00444170450160863,0.00100161297682769,0.0400263426153839,0.0143146005667242,0.851109591687156
"img_01103.jpg",0.0256844685910191,0.0579922157608313,0.00440106082430757,0.00691791446071631,0.00100095928029401,0.00410027324258127,0.0107336094770553,0.889169498363195
"img_01116.jpg",0.842671150122907,0.0814068792378558,0.00305333014053943,0.0059236208130861,0.00100095166615066,0.049913981220665,0.002978049002491,0.013052037796305
"img_01134.jpg",0.932213454862544,0.00308390073888566,0.0112088211751002,0.0064419072969579,0.00100096746141884,0.0256851302820322,0.00324440384430417,0.0171214143387569
"img_01179.jpg",0.965294965008607,0.00344594667370546,0.00465333111265016,0.00567493643753032,0.00100553645466328,0.0137337228366774,0.00296254055741162,0.003229020918755
"img_01188.jpg",0.113561401580038,0.545095712066518,0.00480144483240272,0.0151730317231913,0.00100316890914778,0.144750458580866,0.00605949044067289,0.169555291867164
"img_01211.jpg",0.968285788664573,0.014989431682613,0.00288547214468966,0.00288845056076212,0.00100250321996558,0.00288547720809736,0.00288546692512869,0.00417740959417093
"img_01213.jpg",0.604960398786467,0.338667858360279,0.0037103584688213,0.00955892421689232,0.00100599341372405,0.0232219711801614,0.0029757616477761,0.0158987339258784
"img_01222.jpg",0.701656512581348,0.0965060515368872,0.00473832813826889,0.0229280542946064,0.00100095928914629,0.0334612402263307,0.00449261360191419,0.135216240331498
"img_01224.jpg",0.0271624805471978,0.0492740455420098,0.111358692279808,0.0029515610325497,0.0010009485363278,0.00523711551122136,0.00355047114900969,0.799464685401876
"img_01253.jpg",0.0060564892404406,0.00283918273662282,0.00283918272064687,0.00283918272042432,0.00100083649229954,0.00283918272041623,0.00283918272759159,0.978746760641558
"img_01286.jpg",0.169967317226505,0.0102073611791362,0.00391799438851976,0.00340180065285869,0.00105119084865477,0.0107480556691528,0.00316459543202385,0.797541684603149
"img_01289.jpg",0.0744941158575062,0.0369952541834294,0.003157272027077,0.00492949024501689,0.00100119082165999,0.0418192134223172,0.0158497987889966,0.821753664653997
"img_01328.jpg",0.724734844466726,0.237242364339173,0.00322452358588373,0.00722447586798864,0.00100205024810891,0.0107603174742682,0.00294866303357297,0.0128627609842796
"img_01366.jpg",0.374144205498971,0.00984141311573531,0.0130895838525872,0.0184156615793016,0.00100408709116076,0.570277105077459,0.00395902813657477,0.00926891564821028
"img_01371.jpg",0.945926678611371,0.00336117234656265,0.00341345702122588,0.00305937665989402,0.00104025467893952,0.00357245759672004,0.00412067344373903,0.0355059296415476
"img_01379.jpg",0.927536446702243,0.0118656464583758,0.010245710497828,0.00431857563001096,0.00100246742254659,0.0174092766611234,0.00343220608542948,0.0241896705424426
"img_01384.jpg",0.336848177067341,0.0102497442766345,0.0254475269427689,0.00678671158920246,0.00103985838104493,0.583692222467875,0.00439330503561592,0.0315424542395173
"img_01388.jpg",0.860379763682883,0.0794028413011393,0.00336162025569051,0.00295317053943758,0.00100332070457954,0.038830196966602,0.00295475513211145,0.0111143314175569
"img_01392.jpg",0.00448622854650934,0.0196288404276309,0.854031245240191,0.00370362887607221,0.00100135890142421,0.00352133218252006,0.003622043113938,0.110005322711714
"img_01399.jpg",0.00647891050048182,0.885178522603892,0.0130047674694257,0.00301970645608925,0.00100092387574791,0.00618495340055512,0.0029267584455348,0.0822054572482737
"img_01404.jpg",0.961085494459035,0.0116213791018803,0.00314615687334721,0.00776207791487481,0.0010023644196306,0.00672450914755632,0.00294145612125705,0.00571656196241903
"img_01405.jpg",0.85624142673126,0.0155322754815944,0.00374950357989924,0.00836292831437806,0.00101215346619251,0.108113100615996,0.0036468581237121,0.00334175368696792
"img_01413.jpg",0.974272559161728,0.00304292040030797,0.00311146425461732,0.00419554834196861,0.00102070438998486,0.00714000163112106,0.00328445924714134,0.00393234257313069
"img_01426.jpg",0.0464205183283399,0.168153810476647,0.00439402392103554,0.00292313607817485,0.00100092047486608,0.00503740438481009,0.705338440295999,0.066731746040127
"img_01441.jpg",0.00604009239985186,0.0028667500547851,0.00313311795863561,0.00286673971806483,0.0010008639850136,0.00337703641214617,0.00286675663375239,0.97784864283775
"img_01444.jpg",0.138606165035745,0.00647721866737884,0.00350602614233832,0.00326905256518946,0.0010009514911651,0.0170286209823342,0.0561162612882675,0.773995703827582
"img_01490.jpg",0.00584843272111845,0.00449879855823824,0.0353234547778085,0.00290205319851272,0.00100089919739845,0.0032433629856655,0.00301936154846868,0.944163637012789
"img_01495.jpg",0.701077326754688,0.0197945789682068,0.00343674678475944,0.00371726275695453,0.00100093503342756,0.0147041766465786,0.00293958220518899,0.253329390850196
"img_01511.jpg",0.949098576168517,0.0158775144158685,0.00635630279290705,0.00563595845050046,0.00100199763234932,0.0138913625830762,0.00417222706130605,0.00396606089547504
"img_01519.jpg",0.290181074950103,0.0298567469801115,0.00576270765261372,0.00904500144685268,0.00100476088073589,0.123682250367051,0.414041383476751,0.126426074245781
"img_01530.jpg",0.963084339162061,0.00585180295035422,0.00307444015958233,0.0039458147128091,0.00102708409587691,0.00422711741991846,0.00300788911147492,0.0157815123879226
"img_01537.jpg",0.79437303208607,0.0038740065667013,0.0486930254081181,0.00301319726046364,0.00101566086569962,0.125277277603212,0.00385749482310748,0.019896305386628
"img_01538.jpg",0.941914864135444,0.0125179536829912,0.00299220597463215,0.00289956943901453,0.0010009881260095,0.0217079719639375,0.00305796229121838,0.013908484386753
"img_01543.jpg",0.978303508130291,0.00306489194439803,0.00292410949921316,0.00359377249297961,0.00101132936383569,0.00292305053279082,0.00292269135311702,0.00525664668337509
"img_01548.jpg",0.941498387432848,0.00311546566913538,0.0050738372404551,0.00293986439141989,0.00101112611117609,0.0340536561979226,0.00312951670581282,0.00917814625123015
"img_01552.jpg",0.98072763038026,0.00327378053444158,0.00286913541031964,0.00286913540845868,0.00100173894001627,0.00347197922641954,0.00286913566406515,0.00291746443601928
"img_01562.jpg",0.701044313320673,0.0136066969771424,0.00652209572649219,0.00501306232595406,0.00100897179248421,0.0223305955967424,0.0828225047539711,0.167651759506541
"img_01571.jpg",0.926139303102209,0.0495309617265242,0.00288194095503253,0.00288194149361623,0.00100087921954656,0.0028828495313108,0.00351682745729874,0.0111652965144623
"img_01593.jpg",0.304142793248277,0.373646716457251,0.00841395993024442,0.00410659995845971,0.00100205330264375,0.0407980462199482,0.0214965853752083,0.246393245507967
"img_01616.jpg",0.833323842427515,0.130132147507155,0.0029702463545428,0.0029839751192475,0.00101093586343959,0.00444859466476288,0.00331111419465367,0.0218191438686835
"img_01618.jpg",0.936030883324275,0.00646877454004159,0.00293579827527073,0.00413868329844316,0.00100264469255651,0.0432862792117424,0.0029900922890443,0.00314684436862628
"img_01627.jpg",0.819600958234775,0.1347974950055,0.00293265799556543,0.00321345576980211,0.00100092509156444,0.0223964208643598,0.00293461445934938,0.0131234725790843
"img_01633.jpg",0.878322428539143,0.00501513440972951,0.00367583810593218,0.00412970984096957,0.0010044061688089,0.0562398288313633,0.010968497096304,0.0406441570077496
"img_01640.jpg",0.981236003741012,0.00287185174035868,0.00285592164260657,0.00285598677200157,0.00100221942091038,0.0028902310406938,0.00285591962781972,0.00343186601459722
"img_01646.jpg",0.951748934608073,0.0225807843900846,0.00289990307009762,0.00296253774021606,0.00100103516041838,0.00895004385713209,0.00290018680757436,0.00695657436640422
"img_01649.jpg",0.926602274039445,0.00722444189147415,0.00527196342388834,0.00862778159087083,0.00110308592710436,0.0233894708351816,0.0212837771578878,0.00649720513414782
"img_01669.jpg",0.103162398069244,0.0181765769958572,0.00367374906858794,0.850983251972822,0.00100395689830516,0.00910833705936647,0.00464325316198148,0.00924847677383541
"img_01681.jpg",0.166391961281942,0.00578955914406766,0.00302194086132405,0.0029645439738089,0.00100593530674114,0.0098472626218458,0.00556506976745178,0.805413727042819
"img_01684.jpg",0.894284249034036,0.0238511804405015,0.00321844756769957,0.0117629299601076,0.00100094370443193,0.0169651552110444,0.00294748053961252,0.045969613542567
"img_01687.jpg",0.747651061191706,0.00502253134701693,0.00443569556544742,0.00294726012471429,0.00100099936799813,0.0041534280998301,0.00787470499779995,0.226914319305488
"img_01688.jpg",0.0705496534407196,0.0512158471050588,0.0032546789462087,0.00532061827335091,0.00100118443206403,0.040831227807139,0.0132105142557698,0.814616275739689
"img_01689.jpg",0.00987391473496997,0.00432295648469537,0.0213907624846501,0.00294930473455076,0.00100094639669649,0.0227773593705409,0.0048613750545407,0.932823380739356
"img_01724.jpg",0.935918783603432,0.00313691222469134,0.010252372309671,0.00302661221491777,0.00101819373927568,0.0156488223202191,0.00435737096828575,0.0266409326195078
"img_01745.jpg",0.787087390774998,0.118347368327709,0.0365820448289356,0.016629480774679,0.00102819453443221,0.0238901712318093,0.00552878465826598,0.0109065648691717
"img_01771.jpg",0.920062071238683,0.0240818233240375,0.00394145237769659,0.00681435715481113,0.00100144457468908,0.010886487317489,0.00295424115836366,0.0302581228542304
"img_01773.jpg",0.796911050490821,0.012130716117562,0.00526360109782328,0.00332341788660737,0.00100247954997559,0.00702504484656304,0.0359130106910712,0.138430679319576
"img_01824.jpg",0.687988417394061,0.00432154971810918,0.00620350815136534,0.00486821527934698,0.00101434424806717,0.246657336113623,0.013952911189353,0.034993717906075
"img_01831.jpg",0.124353090963996,0.00328399304911129,0.00447630555423389,0.804292407369366,0.00100179524363592,0.0263966289212216,0.00372517661723134,0.032470602281203
"img_01834.jpg",0.0205636369029298,0.00464277325380467,0.161136319928426,0.0032093544213112,0.00100093035849906,0.00459253398313999,0.00293325370780046,0.801921197444088
"img_01847.jpg",0.394049834258915,0.0258302365043477,0.0038044792632948,0.00335111769531429,0.00100140682729588,0.0111308343086125,0.00788629677054325,0.552945794371676
"img_01853.jpg",0.111312154468298,0.0377613248139698,0.0098209143947828,0.00419705496581166,0.00100420958706623,0.0156743138496942,0.0273111985143675,0.792918829406009
"img_01856.jpg",0.977266268520977,0.00303258909466614,0.00291804983630224,0.00285713408231781,0.00100085443542841,0.00578936795529948,0.00285818845719553,0.00427754761781383
"img_01862.jpg",0.739528049757322,0.00303654808820162,0.0224174367794118,0.00301621630093165,0.00101725790299631,0.191350886814099,0.00421200438908594,0.0354215999679517
"img_01874.jpg",0.922159615812471,0.00296501379249507,0.00345748350362848,0.00296188526465194,0.00100490200363436,0.0259470633723128,0.0120376391526591,0.0294663970981477
"img_01888.jpg",0.0988187052170097,0.378035566136296,0.00497769970793743,0.0259810788090447,0.0010032555020712,0.180589945487302,0.0136863593377779,0.296907389802561
"img_01918.jpg",0.110187690161654,0.0112546547819829,0.00350787538466826,0.841563938213084,0.00100096101934272,0.0105292575431723,0.00339519279854889,0.0185604300975463
"img_01930.jpg",0.930521145456725,0.00697630059055879,0.00611465120044939,0.00628279414101672,0.00100186681251814,0.0416695906778267,0.00296260374362904,0.00447104737727579
"img_01932.jpg",0.788001290251643,0.0132590291051032,0.00400729380535105,0.00332615251141686,0.0010014443063741,0.0155996036962388,0.00396056625957858,0.170844620064295
"img_01955.jpg",0.0048655310626413,0.00284227197479302,0.00284226935498797,0.00284226935606561,0.00100083956790133,0.0028422693497976,0.00284226944510336,0.97992227988871
"img_01963.jpg",0.971081808511721,0.00299885945914782,0.00294681670442366,0.00298024693286775,0.00100087937457319,0.00357154952205951,0.00288232005938124,0.012537519435826
"img_01966.jpg",0.86494315701109,0.101566081154658,0.00287983006848634,0.00288028316454453,0.0010008764135172,0.00925019207774847,0.00292602551917949,0.0145535545907754
"img_01983.jpg",0.914571962115699,0.0150892377256469,0.0139346529246587,0.00485235175001315,0.00106897382572329,0.019724196355775,0.00448557646646751,0.0262730488360161
"img_01984.jpg",0.213918348755421,0.0105327997569385,0.00287911707151383,0.00290477356696306,0.00100087352125253,0.0108088040398684,0.00287922181704263,0.755076061471
"img_01995.jpg",0.0156970362684184,0.42529205342704,0.00706575200356703,0.218838310418629,0.00100262425089739,0.164945389228843,0.017441895764205,0.1497169386384
"img_01996.jpg",0.0847069287315744,0.014395943106138,0.00337152388111814,0.00498092726200416,0.00100189521141746,0.830568637432282,0.01089208443695,0.0500820599385155
"img_02001.jpg",0.281053530217543,0.00598891351414221,0.0122904719948086,0.00298912117976004,0.00100305603487867,0.0697792655740339,0.473527566799063,0.153368074685771
"img_02006.jpg",0.501657422045586,0.0307989423760622,0.241538441031397,0.0954417181375007,0.00100146142676498,0.0195657418189693,0.00368199879333916,0.106314274370381
"img_02066.jpg",0.945271807795956,0.00396905174795553,0.00467410193300432,0.00395267770859962,0.00100920781387701,0.0252324804696287,0.00319371053121959,0.0126969619997588
"img_02074.jpg",0.959321603324244,0.00379473506273472,0.00600214901030262,0.00603105947479511,0.00100813054613274,0.0158252411554574,0.00311641617995966,0.00490066524637398
"img_02076.jpg",0.0523291855783671,0.867617691858778,0.00387524088779638,0.00361052392979742,0.00100215905273012,0.00457807276870377,0.0029755656858225,0.0640115602380044
"img_02077.jpg",0.0687386782812808,0.0125275244080543,0.0143231146858233,0.862813695173883,0.00100098662592122,0.0171001646582038,0.00507267188300401,0.0184231642838291
"img_02096.jpg",0.979779426415044,0.00284933961381527,0.00284431250067809,0.00284431652253252,0.00100084158825389,0.00437433123988007,0.00284435695905093,0.00346307516074475
"img_02119.jpg",0.831594807162034,0.00730697628859109,0.109531525093171,0.008707741517647,0.00100113804015656,0.0238467944972254,0.00656735140176267,0.0114436659994121
"img_02124.jpg",0.0420986996101719,0.00583331445911254,0.011592997857322,0.00341551253454031,0.00101207433885143,0.903086232503252,0.00639034158745357,0.0265708271092959
"img_02172.jpg",0.867391476166189,0.00903691748989881,0.0292402453122161,0.0030098800699018,0.00101696493229982,0.0605777739097653,0.00539949397799783,0.0243272481417317
"img_02180.jpg",0.877800316964895,0.0249442201216767,0.00432937669826933,0.0032677478168733,0.00100506131328902,0.0339793209629601,0.00547459797191235,0.0491993581501246
"img_02188.jpg",0.793832217860601,0.0130578658334916,0.00496412026948837,0.00390773755796688,0.00101099584460542,0.0922370191997197,0.0208967569269785,0.0700932865071487
"img_02209.jpg",0.0763253474521591,0.00783332721412372,0.0109717764176125,0.00705073982222219,0.00101638338333097,0.841096753753358,0.0239164269646485,0.0317892449925444
"img_02235.jpg",0.0320165176316142,0.276560962474839,0.0100260506480096,0.166344148769247,0.00100201706735781,0.281883781673469,0.0237273739904035,0.20843914774506
"img_02252.jpg",0.979915859738228,0.00310737822477231,0.00286427923606793,0.00285549487889673,0.00100085281777564,0.00301287015312987,0.002856947687304,0.0043863172638253
"img_02268.jpg",0.944226394871052,0.0108870289103563,0.00564232185976472,0.0155707608508964,0.00100478047330809,0.00532729324745445,0.00295800042462145,0.0143834193625471
"img_02270.jpg",0.918557889495366,0.022296083517561,0.0145392346286966,0.00649923277261561,0.00101744069305622,0.01777069023901,0.00453370777759985,0.0147857208760952
"img_02281.jpg",0.0849087907634515,0.0111697956937277,0.00444606706630303,0.882702984004802,0.00100094143658801,0.00852985925679657,0.00302398714436538,0.00421757463396541
"img_02282.jpg",0.00409889985585426,0.00284861740379414,0.00284801027926917,0.00284798927468167,0.00100084528857176,0.0034705427185303,0.00285083960704552,0.980034255572253
"img_02291.jpg",0.980908292725872,0.00374345189308951,0.00284855818022059,0.00284855811047295,0.00100084584241635,0.00295244070127981,0.00284855800799695,0.00284929453865139
"img_02299.jpg",0.755457898856602,0.0577490604015893,0.00699377386187556,0.0126114223899479,0.00100097444968701,0.0397963879108004,0.00736929776158134,0.119021184367916
"img_02305.jpg",0.0105696451542424,0.542217883317389,0.00558151999677241,0.133475727189431,0.00100721169745525,0.0809215200874907,0.0176004690092207,0.208626023547999
"img_02307.jpg",0.533401708184517,0.0123250261700203,0.00310438395954946,0.00339297298818018,0.00101016424048006,0.226475375705412,0.00968621567256891,0.210604153079271
"img_02309.jpg",0.979833295194517,0.00350062190577887,0.00286880601813324,0.00286896889395757,0.00100222201857168,0.00286896873925068,0.00286880827147314,0.00418830895831804
"img_02318.jpg",0.0275172607895492,0.00349475369629677,0.00316027277217644,0.00295108002459351,0.00100092487968998,0.00367079001175413,0.00312430597358741,0.955080611852352
"img_02356.jpg",0.030175523547358,0.00400170905444239,0.00629831999354194,0.00673676694652109,0.00100196757656612,0.00875471620441416,0.00749286357111178,0.935538133106045
"img_02367.jpg",0.943854091245935,0.0098150107559418,0.00333722513790323,0.00370285328798332,0.00103167640699822,0.0240751875813296,0.00483931049631927,0.00934464508758921
"img_02379.jpg",0.171332303765447,0.00381628164539535,0.0028968127177594,0.00289705824828953,0.00100089364449654,0.00615441543324897,0.00296836218836275,0.808933872357
"img_02384.jpg",0.778611788641516,0.0105126030198897,0.00432548116686236,0.00389063435852064,0.00101232430255109,0.142493869304649,0.0110969146707411,0.0480563845352695
"img_02398.jpg",0.907467114892097,0.0197483120820806,0.00338021213668087,0.00756798571806114,0.00100094176075546,0.0310979423423248,0.00294465584411125,0.0267928352238888
"img_02400.jpg",0.950727518846453,0.00673990470179634,0.00896473771940156,0.0031739766127102,0.00100093729295949,0.0174724242338998,0.00422648110986511,0.00769401948291486
"img_02406.jpg",0.0561816926180161,0.00654365233123073,0.0155909747551436,0.89317285741193,0.00100104397209204,0.00816296273339842,0.00528278245177329,0.0140640337264162
"img_02412.jpg",0.852795174776224,0.00303313080742124,0.00295602505250028,0.0029562088584902,0.0010132472434859,0.004170279548741,0.00441892748462498,0.128657006228513
"img_02422.jpg",0.759354952853438,0.0502605712274648,0.00556741462265906,0.00975694608006024,0.00100380085251043,0.0165712603250262,0.0203494566290574,0.137135597409784
"img_02486.jpg",0.949216514254586,0.0167160132621481,0.00367698576744263,0.00292354494634839,0.00100092048752751,0.00614903412952415,0.00294148056927947,0.0173755065831438
"img_02487.jpg",0.930909641579714,0.037227205799276,0.00290889184163089,0.00290907243270647,0.00100144305624641,0.00376158793142337,0.00290908182926402,0.0183730755297388
"img_02522.jpg",0.854005086500004,0.00958141947301704,0.00298555224861904,0.00397709862478959,0.0010106463977673,0.0101549827295197,0.00380295497015658,0.114482259056127
"img_02556.jpg",0.118799726989997,0.016610598263986,0.00311245905794357,0.00296541655615171,0.00100098634127224,0.00390709546139782,0.00602499634206137,0.847578720987191
"img_02565.jpg",0.811600173884289,0.00543219737596887,0.00960765399854306,0.00399775779620902,0.00101467824800893,0.0463380736929841,0.029304246616205,0.0927052183877919
"img_02574.jpg",0.207895521928589,0.00366518170003962,0.00444746540123925,0.00393591486674937,0.0010824826411209,0.00851479173921497,0.00370252638106504,0.766756115341982
"img_02602.jpg",0.846181571138606,0.0893985415857179,0.0032382061476533,0.00384245343791625,0.00100364760255852,0.0256898715005155,0.00500049266845689,0.0256452159185755
"img_02622.jpg",0.861808315385941,0.0120526998806178,0.00361710507867558,0.00301468593373412,0.00100277032648708,0.00866409468110098,0.00942227744664098,0.100418051266802
"img_02625.jpg",0.0807556371388503,0.0136601608590201,0.00527418888990487,0.00328781535079045,0.0010040821975668,0.847831861315621,0.0056362353439344,0.0425500189043122
"img_02636.jpg",0.655723769329737,0.0564278094114863,0.00287902969904244,0.0028745065352788,0.00100102442388182,0.00293534748517475,0.0028795921174572,0.275278920997941
"img_02638.jpg",0.865835491437067,0.0962078310262276,0.00375443756427498,0.00581217515382885,0.00100497364040553,0.0139706392474603,0.00438237932586729,0.00903207260486808
"img_02646.jpg",0.0392113198352822,0.00516752087576028,0.00300162874943929,0.00403463968284244,0.00100090507012998,0.00336538661904393,0.0164651496077499,0.927753449559752
"img_02656.jpg",0.716644072019755,0.0125890095494872,0.0032417254816047,0.00358016765901358,0.00100091074871055,0.00314554882516217,0.0029136734885904,0.256884892227676
