"image","ALB","BET","DOL","LAG","NoF","OTHER","SHARK","YFT"
"img_00007.jpg",0.0438704100320536,0.0166096432305851,0.00519355311819159,0.00494577453757542,0.00100090569816539,0.00290987313150473,0.00290921265775213,0.922560627594172
"img_00009.jpg",0.896973456875934,0.0420324729123042,0.0028996225116944,0.00312049817422501,0.00100089310638906,0.0459041644059512,0.00309755159974844,0.00497134041375369
"img_00018.jpg",0.884168513737576,0.0339176456565256,0.00338426852518826,0.00929467670312152,0.00100104933541499,0.0585394234625252,0.00293216078297208,0.00676226179667616
"img_00027.jpg",0.0744905382408156,0.0231747380776908,0.00494843370439604,0.00335002496208951,0.0010071737715033,0.0961162594411589,0.0117583162550213,0.785154515547325
"img_00040.jpg",0.148858072223499,0.00846194402120921,0.0030400984621675,0.00325925923475012,0.00100750719059259,0.00801307274701611,0.783928866922909,0.0434311791978571
"img_00053.jpg",0.937577070990511,0.010626584052918,0.00616660110435252,0.00382224050021353,0.00100715774238984,0.0296055830392501,0.00306912186187567,0.0081256407084899
"img_00071.jpg",0.00348142342046663,0.000486294350759356,0.000291289383438397,0.994631104416919,9.95516824537868e-05,0.000406010141815614,0.000286133807557299,0.000318192796590257
"img_00075.jpg",0.819850502223595,0.0204775589118864,0.0032148548165177,0.00582410115153308,0.00101366155918524,0.141604867008807,0.00440869240473596,0.00360576192374011
"img_00102.jpg",0.284563929138152,0.0158680608945566,0.00384395940892751,0.00316841413202112,0.00100148089320797,0.0242142980343472,0.00618753973405792,0.66115231776473
"img_00103.jpg",0.837556843454223,0.0243899405358904,0.075317520060008,0.00327985977142879,0.00100089172354042,0.0237132536155596,0.00289479374214817,0.0318468970972014
"img_00109.jpg",0.977540757611583,0.0029403477859863,0.00287687840747103,0.00287665016090733,0.00100094131514959,0.00396923124381042,0.00314058240760453,0.00565461106748819
"img_00120.jpg",0.506505093312316,0.0140800431039477,0.00369931492192404,0.00379129144324678,0.00100291651238564,0.0149343631138261,0.0957490596111236,0.360237917981231
"img_00125.jpg",0.787265878352702,0.00712043779179579,0.0055440478045271,0.0106130310408872,0.00100096096470496,0.0213877665981294,0.00557397061908147,0.161493906828172
"img_00128.jpg",0.0103018691566186,0.0773016836166312,0.329236116361386,0.00290508481741927,0.00100155365153752,0.00461987319232109,0.00355906159884452,0.571074757605242
"img_00129.jpg",0.156844157455627,0.00807066445715757,0.00388686759623214,0.00357659316334284,0.00100857140769569,0.00783411609740487,0.787476450834772,0.0313025789877677
"img_00138.jpg",0.806899301255726,0.16613215739367,0.0049172976286205,0.00568140254372178,0.00100240943973785,0.00681237017917687,0.0034190703894593,0.00513599116988785
"img_00141.jpg",0.0048240382389945,0.00505832450223151,0.00723097611533428,0.00287537541754949,0.00100087265006481,0.0032929164144118,0.00287537802254151,0.972842118638872
"img_00152.jpg",0.027641578813419,0.00993031265527804,0.00343336153834627,0.0029976565718012,0.0010021581245353,0.0048668478294004,0.00497143857755941,0.94515664588966
"img_00161.jpg",0.00439579073736262,0.00285150212744919,0.00285150245016207,0.00285150211351822,0.00100084878204575,0.00289238506499763,0.00285150211516932,0.980304966609295
"img_00170.jpg",0.0173537099975682,0.000510926984683125,0.000328510679422168,0.968186283929999,9.69987680619915e-05,0.00152940593669209,0.000304183356693564,0.0116899803468794
"img_00171.jpg",0.548094157867133,0.0178198405431279,0.0377427613024089,0.049222631735956,0.00100918831413526,0.330439186063901,0.00359054744574708,0.0120816867275911
"img_00175.jpg",0.54035835465125,0.0121004398773279,0.010139607471499,0.0214245737410009,0.00100344269817149,0.400836472324782,0.00358882591172388,0.0105482833242447
"img_00180.jpg",0.0158541079451594,0.00388834829808993,0.0044412752956844,0.00407007653644176,0.00100153239991735,0.00432534618420922,0.00445243910781743,0.961966874232681
"img_00212.jpg",0.142236767373474,0.00343755635421012,0.00291550427599584,0.0146733339390297,0.00100086229075968,0.00346735315859188,0.00287946674226919,0.82938915586567
"img_00223.jpg",0.843070581634247,0.007416476932687,0.0909782690928543,0.00792461767919703,0.0010010038443991,0.0266259021554761,0.00423414751069488,0.0187490011504447
"img_00230.jpg",0.835294064468626,0.0569189115244156,0.00293557380111134,0.00305640045513445,0.00100089981253515,0.0684873747794549,0.00290500213160007,0.0294017730271226
"img_00232.jpg",0.00505420116647464,0.003223037191184,0.00288588263776266,0.00292880446858227,0.0010008830326242,0.0053022366954113,0.975561900181413,0.0040430546265482
"img_00244.jpg",0.764973864402969,0.0321222753750731,0.0034474010269293,0.00351003484794434,0.00100094869899025,0.0773873211935946,0.00351426692510295,0.114043887529397
"img_00280.jpg",0.960544968493381,0.00311636065299142,0.00537018575387038,0.00293253156503578,0.00101707473267955,0.00444542688554626,0.00340263779942912,0.0191708141170668
"img_00282.jpg",0.660033470805315,0.0205968611261718,0.0197866075405696,0.0610686807232826,0.00100760571255338,0.219485636288966,0.00484471696097446,0.0131764208421666
"img_00285.jpg",0.638636432639145,0.0122983207326788,0.00458223772647755,0.00318028962734284,0.00100905025918452,0.00802304204675465,0.0140156417534509,0.318254985214966
"img_00292.jpg",0.596596132863087,0.0672661545276923,0.00375693730860422,0.00474331232132084,0.00100750306833268,0.088372613372297,0.0147594856016392,0.223497860937026
"img_00302.jpg",0.177886552073796,0.00798465502058983,0.00304367636434162,0.00324830845890087,0.00101681001843259,0.00832116448868985,0.765765548996097,0.0327332845791531
"img_00311.jpg",0.981479862504615,0.00287858181294968,0.00284975295286926,0.00285108454815577,0.00100161746857255,0.00284986062946459,0.00284974594054961,0.0032394941428239
"img_00320.jpg",0.979123957720591,0.00411453724703146,0.00286612783818384,0.00286612746400742,0.00100130467676242,0.00383524914327155,0.00286612747055911,0.00332656843959284
"img_00331.jpg",0.8732607363505,0.00461002492677392,0.00302928326163123,0.00293354918968325,0.00100507860424805,0.0167562855682558,0.00696359409135181,0.0914414480075559
"img_00358.jpg",0.35743436972725,0.0102888955534433,0.00294673884649872,0.00294654558467194,0.00100134486832719,0.0233974313349111,0.0154564764358254,0.586528197649073
"img_00374.jpg",0.762842376867744,0.0289908399223476,0.00312753221441339,0.00337084158811646,0.00100092345308147,0.00443731619094533,0.0029299270725611,0.19330024269079
"img_00375.jpg",0.0560002412785908,0.0358927582263421,0.836662324679262,0.0104433397188708,0.00100154744031321,0.0245693835845822,0.00707852575103943,0.0283518793209998
"img_00376.jpg",0.945799986004573,0.00694706604651499,0.00706321393494692,0.00295762999824902,0.00100216856103502,0.0130902456010008,0.0130981792855076,0.0100415105681724
"img_00380.jpg",0.965205310409187,0.00561593280329751,0.00345673409982416,0.00374756592234795,0.00100127651490742,0.0132783354048763,0.00291784965746498,0.00477699518809448
"img_00383.jpg",0.977963942724282,0.00551699501965761,0.00285523654221779,0.00286358498052636,0.00100095947223552,0.00339735539989388,0.00285523776287629,0.00354668809831016
"img_00398.jpg",0.961298282629457,0.00445354012564339,0.00287182090352193,0.00287203161634035,0.00100281870250821,0.00298525904805741,0.00287200471653516,0.0216442422579367
"img_00407.jpg",0.966864203217087,0.00407459759292086,0.00356309465292572,0.00494012356803605,0.00100092486572382,0.00704903913758451,0.00288710738154136,0.00962090958418097
"img_00417.jpg",0.0666363330907173,0.00404855849204977,0.00284624302592578,0.00835974179288604,0.00100084272507694,0.0028473344423931,0.00284652363439425,0.911414422796557
"img_00442.jpg",0.00347806383648227,0.00296784793180337,0.00284407768966823,0.00284407761421268,0.0010008413454634,0.00291671202713364,0.00284408660284232,0.981104292952394
"img_00446.jpg",0.952579976554081,0.00611370437129764,0.00312848858640501,0.00554208374985824,0.0010016052011039,0.0157410403910495,0.00308987436463125,0.0128032267815733
"img_00469.jpg",0.945881793814517,0.00564069091525815,0.00349604643692954,0.00292933974592336,0.00100145939487197,0.00893768079868239,0.00336235717058586,0.0287506317232313
"img_00473.jpg",0.970698627799806,0.00513888613638503,0.00288628426797649,0.00288972235180752,0.00100275576852311,0.00291025093881712,0.00288587793924976,0.0115875947974347
"img_00483.jpg",0.957431220625772,0.0218970244813527,0.00287898749571817,0.00287913590512663,0.00100093344383638,0.00368386800928464,0.00293223446563581,0.0072965955732739
"img_00484.jpg",0.174883892091455,0.0545140292539238,0.00604181898966623,0.0158990476781164,0.00100096716686305,0.00844818009239105,0.00317338453205736,0.736038680195527
"img_00486.jpg",0.94704537231795,0.0143613209683543,0.0139390695007962,0.00657392308889039,0.00100746754766507,0.00395193308072297,0.00426706894549995,0.00885384455012132
"img_00518.jpg",0.828828581846704,0.00515630621486883,0.00296761568684808,0.0031144010913191,0.00102195589542621,0.00294914590753673,0.00305760843717009,0.152904384920127
"img_00533.jpg",0.331283100656949,0.0103909323545215,0.00366457740068332,0.00311022315873394,0.00100215081106889,0.0492840190637409,0.0115957270205733,0.58966926953373
"img_00538.jpg",0.835628574161153,0.0637808670486022,0.00309391271770589,0.00313118621980452,0.00100093001106379,0.00536920754019828,0.00292857855218447,0.085066743749288
"img_00543.jpg",0.98134673979027,0.00285147248255074,0.00284916396370736,0.00284924904871614,0.0010011119850758,0.00288854519023435,0.00284916006605221,0.00336455747339349
"img_00550.jpg",0.346175370434985,0.025544904363941,0.0520653187396554,0.0209439386745547,0.00106613882550684,0.527310328539261,0.00531411956903799,0.0215798808530574
"img_00551.jpg",0.82162312186717,0.00454582875676768,0.00377517827880268,0.0055810055275181,0.0010020258054974,0.0483039774938738,0.0232323911699841,0.0919364711003858
"img_00575.jpg",0.908365743506735,0.00493070375814809,0.00313925172477371,0.00317296623088495,0.00100813205829206,0.0103368558072481,0.00726092956051206,0.0617854173534057
"img_00582.jpg",0.93697744814963,0.0156984195262786,0.00435102277716109,0.00361515977006546,0.00103731629469732,0.0200128848520487,0.00361297971745793,0.014694768912661
"img_00584.jpg",0.959809943665437,0.00318113433278311,0.00479754017452766,0.0048920355587489,0.00102850793492849,0.0188238190867903,0.00308035081741255,0.00438666842937234
"img_00587.jpg",0.0494908913506449,0.0125337773262306,0.00414862582675718,0.00302891865599807,0.00100262181681764,0.0272025047316245,0.013702987132563,0.888889673159364
"img_00590.jpg",0.117453109061715,0.0940897494397428,0.00917238850717401,0.00320799920936369,0.00100317851179196,0.0114245835572717,0.019082180589297,0.744566811123644
"img_00591.jpg",0.0461319699252149,0.00457147611375444,0.00294385730398271,0.00289148275577959,0.0010008886401303,0.0167655945038927,0.00348268016060189,0.922212050596643
"img_00598.jpg",0.954209997660352,0.00548320165410863,0.00397260288906993,0.00989187231050308,0.00100535972826798,0.0131434680630568,0.00392789525910123,0.00836560243554036
"img_00599.jpg",0.598512555431084,0.0169249636620508,0.00615526150022348,0.00380791482392861,0.00100507625917749,0.00723925589638609,0.0245453319546081,0.341809640472542
"img_00612.jpg",0.873389307260678,0.00322946793429311,0.00347750045147682,0.00315757530624387,0.00100741372810145,0.081578292594371,0.0120866386074829,0.0220738041173528
"img_00620.jpg",0.884425016831382,0.00741589184402588,0.0568252658718737,0.00385010861380767,0.00100308358821579,0.0282547827451871,0.00365597884089082,0.0145698716646167
"img_00642.jpg",0.00343264680659374,0.00100268870166302,0.000319580349020625,0.99398773574278,9.94858736201665e-05,0.000501263679763857,0.000286156431128006,0.000370442415430417
"img_00646.jpg",0.0269781480889393,0.00397581173837771,0.00685236285626257,0.00285714376319369,0.00100085405096853,0.00392172658810259,0.00290948006536428,0.951504472848791
"img_00648.jpg",0.981362077894616,0.00288083007758863,0.00285159700910997,0.00285184630237424,0.0010014673902298,0.00289940055742129,0.00285159814890075,0.00330118261975955
"img_00650.jpg",0.10097456082292,0.0136850329982638,0.00556317872183035,0.00491438167771875,0.00100561315383259,0.720735265213329,0.143452598185189,0.0096693692269159
"img_00664.jpg",0.900517335109518,0.0255185223188948,0.00302076288589923,0.00292783370146313,0.0010010321248622,0.00449600417117781,0.00415820067075267,0.0583603090174324
"img_00697.jpg",0.00344766872283811,0.00284186802813001,0.00310841395745087,0.00284186311593429,0.00100083916014448,0.00284186312018618,0.00284187198960892,0.981075611905707
"img_00708.jpg",0.774312903544006,0.0143311898396288,0.00490592557618626,0.00611129999162598,0.00100507895970957,0.102172168258303,0.0509480387724499,0.0462133950580907
"img_00716.jpg",0.0858168880363363,0.0624920284550252,0.00612230830480266,0.00541866745106888,0.00100390366954907,0.729111969649654,0.0205364979758409,0.0894977364577235
"img_00717.jpg",0.746757593723486,0.038034304665453,0.0045250762573054,0.00642265067790158,0.0010009562033184,0.186947208297318,0.00967942604511853,0.00663278413009912
"img_00718.jpg",0.964242431710001,0.00289031002116379,0.00316530783167414,0.00351618594646336,0.00100087435882934,0.00943546868998786,0.00287715968263782,0.0128722617592425
"img_00724.jpg",0.070304218021145,0.0035307961999013,0.004445880913168,0.00364002231820635,0.00100913192116723,0.0164556970411182,0.22594373830277,0.674670515282524
"img_00726.jpg",0.981135206396307,0.00296023153900702,0.0028509738618095,0.00285097350024568,0.0010008482396567,0.00300232712227171,0.00309813336072645,0.00310130597997559
"img_00730.jpg",0.0165224671999771,0.00497009508976957,0.00335446022328737,0.00291425458274771,0.00100115353480505,0.00487428733954985,0.00757755956379053,0.958785722466073
"img_00757.jpg",0.955025602355882,0.00370847253207332,0.00402739739043462,0.0107286429981848,0.00100152173671625,0.0154057584271795,0.00310588774691512,0.0069967168126147
"img_00760.jpg",0.00644775911902079,0.000728365746529797,0.00030162311138056,0.991002626244121,9.92773983904752e-05,0.000582188092781314,0.00032368489446314,0.000514475393313298
"img_00764.jpg",0.00347761814893203,0.00443511319535788,0.00533376544459575,0.00286171318349502,0.00100085902763505,0.00286177200177041,0.00286170180824094,0.977167457189973
"img_00765.jpg",0.0703438093514423,0.479046209665349,0.00341092464596345,0.019105209289892,0.00100139258180626,0.268391297340333,0.00765751348810686,0.151043643637107
"img_00772.jpg",0.0756502294430572,0.00518792088210495,0.334183789482287,0.00288960103906453,0.00100088738429082,0.0384178242601345,0.00381070714106723,0.538859040367994
"img_00777.jpg",0.73632598985497,0.0235169830178193,0.0048906343052892,0.0030356192155561,0.00100538500290862,0.212007107283674,0.0162070847343053,0.00301119658547778
"img_00780.jpg",0.00463972786332469,0.00331096459062072,0.00607296921056883,0.00288250547023285,0.00100087954317785,0.0146178776210238,0.0159120959117171,0.951562979789334
"img_00798.jpg",0.902439959720462,0.0282586566188556,0.00375366211346105,0.0312829455240349,0.00100733866973127,0.00596020124669039,0.00373250978637437,0.0235647263203907
"img_00808.jpg",0.845913365724816,0.120769504064586,0.00329049687661156,0.00326502186040604,0.00100089226040013,0.00486248053881172,0.00289505916485673,0.0180031795095116
"img_00816.jpg",0.972270434757161,0.00303479176477782,0.00291010941909902,0.00288909657828965,0.00100354476322111,0.00327549005202496,0.00392508559380149,0.0106914470716253
"img_00833.jpg",0.773841238389408,0.0161002417475214,0.0052010163927328,0.00410383574629116,0.00100340174591404,0.111792760104582,0.0461164967547675,0.0418410091187836
"img_00837.jpg",0.930865079595658,0.00894087648032128,0.00359057631015474,0.00373423092614328,0.00100499785540811,0.0427800382895952,0.00306721734721419,0.00601698319550503
"img_00855.jpg",0.839683735729344,0.0188365528075447,0.0063802391156392,0.00349883486973895,0.00100606891055219,0.052851768711923,0.0102538586000289,0.0674889412552294
"img_00857.jpg",0.980234492813758,0.00414007314321496,0.00287795692301681,0.00287795684794304,0.00100279879497189,0.00293966951526479,0.00287795685052596,0.00304909511130479
"img_00858.jpg",0.959715317134556,0.00490346087024981,0.00289482653831621,0.00303291287143583,0.00100143302398943,0.0141915046945337,0.00357455017376005,0.0106859946931591
"img_00865.jpg",0.935759049329148,0.0311186737116615,0.00288609634980274,0.00288381929594498,0.00100088015533946,0.00443582279506265,0.00653546770544559,0.0153801906575951
"img_00902.jpg",0.00453239351580245,0.00301414614999214,0.00289143307309506,0.00307441900462543,0.00100099425385464,0.00513204597829077,0.977020777337856,0.00333379068648307
"img_00914.jpg",0.00344048240312998,0.00306198089363773,0.00283853837319317,0.00283853837318186,0.00100083584074543,0.00283853837319398,0.00283853837326577,0.981142547369652
"img_00921.jpg",0.836238827000131,0.003802144577726,0.00582681955404983,0.00401318070231012,0.00101530259366782,0.0666911637341856,0.0328182043524389,0.0495943574854907
"img_00927.jpg",0.115495983592956,0.0316779492433773,0.00654537411120753,0.00328844270722469,0.00100284000410007,0.0159553491800188,0.0199362310572648,0.806097830103851
"img_00943.jpg",0.926451107797004,0.0529159888530754,0.00286684268361488,0.00286704457418817,0.00100086407765883,0.00303377064043514,0.00286698372332335,0.00799739765070002
"img_00959.jpg",0.942494832955416,0.00323343436311344,0.00285967846545735,0.0028594127928116,0.00100358741343661,0.00474369838095243,0.00316874018983175,0.039636615438981
"img_00962.jpg",0.00483783192639307,0.00302794236602208,0.00589585584699104,0.0028606366755385,0.00100085790730413,0.00311187979658271,0.00286063395976759,0.976404361521401
"img_00964.jpg",0.003509618696209,0.00711097763707258,0.959705298407,0.00335033998968035,0.00100088321093875,0.00350827132766625,0.00298748172261133,0.0188271290088218
"img_00979.jpg",0.0069884255690216,0.0030455058960366,0.0148110688679324,0.00287545796281883,0.00100087271275253,0.00415133166168727,0.00289755943329721,0.964229777896454
"img_00985.jpg",0.556183827836017,0.0456045835857081,0.00367780933767071,0.00398902247015681,0.0010057556318539,0.047274155227089,0.0193432428405091,0.322921603070995
"img_00999.jpg",0.72960555118843,0.0084732861798854,0.00307499746825696,0.0029491335222108,0.00100123446245266,0.0516198101002876,0.0434052200369325,0.159870767041544
"img_01022.jpg",0.953716185645282,0.00390796180093868,0.0038873541842463,0.00495718146827922,0.00101157579219428,0.0202268517322173,0.00338913998278673,0.00890374939405577
"img_01031.jpg",0.787559050005462,0.00353308892302382,0.0106342301899047,0.00377853820695804,0.00100584129114327,0.182939721522754,0.00663609809310731,0.00391343176764681
"img_01035.jpg",0.629895951991006,0.0100667131515027,0.00489748255322756,0.0036081724857464,0.00100268565278711,0.339384833229638,0.00819215924892078,0.00295200168717138
"img_01059.jpg",0.0332737043291468,0.0135879086235061,0.00344535252155234,0.00366544590582482,0.00100124986761478,0.0410757871617228,0.00860062287271056,0.895349928717922
"img_01103.jpg",0.0149003993727117,0.0314877865737417,0.00367812331493888,0.00488243559033196,0.0010008960267659,0.00346790897654453,0.00676133151634623,0.933821118628619
"img_01116.jpg",0.892552318533107,0.0439466695580551,0.00909189151916798,0.00443629921112955,0.00100094798664513,0.030076156399892,0.00527320726486255,0.0136225095271412
"img_01134.jpg",0.818690685069336,0.00518818358701598,0.00703961904743707,0.00580679298923723,0.00100091121547329,0.0151545548019493,0.0030615049399492,0.144057748349602
"img_01179.jpg",0.971787042183111,0.00314830763810855,0.00375208149323371,0.00426178709695267,0.00100318897614161,0.0100807270651455,0.00290875372020023,0.00305811182710726
"img_01188.jpg",0.094080302146988,0.211485856058623,0.0039312279345545,0.00955418919381556,0.00100207987702067,0.485323156078551,0.0440934767242653,0.150529711986183
"img_01211.jpg",0.978763688774148,0.00526315943858029,0.00286421153012361,0.00286453809858067,0.00100262547060147,0.00286427042785989,0.00286421054750994,0.00351329571259586
"img_01213.jpg",0.864540840588599,0.0923808067507272,0.00330172224699511,0.00621845140331439,0.00100343629310329,0.0145488055368214,0.0029360110512265,0.0150699261292127
"img_01222.jpg",0.718792746434929,0.0818016073109659,0.00385899938349112,0.0106613286770841,0.00100096314465031,0.0234631113441475,0.0121105333340119,0.14831071037072
"img_01224.jpg",0.0169326804574803,0.0261238926710856,0.0862177815160722,0.00292149706736605,0.00100091862074783,0.00406435806653917,0.00322096879579884,0.85951790280491
"img_01253.jpg",0.00444593205299945,0.00283728190229186,0.00283728223603766,0.00283728173937805,0.00100083458984016,0.00283728174188559,0.00283728174256733,0.980366823995
"img_01286.jpg",0.171439813324775,0.00654216947933652,0.00344838101858712,0.00485821505159353,0.00103492125983595,0.0068105561570492,0.00307751159185651,0.802788432116966
"img_01289.jpg",0.0410842198104935,0.0272116668930545,0.00302894882720817,0.00391492639309963,0.00100104431144566,0.0253553678440056,0.00937433320630795,0.889029492714385
"img_01328.jpg",0.919610496458109,0.0549338114343899,0.00302955399378083,0.00502870817442768,0.00100144110415395,0.00679723464399315,0.00289193718382846,0.0067068170073172
"img_01366.jpg",0.520293797926307,0.0110513250759576,0.0153125849488478,0.0169453700909193,0.00100254164019635,0.419101682823772,0.00374194459166581,0.0125507529023343
"img_01371.jpg",0.964237930936871,0.00309767633501494,0.00311886779604909,0.00294523726811726,0.00102016296827332,0.00325992978339675,0.00346563180802797,0.0188545631042498
"img_01379.jpg",0.945346675664639,0.00754045180952019,0.0099886785632052,0.00359711939012451,0.00100164958847791,0.00887687372509924,0.00313879185747396,0.0205097594014598
"img_01384.jpg",0.614268877414099,0.0285125443115842,0.0585256771162143,0.0111318704675911,0.00105529893326363,0.260631445105587,0.00381251985460507,0.0220617667970558
"img_01388.jpg",0.927508317203133,0.0322122831584418,0.00312469358182435,0.00292072098872092,0.0010021016518301,0.0228940120566739,0.00292247179322211,0.00741539956615358
"img_01392.jpg",0.00368730881094652,0.0112323328874752,0.917964329291517,0.00327318805611383,0.00100109952768813,0.00318215920601976,0.00323240511224783,0.056427177107992
"img_01399.jpg",0.00477840492439437,0.928621435725156,0.00792060463983316,0.00293087231467326,0.00100088169204504,0.00451343305076037,0.00288439895565519,0.0473499686974827
"img_01404.jpg",0.971522969353135,0.00723091774096035,0.00299065690814192,0.00529694520971282,0.00100159799938528,0.00476484249139328,0.00288837817935689,0.0043036921179142
"img_01405.jpg",0.879502807888864,0.00409496849296511,0.00321878235794549,0.00560213823507174,0.00100647980213788,0.100217009895089,0.00325701867014594,0.00310079465778152
"img_01413.jpg",0.978121714773529,0.00294637087586167,0.00297930837874234,0.00351602637371975,0.00101067815251783,0.00497507676866051,0.00306495748595626,0.00338586719101306
"img_01426.jpg",0.0805911660315561,0.218972306030738,0.00364627098248163,0.00291129723149018,0.00100090817076925,0.00499967065948303,0.632499109233176,0.055379271660306
"img_01441.jpg",0.00443771812207154,0.00285111155081902,0.00298424806794214,0.00285106002505357,0.00100084834550775,0.0031062043860475,0.00285106848582062,0.979917741016738
"img_01444.jpg",0.0862443922855757,0.00463460094545509,0.00322610573570141,0.00623143920530707,0.00100094763944888,0.00997528969164409,0.00354977228479864,0.885137452212069
"img_01490.jpg",0.00486978495970127,0.00367243738986671,0.0195410628359239,0.00287384723110267,0.00100087105506742,0.00298746009081069,0.00293241791540245,0.962122118522125
"img_01495.jpg",0.689475238650882,0.00964198876297912,0.003176181235265,0.00329153609277698,0.00100089854932169,0.00921953184860362,0.00290795412863543,0.281286670731537
"img_01511.jpg",0.967350683322085,0.007991761470048,0.00431508264723184,0.00423472048167029,0.0010014148377143,0.00831569367106297,0.00350319499490439,0.00328744857528366
"img_01519.jpg",0.246999459546834,0.0225495875781698,0.00453437632599913,0.00601894503139964,0.00100360594190042,0.175165653984045,0.0936639407308874,0.450064430860765
"img_01530.jpg",0.972448632475047,0.00435052191648311,0.00298293651365963,0.00341411545055229,0.00101642736864931,0.00355333011463304,0.00295000351303394,0.00928403264794168
"img_01537.jpg",0.823161228781171,0.0039940918831498,0.00843858511587065,0.00293980698441137,0.00100820852119224,0.066201760149308,0.00340368867969415,0.0908526298852033
"img_01538.jpg",0.96483216184267,0.00503241252029272,0.00289777286173557,0.00287493049886825,0.00100091786555891,0.0127387737794223,0.00295267053924036,0.00767036009221173
"img_01543.jpg",0.979965441392837,0.00295834758921797,0.00288930432963122,0.00322303667329102,0.00100800851451598,0.00288946264523175,0.00288859745839834,0.00417780139687718
"img_01548.jpg",0.962742037495295,0.00300173688160451,0.00397793743708048,0.00291638004106074,0.0010060257154812,0.0166761017801193,0.0030104325248341,0.00666934812452453
"img_01552.jpg",0.971259487003191,0.00305470692991196,0.00285276615551965,0.0028522503508892,0.00100128556990035,0.0132476563193198,0.0028523026546918,0.00287954501657619
"img_01562.jpg",0.492446789140321,0.00908361058720991,0.00630399877175825,0.00399905863316729,0.00100556765207457,0.0196415921469845,0.10353539987668,0.363983983191805
"img_01571.jpg",0.972008285088187,0.00665677346436767,0.00286611590598406,0.00286611695725587,0.00100086340610266,0.00286659109036669,0.00318678485470282,0.00854846923303343
"img_01593.jpg",0.520981837942974,0.248408286499582,0.0056887220116123,0.00359462135784132,0.00100151042101573,0.0357779872871416,0.0220043276163037,0.162542706863529
"img_01616.jpg",0.94733160640978,0.0243232896749564,0.00293730673340175,0.00294412456357556,0.00100637528018501,0.00367124817394531,0.00310786886965247,0.014678180294504
"img_01618.jpg",0.962926071627044,0.00475769722078024,0.00289079637803182,0.0034941393203273,0.00100174311221265,0.0189504156564738,0.00291533443512027,0.00306380225001033
"img_01627.jpg",0.909777516979343,0.0566298492999936,0.00291009506823538,0.00306833274090798,0.00100090084047008,0.0154265049667659,0.00290522264435372,0.00828157745993013
"img_01633.jpg",0.927763223405919,0.00399672433861812,0.00332370257480026,0.00355063715702549,0.00100539572666953,0.0291351658510151,0.00873956940758427,0.0224855815383683
"img_01640.jpg",0.981582896563209,0.00285860661959252,0.00284564504516965,0.00284567702041757,0.00100152555657758,0.00286278761183107,0.00284564299445891,0.00315721858874409
"img_01646.jpg",0.971673501541098,0.0071997021055023,0.00288597684687865,0.00291729139129045,0.00100095225581679,0.0064905094921961,0.00288613475405123,0.00494593161316687
"img_01649.jpg",0.948897554381918,0.0097248480132245,0.00403502526409662,0.00563639663377839,0.00104950892374087,0.012607322899149,0.0133598964597188,0.00468944742437415
"img_01669.jpg",0.00524830124502943,0.00104071794615675,0.000322699549063529,0.991727650381514,9.94100178438533e-05,0.000591760900976967,0.000370698684661873,0.000598761274753939
"img_01681.jpg",0.0912960544171896,0.00311635164110799,0.00294035945190384,0.00291878657524072,0.00100339681749025,0.00635074208757234,0.00430866763663102,0.888065641372864
"img_01684.jpg",0.930399498503723,0.0135821620650868,0.0030723741619603,0.00783365018310352,0.001000933823489,0.0155246919719711,0.00293709686228982,0.0256495924283761
"img_01687.jpg",0.67934581691752,0.00404422942951567,0.00366663342640468,0.0029204142470069,0.00100094393757756,0.00353505955330244,0.00545354117074516,0.300033361317927
"img_01688.jpg",0.0391927979168968,0.0306472812360464,0.00307610068359655,0.00410892061001486,0.00100103957382928,0.0234658739102087,0.00805334674967626,0.890454639319731
"img_01689.jpg",0.00645155599390626,0.00361110776357379,0.0121128797679918,0.00289234030083384,0.00100088953151351,0.0128237597288115,0.00385014897325363,0.957257317940116
"img_01724.jpg",0.962347041509454,0.00295271948448527,0.00535372483423779,0.00294014227242701,0.00100944861002282,0.00661823604259859,0.00354984782255226,0.0152288394242218
"img_01745.jpg",0.880376418510272,0.0588450585848163,0.0234923117567528,0.0111587191411577,0.00101837233048599,0.013940611265003,0.00421617175562533,0.00695233665588659
"img_01771.jpg",0.9453123167562,0.0161828113230673,0.00341726343541742,0.00485331801116958,0.00100116744317625,0.00695640715138542,0.00292379438323816,0.0193529214963457
"img_01773.jpg",0.498469431093717,0.00901754440129752,0.00409871649763346,0.00312928229730265,0.00100170547755059,0.00567159780158864,0.0373411582125871,0.441270564218323
"img_01824.jpg",0.876413505094085,0.00364536068565295,0.00458405547469654,0.0039179696022794,0.0010119232670716,0.0769036980264245,0.0143714772771551,0.0191520105726346
"img_01831.jpg",0.0159817941663939,0.00784859956964028,0.000362179980926071,0.969960099536661,9.71281535293218e-05,0.00174059646867358,0.00032261955376456,0.00368698257041123
"img_01834.jpg",0.0146231886222321,0.0040560903580257,0.212456198755908,0.00303584936492298,0.00100089499581076,0.0037282123281611,0.00289780057535088,0.758201764999588
"img_01847.jpg",0.280846916054812,0.0176906124488048,0.00337771456137131,0.00315219410617717,0.00100117109883248,0.0118730740721028,0.00835257987040083,0.673705737787499
"img_01853.jpg",0.0974920695324771,0.0316273851097793,0.00638879834531119,0.00358144863838235,0.00100258467188429,0.0168051505755099,0.0215709913241209,0.821531571802535
"img_01856.jpg",0.980858052803597,0.00293526728517457,0.00284711475865082,0.00284626152705975,0.0010008435359911,0.00284966711281284,0.00284627346988505,0.00381651950682889
"img_01862.jpg",0.91544370160406,0.00297873259446458,0.0108760938914029,0.00293878952714848,0.0010089922982777,0.0322789211524719,0.00351442325191729,0.0309603456802574
"img_01874.jpg",0.797765244611076,0.00394148773841591,0.00316368332141287,0.00291620965591102,0.00100288090135788,0.015589120647285,0.0109497464310009,0.16467162669354
"img_01888.jpg",0.108858876786988,0.124862812272793,0.00404728358449756,0.0159041746621891,0.00100210306432758,0.412169291089802,0.00762778028956937,0.325527678249833
"img_01918.jpg",0.00812409688057451,0.000930034971562525,0.000347610112177806,0.98799637543045,9.88945927081482e-05,0.000666568825127635,0.000449293211440866,0.00138712597595867
"img_01930.jpg",0.953289969816388,0.00515927056133565,0.00450388484621358,0.00458491393074473,0.00100137597645916,0.0248114500897625,0.00292544059692838,0.00372369418216813
"img_01932.jpg",0.855780203747314,0.00899952129591304,0.00347415424682157,0.00303577960008466,0.00100119125389179,0.00935297017339827,0.00344963712209934,0.114906542560477
"img_01955.jpg",0.00385045226716645,0.00283882964974905,0.00283882507112997,0.00283882504092115,0.00100083612521894,0.00283882503900237,0.00283882508529918,0.980954581721513
"img_01963.jpg",0.970798552537678,0.00606932132919293,0.00302664890028949,0.00296873473298321,0.00100085605493821,0.00319859715238785,0.00286941419025818,0.0100678751022726
"img_01966.jpg",0.93979797376122,0.031457828713722,0.00287005040759694,0.00287303757747087,0.00100086666321069,0.0070788347319229,0.00288675550930596,0.0120346526355507
"img_01983.jpg",0.94279712407285,0.00778601021251047,0.0118991354763437,0.00386926481006329,0.00103409949983632,0.0129329258871154,0.00369180631013713,0.0159896337311436
"img_01984.jpg",0.0788383449073778,0.00517913801308068,0.00289395504568702,0.00285762975115117,0.00100085330197613,0.00443863529124993,0.00285634609346629,0.901935097596011
"img_01995.jpg",0.0343381864208824,0.205175197495753,0.0056137792473729,0.252093318476684,0.00100173175579739,0.164268453800489,0.0119440586207166,0.325565274182305
"img_01996.jpg",0.0508545569916595,0.00949209545902931,0.00315301351471708,0.00408052431656521,0.00100141324555459,0.888383903801176,0.00690208497991959,0.0361324076913782
"img_02001.jpg",0.609490772993168,0.00505948212019256,0.00769234162767427,0.00541935318906367,0.00100367107091254,0.0819988465997709,0.101593514217679,0.187742018181539
"img_02006.jpg",0.230729306608536,0.0126543593088939,0.148407169811648,0.378507241267628,0.00100122027959871,0.0192900002985729,0.00332781544398941,0.206082886981133
"img_02066.jpg",0.96033253719087,0.00340973305666478,0.00375889976055947,0.00339960146136403,0.00100501039766488,0.0146135606463139,0.00302149400585433,0.0104591634807088
"img_02074.jpg",0.970605271221687,0.00331606145076389,0.00441551346194346,0.00442991587392605,0.00100447081966891,0.00933456798689774,0.00297859008628815,0.00391560909882472
"img_02076.jpg",0.0268370751594991,0.927665483317501,0.00335495525646096,0.00322268834218941,0.00100149542963778,0.00370607195837262,0.00290425839003769,0.0313079721463013
"img_02077.jpg",0.00335874713715802,0.000761898591392633,0.000843113899883053,0.992500722023061,9.93412353409268e-05,0.000989408741900108,0.000393325606470224,0.00105344276479419
"img_02096.jpg",0.980740969482805,0.00286825057702685,0.0028398478901274,0.00283984904772701,0.00100083716306124,0.00370744556813914,0.00284049203390264,0.00316230823721117
"img_02119.jpg",0.80532687972099,0.00561142050161894,0.124059110913771,0.00666566579981542,0.00100105355567957,0.0191980848858262,0.00476958229045583,0.0333682023318428
"img_02124.jpg",0.0230113150663956,0.00433476084322325,0.00719861996263017,0.003132380996451,0.00100643073299068,0.942057929051805,0.00461302310532817,0.0146455402411765
"img_02172.jpg",0.891103136080901,0.00433075924243043,0.00665233947995034,0.00294796750266453,0.00100886043036435,0.0177612678786225,0.00367236990168122,0.0725232994833854
"img_02180.jpg",0.944739140433983,0.0134440553809808,0.00362665125454207,0.0030873382799184,0.00100297987636657,0.0193437778015875,0.00418417349703819,0.0105718834755839
"img_02188.jpg",0.751155140481154,0.00969131676315895,0.0039152950872096,0.0033829576697251,0.00100590313174474,0.0499746277843776,0.00881309228000925,0.172061666802621
"img_02209.jpg",0.0404098248490645,0.00533926203257987,0.00689642402744655,0.0049509718186429,0.00100857236976513,0.909192025748388,0.0133189959228318,0.0188839232312815
"img_02235.jpg",0.0966175258576669,0.112214994470316,0.00859526444760507,0.471565129034058,0.00100146110523424,0.114274634202438,0.0145465807901309,0.181184410092551
"img_02252.jpg",0.980720761587113,0.00317972014779452,0.00284550576872957,0.00284544370357854,0.00100084272348719,0.00285747940514983,0.00284566688211012,0.00370457978203772
"img_02268.jpg",0.923679710878842,0.00451098089677876,0.00450319052438172,0.0378121275073761,0.00100281557601872,0.00408976019382515,0.00291009668998464,0.0214913177327931
"img_02270.jpg",0.956879902232587,0.00546637258287784,0.00864017820276313,0.00467419067040635,0.00100909037164944,0.0108688871326479,0.00369935998635795,0.00876201882071055
"img_02281.jpg",0.00401228912150093,0.000695771796749882,0.000361746962476566,0.99362461321575,9.9450601840525e-05,0.000564623857575845,0.000291100099870147,0.000350404344235998
"img_02282.jpg",0.00346687737361902,0.00284201389969773,0.00284169402622119,0.00284168492347438,0.00100083897199174,0.00315288491294724,0.0028460699509129,0.981007935941136
"img_02291.jpg",0.981446716785331,0.0032890522581691,0.00284196958216644,0.00284196935953199,0.00100083924771158,0.00289422554628922,0.00284196942938957,0.00284325779141072
"img_02299.jpg",0.77969191139465,0.0493935754057256,0.00498468460821531,0.0121590591320145,0.00100097076884171,0.0282220908442572,0.00990091323059734,0.114646794615699
"img_02305.jpg",0.0226894297973607,0.181992708152422,0.00782562494307655,0.265014500668455,0.00100408700212609,0.0561997886306959,0.0143151324222834,0.45095872838358
"img_02307.jpg",0.652041698241074,0.0194698563278786,0.00307094895117178,0.00356407710209903,0.00101156270321283,0.0916751626059705,0.0152589198138956,0.213907774254698
"img_02309.jpg",0.98104763678617,0.00296258521328823,0.00285208085606494,0.00285216255365076,0.00100152686117268,0.0028522453211257,0.00285208285808981,0.00357967955043787
"img_02318.jpg",0.0136439508116696,0.0030063504002527,0.00289650982881599,0.00288195049612416,0.00100087876032689,0.00325200492996106,0.00297982602552765,0.970338528747322
"img_02356.jpg",0.0165130226788653,0.00342705109183755,0.004574713220149,0.00479381709228654,0.00100140860712474,0.00580222614983415,0.00517165181118544,0.958716109348717
"img_02367.jpg",0.960978728731322,0.00916620726031072,0.00308749671021897,0.0033011866357714,0.00101602469740648,0.0132565347446421,0.0038431713427055,0.00535064987762274
"img_02379.jpg",0.113552877139228,0.00333020829486856,0.00288666596855106,0.00288683754161265,0.00100088391401616,0.00451496846502004,0.00550929868850471,0.866318259988199
"img_02384.jpg",0.89096751222246,0.00588650264780809,0.00359568874798411,0.00338441520607114,0.0010065702708771,0.0697607991058602,0.00632571404994312,0.0190727977489964
"img_02398.jpg",0.940945562870345,0.0123441751622617,0.00313797718586768,0.00523181357089191,0.00100091735632017,0.0195939489916277,0.00292020474165642,0.0148254001210293
"img_02400.jpg",0.92527280411035,0.00482030988627094,0.010600015243008,0.00303488764375891,0.0010009151408168,0.0459030062598362,0.00356132759503845,0.00580673412092088
"img_02406.jpg",0.00265123463369524,0.000466795724153827,0.000915087252396033,0.994086462895713,9.95028379669348e-05,0.000535786754820901,0.00040445015464008,0.000840679746613833
"img_02412.jpg",0.947053366850934,0.00300938508163772,0.00293112763728013,0.00293133430538716,0.00100852222401811,0.00353582987004293,0.00365920549340368,0.0358712285372966
"img_02422.jpg",0.773770081576588,0.0451717950517648,0.00486351940678243,0.00648789313352575,0.0010023927411461,0.0191886050779349,0.0289630106286936,0.120552702383564
"img_02486.jpg",0.964420118497003,0.00978588030854531,0.00326333902913486,0.0028795129466895,0.00100087658388281,0.00449233978188243,0.00288848463457465,0.0112694482182871
"img_02487.jpg",0.959787760149789,0.0167813013108435,0.00287835532877156,0.00287849895737873,0.00100114401841536,0.003304349545345,0.00287845342682935,0.0104901372626279
"img_02522.jpg",0.918280587382841,0.00601513921724729,0.00291046764442872,0.00340350096986566,0.00100571558886394,0.00905943142001152,0.00331717782604504,0.0560079799506972
"img_02556.jpg",0.0764664591678032,0.0125584259091202,0.00299259455258757,0.00291908470610787,0.00100092814744886,0.00338988828866938,0.00444877784844932,0.896223841379814
"img_02565.jpg",0.796482933897075,0.0042020843166922,0.00738307974925929,0.00350810325399977,0.00101382959254382,0.0521602058425977,0.0522605252155852,0.0829892381322471
"img_02574.jpg",0.212270445762148,0.00341369235231817,0.00380383082895774,0.00506766113261797,0.00107970544711337,0.00659746098776215,0.00343231691770479,0.764334886571378
"img_02602.jpg",0.948614757274541,0.0105081450966402,0.00306849348728865,0.00336922268218258,0.00100227014171342,0.015275695399215,0.00431511011080408,0.0138463058076146
"img_02622.jpg",0.660570982610729,0.00816256660035857,0.00324671774937332,0.0029459082856948,0.00100182122298587,0.00546061709257128,0.00497442227022512,0.313636964168062
"img_02625.jpg",0.051014250397392,0.00827051704252242,0.00408532561957606,0.00309256226474079,0.00100248607390639,0.899359275489096,0.00443802253261016,0.0287375605801558
"img_02636.jpg",0.842809243491857,0.0263551303604875,0.00287331699365547,0.00287245602255738,0.00100094603847412,0.00289398915950994,0.0028850370533469,0.118309880880112
"img_02638.jpg",0.946445029384622,0.0166954113967773,0.0038409456227632,0.0135752223032067,0.00100294926282298,0.00839731845283066,0.00365767024223557,0.00638545333474134
"img_02646.jpg",0.0146087737876971,0.00453616106784147,0.00313779168775039,0.00344471529342626,0.00100087085277934,0.00401167490842403,0.00937928021730991,0.959880732184772
