"image","ALB","BET","DOL","LAG","NoF","OTHER","SHARK","YFT"
"img_00007.jpg",0.0912217586666741,0.0303005395517264,0.00751301503547644,0.00704064549448802,0.00100094767571051,0.00295081664182519,0.00295129175591363,0.857020985178186
"img_00009.jpg",0.702833528561762,0.0735299090766276,0.00292465065352284,0.00330550085949425,0.00100090687460686,0.206068379106773,0.00331244955519793,0.00702467531201581
"img_00018.jpg",0.883424766066291,0.0551157068850689,0.00338363042596263,0.0153429733649003,0.00100118474190864,0.0276424430073304,0.00294705786880226,0.0111422376397357
"img_00027.jpg",0.219783472043282,0.0334003757619882,0.00718403705488848,0.00369010636453329,0.00101050455511413,0.322132228872994,0.0191108899757532,0.393688385371447
"img_00040.jpg",0.139104775998576,0.0137979350096379,0.0030601110378236,0.00354664309092302,0.00101128221405772,0.0110895971724869,0.777669436858936,0.0507202186175582
"img_00053.jpg",0.846148163631179,0.0159672124573476,0.0054260557838851,0.0047558318619444,0.00101349675532167,0.104604092416815,0.00324758792025438,0.0188375591732527
"img_00071.jpg",0.067173314779316,0.00694366878522881,0.0030218690339748,0.910050052754079,0.00100094833709222,0.00532880369936951,0.00291819051050033,0.00356315210043887
"img_00075.jpg",0.881420865040315,0.0270333964581056,0.00356920919516773,0.00884864195626467,0.00102678016836014,0.0671138420429327,0.00598015516831167,0.0050071099705426
"img_00102.jpg",0.503025028289531,0.0137954462659805,0.00473306645330139,0.00315546917725877,0.00100200485096921,0.020090959780098,0.00884217160469611,0.445355853578165
"img_00103.jpg",0.662414318945977,0.0147565576210986,0.198119259652654,0.00293642817823481,0.00100090435888907,0.108307303854029,0.00290847542687644,0.00955675196224096
"img_00109.jpg",0.968992947438686,0.00571636659250249,0.00290051844180255,0.00289890101860859,0.00100103060754097,0.00768144002646098,0.00345895375545249,0.00734984211894615
"img_00120.jpg",0.766207996292394,0.0203345719977999,0.00443262274279694,0.00462013081869155,0.00100487807782842,0.0199444896454181,0.074077723697928,0.109377586727143
"img_00125.jpg",0.716929801049622,0.0135783941564431,0.00812427617938486,0.00341628625316615,0.00100096101144401,0.0955134310224056,0.0065369803639432,0.154899869963591
"img_00128.jpg",0.0130060689851548,0.0238449595599193,0.470937911551608,0.00294771764968601,0.00100224856081409,0.00517930404275034,0.0042616523045902,0.478820137345478
"img_00129.jpg",0.137214887896545,0.0132281635903677,0.00455162306886492,0.00419702917521256,0.00101299882966955,0.0113447396115111,0.779809036762085,0.0486415210657442
"img_00138.jpg",0.316759350670127,0.649637613585854,0.00686485434009998,0.00841794918399617,0.00100387588616659,0.00869811269603864,0.00381435482190843,0.00480388881580937
"img_00141.jpg",0.00681282482921721,0.00728076583708497,0.0116209413510596,0.00291537318242857,0.00100091256130079,0.00375047545082608,0.00291540331581997,0.963703303472263
"img_00152.jpg",0.0375933024998403,0.00657373884648515,0.00399858804261796,0.00313862261036586,0.00100346543532044,0.0055742355234607,0.00347688438285237,0.938641162659057
"img_00161.jpg",0.00595625095826126,0.00286762407093277,0.00286762397617099,0.00286762397048732,0.00100086487350974,0.00294939118805263,0.00286762665781677,0.978622994304769
"img_00170.jpg",0.143351481529359,0.00355306055879461,0.00390077249188733,0.789090699246017,0.00100275118918948,0.0243429378019069,0.00331433447245692,0.0314439627103878
"img_00171.jpg",0.710062658094453,0.0193171732758582,0.0273069998821278,0.049450338805925,0.00101257665215957,0.159235629009479,0.00799900032862573,0.0256156239513714
"img_00175.jpg",0.539969878656314,0.0105066574429377,0.0107650505145674,0.0217302501641316,0.00100575743603457,0.406533195793213,0.00330175972699063,0.00618745026581096
"img_00180.jpg",0.0288910512690473,0.00494279032325488,0.00604941684151806,0.00530649993155446,0.00100223308890636,0.00581739640637101,0.00607176008639535,0.941918852052953
"img_00212.jpg",0.543823380726957,0.00390503262483308,0.00289154180128634,0.00330793114480197,0.00100088864726891,0.00398900833774037,0.00289149491012005,0.438190721806993
"img_00223.jpg",0.847207497636515,0.00796948207731316,0.0813802403318777,0.00923939313739259,0.00100103998617529,0.0368114173816854,0.00549752280131587,0.0108934066477249
"img_00230.jpg",0.682813089817175,0.158957776243617,0.00292281968856402,0.00323027963310635,0.00100091116341078,0.130046452950406,0.00291783719604354,0.0181108333076776
"img_00232.jpg",0.00766206245557379,0.00587700975901038,0.00293647362490442,0.00302479060085133,0.00100093659045664,0.00778260016577227,0.966251548868212,0.00546457793521968
"img_00244.jpg",0.784196901964314,0.0404548648544436,0.00402699829567873,0.00446736031107673,0.00100098167039163,0.078082915856129,0.00412190226655973,0.0836480747814068
"img_00280.jpg",0.941191206850671,0.00303024321816756,0.00788148807161666,0.00299684009821949,0.0010335610387216,0.00344936322131942,0.00387361444656555,0.0365436830547187
"img_00282.jpg",0.746861746736303,0.0210677048274973,0.0127055488194587,0.0527885127008158,0.00101147008277354,0.15251237985165,0.00388708313159652,0.00916555384990521
"img_00285.jpg",0.621731301460324,0.0212582455715663,0.00625940688602795,0.00343267530718568,0.00101730436302742,0.0131760470630393,0.0205154643066344,0.312609555042195
"img_00292.jpg",0.641652466007697,0.137618886472192,0.00368604467950096,0.00456704080120423,0.00101130466646693,0.0418021709130447,0.0112682059710545,0.158393880488839
"img_00302.jpg",0.162100915690786,0.0123054203001205,0.00304188819121666,0.00348178707200851,0.00101742110272875,0.00978949486840263,0.77024119923654,0.0380218735381974
"img_00311.jpg",0.981122755198634,0.00288214210109838,0.00286412758419563,0.00286508052316762,0.00100240347298737,0.00286432434298108,0.00286412589461746,0.00353504088231839
"img_00320.jpg",0.976243301510262,0.00539758727934326,0.0028970270716828,0.00289690301049076,0.00100177703594813,0.00482634068147663,0.00289690473505981,0.00384015867573622
"img_00331.jpg",0.922438998429918,0.00609644537646763,0.00316986933570056,0.00298470992771074,0.00100931336203856,0.0224939464387083,0.01068534597441,0.0311213711550464
"img_00358.jpg",0.715555026384742,0.0198647315773973,0.00297692466405298,0.00297476031397472,0.00100178100826724,0.0396107889180919,0.0214148188209783,0.196601168312496
"img_00374.jpg",0.646053601499603,0.0389487788189167,0.00334094132711966,0.00382284184771237,0.00100093537311917,0.00557693016866142,0.00294874664629622,0.298307224318572
"img_00375.jpg",0.0661704020831769,0.0356798759874056,0.822754984187404,0.00800302785863135,0.00100205049853046,0.0305595391507766,0.00643514655014255,0.0293949736839323
"img_00376.jpg",0.911550744386783,0.0106458757820124,0.0112183740555822,0.00299348003332892,0.00100342112781008,0.0267797406145177,0.0202418719105784,0.015566492089387
"img_00380.jpg",0.955909491703708,0.00773363178259597,0.00402031789648196,0.00460351962589847,0.00100166397428842,0.0200301840874991,0.00294279428771398,0.00375839664181441
"img_00383.jpg",0.977970019967066,0.00411861001648392,0.0028750976065835,0.00287983843780094,0.0010010864122471,0.00395947258006544,0.00287509758923563,0.00432077739051707
"img_00398.jpg",0.927441589440311,0.00598637921516978,0.00290681000737193,0.00290707608714637,0.00100481100864873,0.00299776744129683,0.00290683161770381,0.0538487351823512
"img_00407.jpg",0.954107995125095,0.0141183455403067,0.00428970114635175,0.0070426673221055,0.00100101704351526,0.0112520055758555,0.00293881794181339,0.00524945030495659
"img_00417.jpg",0.150623850511573,0.00441501271983726,0.00309218844750999,0.0402597090047779,0.00100085419175612,0.00285758526106716,0.00285580670232102,0.794894993161157
"img_00442.jpg",0.00412067920386662,0.00310027399648535,0.00285277478724304,0.0028527747911046,0.00100085006569737,0.00299804380069236,0.0028527904784461,0.980221812876465
"img_00446.jpg",0.923725679650579,0.0100088303470973,0.00336534803371403,0.00819599454574802,0.00100232222359271,0.0248895096339271,0.00328810220404561,0.0255242133612963
"img_00469.jpg",0.876627692053871,0.0157110574037496,0.00415741192994997,0.00325827012256645,0.0010020380141305,0.0149022368137096,0.00402556264823803,0.080315731013785
"img_00473.jpg",0.952395552459082,0.0130574828470153,0.00292802346680558,0.00302044850263543,0.00100467339750355,0.00300376178818311,0.00296255150040023,0.0216275060383751
"img_00483.jpg",0.789386471845491,0.184539251938953,0.00291639643243414,0.00291655460320412,0.00100102799320627,0.00452179368210475,0.00302280178044604,0.0116957017241612
"img_00484.jpg",0.16764611908324,0.0596834812978873,0.00485765567902992,0.0089405783956118,0.00100095240384293,0.00930378043877094,0.00343796005630281,0.745129472645314
"img_00486.jpg",0.829413739621763,0.126312282811581,0.0174384267155537,0.00945624339519351,0.00101406301346937,0.00499656945120404,0.00500162373725592,0.00636705125397939
"img_00518.jpg",0.96307170935383,0.0030253557111535,0.00303776491422691,0.00302984857152956,0.00104398900143883,0.00302256081746356,0.00302184635310764,0.0207469252772501
"img_00533.jpg",0.624190219637448,0.0237271085867964,0.00799405276348734,0.00397734894572463,0.00100339747069767,0.0143841531933351,0.0155074590221087,0.309216260380402
"img_00538.jpg",0.636611642808187,0.1867205553746,0.00319419109506584,0.00316221634508975,0.00100095719786863,0.0257746209847101,0.0029487320032473,0.140587084191231
"img_00543.jpg",0.980704936728689,0.00289522750301596,0.00286296392535654,0.00286353750046335,0.00100139145211721,0.00294171626113814,0.00286294735869501,0.00386727927052509
"img_00550.jpg",0.499885811801003,0.0234808082552797,0.040437857068255,0.0131358101494053,0.00104860167642539,0.38977098644785,0.00716313778543363,0.025076986816348
"img_00551.jpg",0.929605649137565,0.00304095764735184,0.00469372417411503,0.0083146105193636,0.00100320488341947,0.0316522639595286,0.00359808641897003,0.0180915032596869
"img_00575.jpg",0.909791336889266,0.00782659365932987,0.00343824143788045,0.00350667633291622,0.00101552941397413,0.0189363193236849,0.0117480299761249,0.0437372729668234
"img_00582.jpg",0.942286165121884,0.00489951343534509,0.00583845494290178,0.00431548338067511,0.00107375469157022,0.0316893218930245,0.00431779681629767,0.00557950971830162
"img_00584.jpg",0.811704775250947,0.00350676927283786,0.0180042552197503,0.00700187045495154,0.00105349256711022,0.142608369396856,0.00325406069113552,0.0128664071464122
"img_00587.jpg",0.0728075151795989,0.0202809927840241,0.00543919093293103,0.00319482039908385,0.00100438990589585,0.0516240041552954,0.0245815896682523,0.821067496974919
"img_00590.jpg",0.140306301898539,0.0335045059137444,0.0139675156742515,0.00344588852845851,0.00100539849139808,0.0169362868892096,0.0285456426531795,0.762288459951219
"img_00591.jpg",0.409088594228218,0.00673491749034304,0.00324963888289643,0.00294621222290246,0.00100093722887188,0.0431220225489607,0.00444282732954768,0.52941485006826
"img_00598.jpg",0.906694364909286,0.0279636716858634,0.0050408623849178,0.0169778106069055,0.00100984746954152,0.0235392085351416,0.00496428089314122,0.0138099535152026
"img_00599.jpg",0.840185025273551,0.033216747433659,0.00934825164155089,0.00465093905334771,0.00100921629050992,0.00911293320816763,0.0264875298300202,0.0759893572691932
"img_00612.jpg",0.881357766079448,0.00347869620778549,0.00398247212690591,0.0033416884244685,0.00100889431309228,0.0562985837590278,0.0128964695183908,0.037635429570881
"img_00620.jpg",0.764958696900072,0.0226283606916105,0.162373389064378,0.00478554153063325,0.00100525047720072,0.0303991711962566,0.00438509404349318,0.00946449609635588
"img_00642.jpg",0.0662252885007057,0.0173296330679433,0.00359442693913147,0.897083304291522,0.0010009198347828,0.00724916254070512,0.0029223678464091,0.00459489697880029
"img_00646.jpg",0.00642349073626659,0.00429477910821576,0.00625870928061405,0.00287804671673112,0.00100087515344056,0.00490041247058047,0.0029157308678434,0.971327955666308
"img_00648.jpg",0.980138488854754,0.00353119063657554,0.0028678332673299,0.00286820042035272,0.00100210292067861,0.00296317714390082,0.00286783203961654,0.00376117471679206
"img_00650.jpg",0.107745169712681,0.0132296756968828,0.006508810161484,0.00685946546099353,0.00101028503674526,0.564417475148291,0.292650165603421,0.00757895317950102
"img_00654.jpg",0.869832403396778,0.0144758691044081,0.0186687284363423,0.00739464060561162,0.00104368718217631,0.0177011014144248,0.0123727327010132,0.0585108371592458
"img_00664.jpg",0.940912391803475,0.0242121661815908,0.00316677473658027,0.00294307593935725,0.00100115444588026,0.00560013839999179,0.00540408013783817,0.016760218355286
"img_00697.jpg",0.0040599534254079,0.0028483458224134,0.00338142041522596,0.00284834556104177,0.00100084563740087,0.00284834556098687,0.00284834571714615,0.980164397860377
"img_00708.jpg",0.795847092059287,0.0240637537587099,0.00679835943286329,0.00732828726838454,0.00100858769925222,0.10119307356431,0.0312562245977666,0.0325046216194269
"img_00716.jpg",0.191747180376674,0.0419457734342067,0.00540592345843891,0.00546797085556517,0.00100641444762022,0.694241748663011,0.0291481278906485,0.0310368608738354
"img_00717.jpg",0.748777371835905,0.132219543826617,0.00308269146856553,0.00988360422604101,0.00100095363353086,0.090393157139736,0.00738587846449475,0.00725679940510919
"img_00718.jpg",0.947573443399696,0.0029784303306737,0.00349533438390367,0.00419711991852649,0.00100091601474232,0.0165067264003873,0.00291945364227344,0.0213285759097973
"img_00724.jpg",0.057438968155745,0.00394204839158878,0.00582717452383703,0.00315096767058485,0.00101077332501562,0.0214830312167396,0.111966844000655,0.795180192715834
"img_00726.jpg",0.97990725035198,0.00289158119617966,0.00286657357307249,0.00286657264485016,0.00100086378919522,0.00304607946091311,0.00336500586668011,0.00405607311712967
"img_00729.jpg",0.949088487997533,0.0278828561323001,0.00328523171042948,0.00332547591095916,0.00112902252164312,0.00484502068658938,0.00630880449000739,0.00413510055053882
"img_00730.jpg",0.37321683271335,0.0070980237689033,0.00394418901108595,0.00327035481224337,0.0010014499951571,0.00804000373762946,0.0137525083427599,0.589676637618871
"img_00757.jpg",0.934178144205517,0.00468554982609405,0.00503660304744388,0.0186132644027952,0.00100219263203795,0.0223154073635819,0.00335985796786653,0.0108089805546638
"img_00760.jpg",0.127408739098338,0.0118732574981094,0.00325222619169548,0.836295634046795,0.00100274395045451,0.00891992201435503,0.00369791483826681,0.00754956236198569
"img_00764.jpg",0.00423598539892302,0.00852760998703416,0.008544749012742,0.00288888543977116,0.00100088533824116,0.00289998053204539,0.00288922239697668,0.969012681894266
"img_00765.jpg",0.0475828862387806,0.696905298262159,0.00375801627414234,0.0265246300572324,0.00100180067301383,0.149432286219382,0.0097490784451043,0.0650460038301848
"img_00772.jpg",0.151220394633397,0.0191838239222977,0.333105693228574,0.00422205415513734,0.00100088878666236,0.0285153692278218,0.00359611793317732,0.459155658112932
"img_00777.jpg",0.252175801666541,0.00838339291250462,0.00389635045306449,0.00311391632759066,0.00100663914632373,0.7203253430527,0.00813660457258749,0.0029619518686873
"img_00780.jpg",0.0068157270994109,0.00378077638159935,0.00933727877356645,0.00292932056143729,0.00100092643701626,0.0977627694054069,0.00897634636449893,0.869396854977064
"img_00798.jpg",0.854498911652413,0.0485374627349575,0.00459420237304514,0.0425934012770075,0.00101384768915817,0.00776754047305165,0.00455627375215137,0.0364383600482158
"img_00808.jpg",0.728511881700736,0.220312448432374,0.00376605651229695,0.00475834768711035,0.00100092376669742,0.00696537028194264,0.00292684966251468,0.0317581219563286
"img_00816.jpg",0.975055839130858,0.00307656840331161,0.00298407960650593,0.00294310544581995,0.00100627171389684,0.00364940921513197,0.00502071073220766,0.00626401575226808
"img_00833.jpg",0.706302282188126,0.024592451872195,0.00739842667635661,0.00526068828016185,0.00100447557336369,0.11028609519732,0.0486036150308347,0.0965519651816423
"img_00837.jpg",0.792345623367101,0.0128186882956946,0.00427788193810237,0.00457040052569182,0.00100912777103562,0.172722730554836,0.00323189712457618,0.00902365042296223
"img_00855.jpg",0.769876308122098,0.0253677918185132,0.00976401135428186,0.00405101906686261,0.00101017820815714,0.124703594297038,0.00961460333575028,0.0556124937972992
"img_00857.jpg",0.978399617381122,0.00548358630054502,0.00292070080251814,0.00292070032381771,0.00100477256687204,0.00306597755960524,0.0029207003650575,0.00328394470046227
"img_00858.jpg",0.922232980046972,0.0253782641601114,0.0029501223785994,0.00322830535761379,0.00100203362061934,0.0252072291996932,0.00492501477830393,0.0150760504580864
"img_00865.jpg",0.806429134989235,0.15969782745126,0.00295939027949419,0.00290738638439431,0.00100090023946268,0.0098173118988229,0.00369969969879068,0.0134883490585394
"img_00902.jpg",0.00654372289063208,0.00399539357592349,0.00294679533334723,0.00331423771729704,0.00100115628531575,0.00743735528359354,0.970976192589174,0.00378514632471641
"img_00914.jpg",0.00404558750457403,0.00328847810337137,0.00284169599787444,0.0028416959977772,0.00100083899277348,0.00284169599777823,0.00284169599798583,0.980298311407865
"img_00921.jpg",0.841310232141223,0.00376694319941362,0.00774153870292242,0.00315811980096198,0.00101093667725553,0.055830615950085,0.0250789409609239,0.0621026725672146
"img_00927.jpg",0.106904058060641,0.0301805458871988,0.0090089376010671,0.00359336478170164,0.00100470522363777,0.0131211717764703,0.0276793038852112,0.808507912784072
"img_00943.jpg",0.905784100827273,0.0610235904202864,0.0028877826725866,0.00288789341429372,0.00100088497481471,0.00322321701767792,0.00288799570857706,0.0203045349644904
"img_00959.jpg",0.942156158294563,0.00299150654780108,0.00288352439324844,0.00288352183469354,0.00100635744379551,0.00289663875592664,0.00308076122529554,0.0421015315046766
"img_00962.jpg",0.0779541000250084,0.0102366368278974,0.00894460576000849,0.0028858962355103,0.00100088313120523,0.00375678819458189,0.00352099322010423,0.891700096605684
"img_00964.jpg",0.00418391786134349,0.0113870036016397,0.937421743160994,0.00386535157378672,0.00100093383477866,0.00418123126493437,0.00313959791104177,0.0348202207914808
"img_00974.jpg",0.809432331676998,0.0287825920279502,0.00510228940793033,0.0052496475615407,0.00100094953412421,0.0116750667188528,0.00310110337556253,0.135656019697041
"img_00979.jpg",0.0110984402801924,0.00291556839160767,0.0267873904427661,0.0029155374045028,0.00100091268478917,0.00546700878883964,0.00295820277675165,0.946856939230551
"img_00985.jpg",0.629408801547014,0.113241397512542,0.00309898956786316,0.00491435013272876,0.00101058743876396,0.0237093034014289,0.0115552106806268,0.213061359719033
"img_00999.jpg",0.687931364734684,0.0058994489423708,0.00306975014657899,0.0029846492500597,0.00100153722242154,0.0102619362128569,0.223272841282211,0.0655784722088175
"img_01022.jpg",0.931524024959294,0.00495599492499518,0.00490971177072165,0.00707306431067699,0.00102250016419602,0.0339652543794637,0.00390370795023922,0.0126457415404127
"img_01031.jpg",0.68624283117239,0.00440420492247219,0.0166189531089186,0.00471097926623622,0.00101087990774666,0.271399979672603,0.0106829863242086,0.00492918562542432
"img_01035.jpg",0.217869059581614,0.00948513713015254,0.0065514204519142,0.00427835899281415,0.00100351486563786,0.747054220572118,0.010794216032486,0.00296407237326281
"img_01059.jpg",0.0615929305973473,0.0235119401041695,0.00400047431546937,0.00444170450760887,0.00100161297313206,0.040026342375464,0.0143146745131333,0.851110320613676
"img_01103.jpg",0.0252364279375072,0.0577836988766863,0.00442166565004394,0.00692113557072679,0.00100095973457657,0.00410050962847707,0.0124419729830391,0.888093629618943
"img_01116.jpg",0.546507654991298,0.0514609589645535,0.0035727897294685,0.00592290086796238,0.00100095163744843,0.367063198454815,0.0029742124618591,0.0214973328925949
"img_01134.jpg",0.921637386905334,0.00583080807082576,0.0112107294967877,0.00644199317368755,0.00100096754486085,0.0266626528665425,0.00372569151115383,0.0234897704308072
"img_01168.jpg",0.0105003212342125,0.0342898753093788,0.00443510561822641,0.0147620998878874,0.00100653756118731,0.902625887538775,0.0180736739828316,0.0143064988675012
"img_01179.jpg",0.965299766021704,0.00344354803258004,0.00465313826956787,0.00567493642300937,0.00100553644679103,0.0137317334718824,0.00296253709054905,0.00322880424391625
"img_01188.jpg",0.101590125278474,0.637643562473367,0.00480594007010714,0.015971198635108,0.00100317010303138,0.134840992782296,0.00534471532648776,0.0988002953311286
"img_01211.jpg",0.977388875384682,0.00591830435494834,0.0028854671172137,0.00288555921896247,0.0010025032574365,0.00288552426375382,0.00288546697626903,0.00414829942673444
"img_01213.jpg",0.733872659287058,0.198831607861317,0.00370946699250042,0.00955927110686526,0.00100599338692419,0.0356780494340853,0.00297619797729251,0.0143667539539568
"img_01222.jpg",0.685071115847991,0.0906174535081024,0.0047028268235806,0.0170751836348774,0.00100095897759271,0.0334554180154324,0.00448423476300587,0.163592808429418
"img_01224.jpg",0.0271253975422099,0.00414546435286629,0.0643498958926817,0.00295178235119015,0.00100094847822392,0.00523605418420212,0.00354763422140454,0.891642822977221
"img_01253.jpg",0.00605648923978486,0.00283918272100936,0.00283918272051396,0.00283918272048372,0.00100083649232338,0.00283918272048327,0.00283918272053028,0.978746760664871
"img_01286.jpg",0.16996249769698,0.010203231909064,0.00391799418350983,0.00340179986180798,0.00105119081263052,0.0107480549823402,0.00316459511831576,0.797550635435352
"img_01289.jpg",0.0744941449564464,0.0369952750830132,0.00315727199217995,0.00492949019000539,0.00100119081006441,0.0418192132661793,0.0158498003801427,0.821753613321969
"img_01328.jpg",0.649631887478953,0.315806525857568,0.00322376917654073,0.00722446039184283,0.00100205023646942,0.0107599951824141,0.0029484829896274,0.00940282868658364
"img_01366.jpg",0.400532306577915,0.00985029841311168,0.0130371611776827,0.0184171537245081,0.00100408730331576,0.544013333286365,0.0039426903493648,0.00920296916773674
"img_01371.jpg",0.945708752053345,0.00312481853933365,0.00341345181688988,0.00305937582112408,0.00104025467877486,0.00356328243290489,0.00412067260913238,0.0359693920484954
"img_01379.jpg",0.935558543460641,0.00977766534171407,0.00779427960933546,0.00417957827198159,0.00100246720616398,0.0186103028317146,0.00341778151004698,0.0196593817684022
"img_01384.jpg",0.232424277126567,0.0107895810163606,0.02544775454207,0.0067867119781563,0.00103985841002294,0.687154625961951,0.00439382379165004,0.0319633671732221
"img_01388.jpg",0.737499639131609,0.222661854645449,0.00336129571326714,0.00295323181135062,0.00100332073167919,0.0184537629854429,0.00295355154027467,0.0111133434409281
"img_01392.jpg",0.00450985831479236,0.0196300656262194,0.853996485304831,0.00370362867879333,0.00100135886981799,0.00352747645724359,0.00362210276591018,0.110009023982392
"img_01399.jpg",0.00647485520387565,0.885347468204098,0.0129994577117474,0.00301970633771453,0.00100092384798274,0.00618581437203872,0.00292675785261291,0.0820450164699303
"img_01404.jpg",0.960705315457707,0.0116297146708131,0.00314615270853778,0.00776094578987511,0.00100236444855792,0.00628260383273684,0.00294145273816024,0.00653145035361196
"img_01405.jpg",0.720426062071691,0.00548737062156657,0.00359770613715744,0.00836294946908669,0.00101215347837727,0.254143245391969,0.00364626329320982,0.00332424953694214
"img_01413.jpg",0.974271645513534,0.00304358362461585,0.00311146094245936,0.00419554846130758,0.0010207043930135,0.00713991458330443,0.00328447933938743,0.00393266314237823
"img_01426.jpg",0.0448111902476323,0.163445967163482,0.00439739711163462,0.00292315592523431,0.00100092075864431,0.00460683038964951,0.711170642630587,0.0676438957731363
"img_01431.jpg",0.0911132111124618,0.013641715581743,0.00354790860240071,0.866852866834549,0.00100213857910463,0.0129476286694926,0.00345671771401113,0.00743781290623757
"img_01441.jpg",0.00604028995595682,0.0028673632873862,0.00313311825835231,0.00286673996752755,0.00100086403792548,0.0033770365939154,0.00287021978002718,0.977844368118909
"img_01444.jpg",0.36956825391249,0.006464248156435,0.00351354113686944,0.00331781854477365,0.00100095168021822,0.019382651661599,0.00428026206851415,0.592472272839101
"img_01490.jpg",0.00498786409961899,0.00449404946589472,0.0348036868511314,0.00290200344418024,0.00100089918068453,0.00311430053120313,0.0030193397628854,0.945677856664402
"img_01495.jpg",0.564992379081261,0.0151429168991262,0.00343594628857328,0.00371477315273074,0.00100093507444579,0.0145720423303482,0.00293975002058563,0.394201257152929
"img_01511.jpg",0.95063452869094,0.0152376567243755,0.00554184027269826,0.00563667387240835,0.00100199766481526,0.0141604763557321,0.00417239858556607,0.00361442783346431
"img_01519.jpg",0.566900139680625,0.0295663155979039,0.00719864335535421,0.00904396082357837,0.00100475940643796,0.127132180159956,0.131909739590243,0.127244261385902
"img_01530.jpg",0.962989102449051,0.00595199419495521,0.00307444037700729,0.00394582318065757,0.00102708417971716,0.00422718540571207,0.00300788935791732,0.0157764808549824
"img_01537.jpg",0.85179213607592,0.00702051653211766,0.0125348354443093,0.00301319425995744,0.00101566089703863,0.102119955730952,0.00444723444556952,0.0180564666141349
"img_01538.jpg",0.878303611975116,0.00702182260725189,0.0046812636514798,0.00290198188420707,0.0010009881978355,0.0589097188895165,0.00327087887705032,0.0439097339175426
"img_01543.jpg",0.978362347804718,0.00293353899208016,0.00292429381165018,0.00359377493366231,0.00101132936577848,0.0029234257361479,0.00292248084213067,0.00532880851383265
"img_01548.jpg",0.890722852572564,0.00311269775678826,0.00507359272604302,0.00293986445292349,0.00101112613262577,0.0842571042401092,0.00317836366694217,0.00970439845200403
"img_01552.jpg",0.980675461133644,0.00327372556789303,0.00286913555505956,0.00286913553757697,0.00100173898509652,0.00352455210539845,0.00286913586267296,0.00291711525265861
"img_01562.jpg",0.775110782119756,0.0134270979177921,0.00652209595719741,0.00501309977831839,0.00100897177199431,0.0223306418630664,0.0828224809086874,0.0937648296831881
"img_01571.jpg",0.972829971623986,0.00321265491189311,0.00288193401949286,0.00288193408452241,0.00100087912169579,0.00288193406458966,0.00351619646096053,0.0107944957128593
"img_01593.jpg",0.43547188182565,0.153764314021282,0.00840901565250663,0.00410897122764575,0.00100205328795321,0.0407631625844826,0.0214975303218686,0.334983071078611
"img_01616.jpg",0.911280035816251,0.0577628027929569,0.00297064284766423,0.00298413103940878,0.00101093583628857,0.00452143150449066,0.00330311531648969,0.0161669048464499
"img_01618.jpg",0.944755904813212,0.00642806094484435,0.00293576900290683,0.00412340797354059,0.00100264464250111,0.0346564624397081,0.00298493279165141,0.00311281739163609
"img_01627.jpg",0.852915295413431,0.0988632725722441,0.00296289250647641,0.00533134844810281,0.0010009256101429,0.0216845227805347,0.00292971982845014,0.014312022840618
"img_01632.jpg",0.971288762038268,0.00466632380586102,0.00507052514219602,0.00293724592743968,0.0010102119377935,0.00540271684575153,0.00354653393506592,0.00607768036762471
"img_01633.jpg",0.421172930321145,0.00516135288456322,0.00367601429887065,0.00412971159567814,0.0010044061259701,0.51305885254618,0.0109698509745305,0.0408268812530618
"img_01640.jpg",0.981442353826959,0.00285967755308109,0.00285591940554732,0.00285616218961857,0.00100221943367662,0.00289018891076092,0.00285591938819603,0.00323755929216006
"img_01646.jpg",0.950219439312984,0.0220806189988812,0.00290008698071996,0.00296351899936541,0.00100103513503903,0.00896598747536599,0.00289995777187366,0.0089693553257709
"img_01649.jpg",0.932000932240051,0.00527409701006124,0.00523624953456371,0.0084820205281831,0.00110308427981286,0.0207890457428814,0.0211249446550745,0.00598962600937198
"img_01657.jpg",0.00416706576578605,0.00401066613069748,0.670445809866638,0.00290064006511348,0.00100112720391344,0.00290070451812758,0.00347896730626848,0.311095019143455
"img_01669.jpg",0.103163180009665,0.0181753398014855,0.00367376757043637,0.850972750185981,0.00100395694983485,0.00910816575802958,0.00464325374876339,0.00925958597580428
"img_01681.jpg",0.0992268141498719,0.00305147676040869,0.00303345379485715,0.00296329913819355,0.00100593523791772,0.00984503681344983,0.0054657676651413,0.87540821644016
"img_01684.jpg",0.899573342163824,0.0238670051341892,0.0032176767943257,0.011763606381303,0.00100094370067301,0.0114889880604781,0.00294662473093666,0.0461418130342707
"img_01687.jpg",0.645485761281488,0.00513618902031471,0.00447028883029642,0.00295238859227244,0.00100099988569575,0.00775801738733056,0.0187628693169987,0.314433485685604
"img_01688.jpg",0.0705496748674828,0.0512159714284801,0.00325467879606156,0.00532061804478916,0.00100118438894203,0.0408312272947658,0.0132105508766274,0.814616094302851
"img_01689.jpg",0.00987245063222256,0.00432514342273786,0.021390758898021,0.00294930467161505,0.00100094637571364,0.0227773554116353,0.00486034496690935,0.932823695621145
"img_01724.jpg",0.916879307937107,0.00313734123314435,0.00781030000242301,0.00302659870253217,0.00101819366475111,0.0133135389438964,0.00432711664961435,0.0504876028665317
"img_01745.jpg",0.90790113247517,0.0142205609388802,0.0313011341681055,0.0166466705284053,0.00102819543173373,0.011825156355087,0.00599598754665036,0.0110811625559675
"img_01771.jpg",0.913768893340501,0.0278699867582217,0.00394146128687745,0.00681443752940208,0.001001444540367,0.0111709195229068,0.0029549673899444,0.0324778896317797
"img_01773.jpg",0.796313761341754,0.0134814944850126,0.00526359104693246,0.00332321317935281,0.00100247958632457,0.00702491236005377,0.035911004284352,0.137679543716217
"img_01802.jpg",0.978006662422554,0.00310939245685833,0.00307398839160497,0.00307376047273932,0.00105693353197194,0.00307136517848065,0.00315375727217071,0.00545414027361974
"img_01824.jpg",0.884499985195766,0.00431785137566774,0.00620349512322422,0.00486821507271479,0.00101434424127569,0.0501634577549883,0.0139525576634777,0.0349800935728857
"img_01831.jpg",0.123083198227051,0.00332040516838948,0.00447876900374998,0.808458189807874,0.00100179558593976,0.0264083738287685,0.00372518305029149,0.0295240853279352
"img_01834.jpg",0.0205641644090394,0.00482243332160667,0.247386680183319,0.00320940119054293,0.00100093038950402,0.00459252176928849,0.00293328484195107,0.715490583894748
"img_01847.jpg",0.384768817377074,0.0254737366667699,0.00378867990750366,0.00328175229566736,0.00100140661577689,0.0105077902715461,0.00775841281056423,0.563419404055098
"img_01853.jpg",0.138316460190903,0.12726268249841,0.00982081935494755,0.00419709158361442,0.00100420956683238,0.0156743110906595,0.0273111957312147,0.676413229983418
"img_01856.jpg",0.980507809251496,0.00294222721530588,0.00285723878599673,0.00285712302805228,0.00100085437224538,0.00285828221605301,0.00285711945484704,0.00411934567600361
"img_01862.jpg",0.755756466851428,0.00301806361114026,0.00726175513916583,0.0030162161452604,0.00101725791987886,0.21353917539254,0.00404194113956518,0.0123491238010208
"img_01874.jpg",0.921264431995819,0.00297735874473528,0.00345761627419913,0.00296199556481184,0.00100490206025311,0.0259473895275815,0.0120418732426587,0.0303444325899411
"img_01888.jpg",0.118857968182218,0.267909854656375,0.00493239643739429,0.0263054190606478,0.00100325421112661,0.236331092850372,0.00780933352994091,0.336850681071925
"img_01918.jpg",0.110210898448672,0.0112702078700468,0.00350788260982806,0.841521911777461,0.00100096097990141,0.0105298962983974,0.0033951927960722,0.0185630492196206
"img_01930.jpg",0.930566361857253,0.00692713580146012,0.00611462729530119,0.00628279449299477,0.00100186686301151,0.041668525081338,0.00296270504388805,0.00447598356475346
"img_01932.jpg",0.728519002190112,0.0098416920180502,0.00398864633817887,0.00297588330523796,0.00100144412368261,0.0153001785868657,0.0039439892539969,0.234429164183876
"img_01955.jpg",0.00486553171994191,0.00284227986600164,0.0028422693403924,0.00284226944419988,0.00100083955864008,0.00284226932390751,0.00284226992589538,0.979922270821021
"img_01963.jpg",0.970792445018981,0.00316739159435187,0.00321391913863689,0.00298120543095016,0.00100087936238242,0.00357683157424899,0.00288240657369255,0.0123849213067561
"img_01966.jpg",0.837872260845708,0.109088086691064,0.00288050607005328,0.00288412633798477,0.00100087641353332,0.00430851398964609,0.00290318317666711,0.0390624464753437
"img_01983.jpg",0.861434693297648,0.0656790726371203,0.0139346640440622,0.00485237173066261,0.00106897389324618,0.0208192925923581,0.00448536009646768,0.027725571708435
"img_01984.jpg",0.191467116260106,0.0075051557783748,0.00287652972341042,0.0030410182505993,0.00100087350713397,0.00620618401985835,0.00287713406809434,0.785025988392423
"img_01995.jpg",0.0115655105402354,0.63435480680826,0.00644828169285408,0.119012358170435,0.00100247533321856,0.143712034194628,0.0168726906565521,0.0670318426038167
"img_01996.jpg",0.0847294031843948,0.0143959633567783,0.00337169626396424,0.00498092718383241,0.00100189519305341,0.830127689276218,0.011307172491564,0.0500852530501945
"img_02001.jpg",0.270433131123563,0.00693650549324902,0.0122898199174236,0.00298912325021515,0.00100305588729541,0.0703219496973112,0.476115719027156,0.159910695603787
"img_02006.jpg",0.519160559155649,0.0247583452611685,0.162617359965663,0.135118351628536,0.00100146298096216,0.0268042299190415,0.0037079371836354,0.126831753905345
"img_02066.jpg",0.926921847067429,0.00546951544227252,0.00469515003428066,0.00395277815205621,0.00100920779835812,0.0252301276655371,0.00320131215890304,0.0295200616811636
"img_02074.jpg",0.959358333016609,0.00379482351048576,0.00600214947093616,0.00603105925253155,0.00100813051711521,0.0156692298925277,0.00311640257731411,0.00501987176248084
"img_02076.jpg",0.0507910259567058,0.873353039999757,0.00387521820821214,0.00361050903454552,0.00100215902222544,0.0045779163080448,0.00297322636511099,0.059816905105398
"img_02077.jpg",0.101950722612404,0.0153592479824143,0.031195213491179,0.794286239830588,0.00100099101030223,0.0170286343029599,0.00507297638819542,0.0341059743819566
"img_02096.jpg",0.979747561301563,0.0028898465372924,0.00284431237686629,0.00284431269858599,0.00100084157457791,0.00437434805389283,0.00284431591111085,0.003454461546111
"img_02119.jpg",0.83144833617858,0.00738313702595246,0.109531607722019,0.00870775988523483,0.00100113803819061,0.0238152440369161,0.00656776618431655,0.0115450109287902
"img_02124.jpg",0.0420986847040469,0.00583331446623687,0.0115929848193404,0.00341551255130702,0.00101207434381988,0.903086300340644,0.00639030153829588,0.0265708272363095
"img_02172.jpg",0.861326832501278,0.00399338360323418,0.0120383325807544,0.00300874363469883,0.00101696376194584,0.0858644864599404,0.00779896000260482,0.0249522974555436
"img_02180.jpg",0.876204058992552,0.040439411167947,0.00432731903069311,0.00325935237370151,0.00100506133697648,0.0285966265049612,0.00543193464160013,0.0407362359515683
"img_02188.jpg",0.802958561521378,0.0149003313352104,0.00495812366040923,0.00391483146288501,0.00101099530357024,0.111964355611083,0.0144160708030791,0.0458767303023849
"img_02209.jpg",0.0763251587056442,0.00783332697547611,0.0109717913798789,0.00705073968779858,0.00101638336395357,0.84109595240594,0.0239174031029492,0.0317892443783593
"img_02235.jpg",0.0275751267000779,0.204456154279458,0.0113066566139656,0.236178929249526,0.00100200030425861,0.279754969087712,0.0233441051210399,0.216382058643962
"img_02252.jpg",0.978535690790472,0.00316836330536655,0.00285674699310962,0.00285558261720533,0.00100085275814095,0.00286522840586927,0.00285886870692411,0.00585866642291257
"img_02268.jpg",0.824576610356611,0.00533946020196928,0.00803918363841688,0.134705961377646,0.00100478115850306,0.00532099474725971,0.00296158019020321,0.018051428329391
"img_02270.jpg",0.905127486147719,0.0282482360573783,0.0146867089211387,0.00649923570582178,0.00101744057983367,0.0177467498328581,0.00453346353434809,0.0221406792209026
"img_02281.jpg",0.151562542698589,0.0111704058195329,0.0044461185909304,0.816047821903561,0.00100094150187224,0.00852998657382101,0.00302398769404563,0.00421819521764774
"img_02282.jpg",0.00409528576602756,0.00284800478321482,0.00284798907604945,0.00284798898495409,0.00100084528342598,0.0034703622856931,0.00285339227243898,0.980036131548196
"img_02291.jpg",0.980696406153206,0.00381704607223076,0.00284855853714452,0.00284856135218616,0.00100084584176897,0.00295249651947891,0.00284855957421715,0.00298752594976753
"img_02299.jpg",0.741210080964326,0.0567511485422601,0.00699242066835157,0.00992041822345444,0.00100097432001,0.0397955173033143,0.007367545019918,0.136961894958366
"img_02305.jpg",0.0230273338449651,0.423632051447964,0.00557133115468127,0.165579893236399,0.00100720614782006,0.214935224298593,0.0176018201582312,0.148645139711346
"img_02307.jpg",0.503482929666031,0.0098283619477791,0.00308863858769615,0.00339298970306684,0.00101016425702092,0.259126043995156,0.00967624046880217,0.210394631374448
"img_02309.jpg",0.979207667824387,0.00396177862701374,0.00286882420368734,0.00286928780501234,0.00100222195484299,0.00286896331456379,0.00286880323304165,0.004352453037451
"img_02318.jpg",0.0252852527184636,0.0031692832116764,0.00295428659400343,0.00292940452809888,0.00100092486883409,0.00366866883258292,0.00312427801763298,0.957867901228708
"img_02356.jpg",0.0301754662025679,0.00400170759460096,0.00629832009015275,0.00673676708229906,0.00100196759415711,0.00875471635473469,0.00749286370362781,0.93553819137786
"img_02367.jpg",0.945170415083493,0.00982521010543858,0.00333710132188355,0.00370118074266324,0.00103167646224998,0.0243419098369199,0.00482043847871479,0.00777206796863659
"img_02379.jpg",0.12879755456393,0.00339566736951302,0.00289641982946237,0.00289646692602248,0.00100089360422395,0.00615296998428902,0.00296801552157381,0.851892012200986
"img_02384.jpg",0.762386050991467,0.0116498111033246,0.00425277728400597,0.00389106666383854,0.00101232379842152,0.0368642765580872,0.00965283648758388,0.170290857113271
"img_02398.jpg",0.906258181357504,0.0195225338508746,0.00338020987695182,0.00756798393545891,0.00100094174477629,0.0310553156304247,0.00294465447581692,0.0282701791281931
"img_02400.jpg",0.93834198248909,0.00927150989610489,0.00896486922386067,0.00317400845313705,0.00100093730657543,0.0280764702298245,0.00301288039657156,0.008157342004836
"img_02406.jpg",0.0723809893277037,0.00706808592483968,0.0187268172991191,0.872482226000448,0.00100104415671529,0.00891767925783957,0.00528273677169445,0.0141404212616405
"img_02412.jpg",0.738047468945229,0.00298335815803588,0.00295584236400358,0.00295621787625736,0.00101324718928735,0.00417035987078772,0.00441884169132483,0.243454663905075
"img_02422.jpg",0.763427581819279,0.0502988225532749,0.00556463919969254,0.00975681849048591,0.00100380078071295,0.0162965273110958,0.020049506939701,0.133602302905757
"img_02486.jpg",0.951358658232199,0.0171231106787981,0.00365718838538196,0.00292339468790924,0.0010009205192493,0.00615227260418736,0.00294101539554874,0.0148434394967268
"img_02487.jpg",0.758059313403584,0.210121917334372,0.00290887818989776,0.0029093558454531,0.0010014430628705,0.00376110724580756,0.00290911248761802,0.0183288724303969
"img_02522.jpg",0.858384939791,0.0084603850194749,0.00298531932320747,0.00397692863077101,0.00101064635959073,0.0101561225545432,0.00380236408678536,0.111223294234627
"img_02556.jpg",0.119111364689087,0.01542080137161,0.00311245989954131,0.00296552285868288,0.00100098641643538,0.00390577502170486,0.00602497410873378,0.848458115634204
"img_02565.jpg",0.810595259494558,0.00844245155420062,0.00960748140464322,0.00399764680515855,0.00101467824349742,0.046325691163852,0.0293002928178019,0.0907164985162885
