"image","ALB","BET","DOL","LAG","NoF","OTHER","SHARK","YFT"
"img_00007.jpg",0.115257817584181,0.0505990355661697,0.0125477427044741,0.011730388558908,0.00100292047469275,0.00492799982810232,0.00492762440717619,0.799006470876296
"img_00009.jpg",0.745387066031547,0.105402874262149,0.00486556776426335,0.00555088300106063,0.00100285225694997,0.120547130504164,0.00553151306158688,0.0117121131182795
"img_00018.jpg",0.753006533688963,0.0923836246751641,0.00630823260733867,0.0256316013273537,0.00100331717869802,0.0991509248357461,0.00492277171020097,0.0175929939765358
"img_00027.jpg",0.173251862983804,0.0543531630901302,0.0115904773484851,0.00620779441571239,0.00101901445204292,0.214095497412707,0.0319565965264872,0.507525593770631
"img_00040.jpg",0.233990025456665,0.023202636694767,0.00514590220025845,0.0059639839318239,0.00102033329549455,0.0186527262133895,0.626729089676266,0.0852953025313349
"img_00053.jpg",0.841395742830649,0.0238819330800038,0.014356625262058,0.00800899176535673,0.00102409590859914,0.0837618637340162,0.00545605371325556,0.0221146937060616
"img_00071.jpg",0.112172216985631,0.0115948026303975,0.00504636306913745,0.850462086795943,0.00100292147830495,0.00889883598102976,0.00487323842486223,0.00594953463469374
"img_00075.jpg",0.772511850621393,0.0451918762004726,0.006052154087352,0.01503506080925,0.00104690499706693,0.14295332179605,0.0101622960365518,0.00704653545186405
"img_00102.jpg",0.477523786612734,0.0345889011480928,0.00784548157460229,0.00558237032293279,0.00100469222894123,0.033974791396792,0.0148665938798028,0.424613382836102
"img_00103.jpg",0.831800454896156,0.0551363269695548,0.0198280609807515,0.00489000500843686,0.00100284682822515,0.0667141277230573,0.00485384596539748,0.015774331628421
"img_00109.jpg",0.958498536924375,0.00486972657321813,0.004840939644085,0.0048405934560693,0.00100305925489407,0.00833311707139707,0.00571665007274231,0.011897377003219
"img_00120.jpg",0.614556058630826,0.0340361122595642,0.00742178516823915,0.00773568802138968,0.00100951429574176,0.0333940948412948,0.124031913377418,0.177814833405526
"img_00125.jpg",0.622581187838338,0.0183353283553753,0.0135669685362506,0.00570502176363669,0.00100294264433196,0.0390681749149676,0.0109164603216327,0.288823915625468
"img_00128.jpg",0.020026727216355,0.123860993740011,0.431506200353766,0.00492679100517285,0.00100509900622182,0.0081077996805373,0.00711445779752744,0.403451931200408
"img_00129.jpg",0.229835647596682,0.0222564379042469,0.00756390762728333,0.00706567453961332,0.00102324839204103,0.0189942468593838,0.631624537270956,0.0816362998097944
"img_00138.jpg",0.543725824500011,0.400256011634786,0.0114922599198502,0.0140888410491748,0.00100782976955626,0.0145897046718567,0.00648757394171747,0.00835195451304799
"img_00141.jpg",0.0113768366180697,0.0121591007377048,0.0194058084242368,0.00486841741010384,0.0010028617248594,0.00626296497573347,0.00486842477461052,0.940055585334681
"img_00152.jpg",0.0479024147400457,0.0244319717922929,0.00670492088205432,0.00525073045610808,0.00100714063086766,0.0111323949429248,0.00633132057899604,0.89723910597671
"img_00161.jpg",0.00994609914199045,0.00478852773885605,0.0047885277119293,0.0047885277110873,0.00100278193338045,0.00492506743528787,0.00478852771568926,0.964971940611779
"img_00170.jpg",0.270136297563076,0.00675533860178256,0.00625435583522564,0.616136943205673,0.00100593917849811,0.0407559575641639,0.00554154631577282,0.053413621735808
"img_00171.jpg",0.545673598357136,0.0310276919541102,0.0845274215544235,0.0832229344886253,0.00102252149774968,0.238888750031427,0.00670664096740055,0.00893044114912773
"img_00175.jpg",0.571060474634715,0.0176783365868359,0.0178944512681562,0.0364057618637334,0.00101099419604545,0.338986271037488,0.00553789816655409,0.0114258122464715
"img_00180.jpg",0.048288199534516,0.00826132595640526,0.0101109319487046,0.00886922839935944,0.00100507313262861,0.00972313542397469,0.0101482762142232,0.903593829390188
"img_00212.jpg",0.364119741943837,0.00656998161033481,0.00495259844345868,0.0384138656764554,0.00100282257384014,0.00666164495387567,0.00482842437350037,0.573450920424698
"img_00223.jpg",0.746155828083966,0.0133120919799643,0.135909423403734,0.0154302845478702,0.00100307504154163,0.0614792746954648,0.00918142112539164,0.0175286011220673
"img_00230.jpg",0.767436689119459,0.0920788783221693,0.00489927208931024,0.00537883884308185,0.00100285931576996,0.10786728523909,0.00487242343258842,0.0164637536385313
"img_00232.jpg",0.0121076495436453,0.00595227027662182,0.00490267487334108,0.00504691563713868,0.00100289610646746,0.0129699840918264,0.949378495617297,0.00863911385366209
"img_00244.jpg",0.709418576219103,0.0618037569540417,0.00663847855139971,0.00684798390274242,0.00100297700562425,0.0725988038247336,0.00685949100740636,0.134829932534949
"img_00280.jpg",0.931480270357181,0.00511888098400709,0.0134553936662249,0.00511625856567211,0.00105870833056941,0.00588150943205306,0.00661309605663764,0.0312758826076547
"img_00282.jpg",0.617345791999932,0.0352081544298804,0.0199869063403337,0.088778869788414,0.00102065178395153,0.220750984385618,0.0065918136955015,0.0103168275763688
"img_00285.jpg",0.264496841594189,0.0356943416541319,0.0105686113563738,0.00579585104615732,0.0010305922488579,0.0222255457506138,0.0345751525479575,0.625613063801719
"img_00292.jpg",0.571662476646385,0.0975626418236177,0.00619692184103288,0.00759162445081639,0.00102037120996036,0.0368108343081488,0.0188732961961947,0.260281833523844
"img_00302.jpg",0.274759365394116,0.0207081983799694,0.00514323138435254,0.00587900394134687,0.00103078926372465,0.0164292110826929,0.611674205263096,0.0643759952907012
"img_00311.jpg",0.968914290866177,0.00487006796246308,0.00478764750645912,0.00479141801676647,0.0010053587255544,0.00478792461544434,0.00478762739813974,0.00605566490899579
"img_00320.jpg",0.961161835165593,0.00901409647237357,0.00484037502158984,0.00484037488743185,0.00100430904541591,0.00802392581480223,0.0048403748866419,0.00627470870615209
"img_00331.jpg",0.881169170723008,0.00505210606959707,0.00532227856119997,0.00501200776122795,0.00101699720410083,0.0425233460733212,0.0179430194417695,0.0419610741657751
"img_00358.jpg",0.620031260578831,0.0242121952898058,0.00497493412733613,0.00497882755860376,0.00100431567635172,0.0688886260893721,0.0357611950785059,0.240148645601194
"img_00374.jpg",0.643573980178067,0.0788258211869865,0.00557858564078681,0.00638913262311645,0.00100289988280649,0.00926327524028564,0.00491706658686012,0.250449238661091
"img_00375.jpg",0.11184836151818,0.059589597344298,0.703099035586943,0.0133745782658,0.00100476713330621,0.0510833126924705,0.010754302717808,0.049246044741194
"img_00376.jpg",0.864688738518359,0.0171022685203165,0.0187593828479633,0.00500724464133751,0.00100706597002398,0.03395490324341,0.0335606494896275,0.0259197467689618
"img_00380.jpg",0.928947728507993,0.0114744094775872,0.00671697937350084,0.00769133099160658,0.00100411948814948,0.0329679124942747,0.00491667445716222,0.00628084520972582
"img_00383.jpg",0.964128972146208,0.00671628169983066,0.00480171914741328,0.00482536591764914,0.00100315254992967,0.00661274084382483,0.00480171914582978,0.00711004854931459
"img_00398.jpg",0.905030239259827,0.0101336671848714,0.00486682654805769,0.00486741821455611,0.00100940160158281,0.0050366002052865,0.00486683254333908,0.06418901444248
"img_00407.jpg",0.933484741386075,0.00832124924323848,0.00716392573595602,0.011761434793502,0.00100303659787748,0.0187805134157643,0.00490788624240605,0.0145772125851811
"img_00417.jpg",0.169621098542367,0.00802864294261871,0.00476969497221147,0.0205254915387926,0.00100276171444116,0.00476831251536285,0.00476897656427988,0.786515021209927
"img_00442.jpg",0.00688075817181777,0.00517695606313185,0.0047636842106577,0.00476368420871874,0.00100275710650813,0.00500626053786171,0.004763688251546,0.967642211449758
"img_00446.jpg",0.881128051778861,0.0156099101581667,0.00562514294661273,0.0136995165177887,0.00100522259548256,0.0415973284042332,0.00549596390228075,0.0358388636965741
"img_00469.jpg",0.869694771654269,0.0135798424765941,0.00686478545451846,0.00493624176985871,0.00100474528409571,0.0245332664241354,0.00641148817488365,0.072974858761645
"img_00473.jpg",0.941408552454342,0.0110833108958291,0.00489490711634224,0.00490197993437344,0.00100916984680799,0.00493411591837065,0.00489294944811977,0.0268750143858151
"img_00483.jpg",0.895191162528347,0.061967633747396,0.0048703696398863,0.00487078127044931,0.00100305480243148,0.00755582081870672,0.00504816562373365,0.0194930115690495
"img_00484.jpg",0.281461107796123,0.103822392762764,0.00811206283396482,0.0149305938653574,0.00100292836701265,0.0155331632148046,0.00561291525476401,0.569524835905209
"img_00486.jpg",0.896499805896677,0.0376362841373309,0.0281840265975888,0.0142321558397669,0.00102505936876718,0.00832031345006752,0.00839848222702539,0.00570387248277611
"img_00518.jpg",0.937917560253652,0.00520520715704532,0.00519697021747635,0.005234289017162,0.00107707528314291,0.00519785854326584,0.00519589128932708,0.0349751482389282
"img_00533.jpg",0.50167897072545,0.0260587965680484,0.00715420504837803,0.00547797473765196,0.00100701258178183,0.0178875123072991,0.0210807492537563,0.419654778777634
"img_00538.jpg",0.782327467074461,0.108861871085828,0.00533204508786154,0.00527873342748522,0.00100293640732339,0.00824384644656396,0.00492586859054935,0.0840272318799272
"img_00543.jpg",0.968454419679504,0.00478864780013505,0.00478241438378707,0.00478264199606761,0.00100366321247363,0.00491400243457463,0.00478240322370089,0.00649180726975766
"img_00550.jpg",0.224389859588314,0.0403746353287597,0.0697523193424335,0.0226588820075127,0.00108528421845854,0.58618386611962,0.0123545112776975,0.0432006421172037
"img_00551.jpg",0.845279891406288,0.00896697922297068,0.00785142204352008,0.0139060123636318,0.00100670301385228,0.0547269964197576,0.0267903248137433,0.0414716707162361
"img_00575.jpg",0.881429051456847,0.0113245480592406,0.00579766958160443,0.00591340616609755,0.00102755986513072,0.0299038820559563,0.0198022386239851,0.044801644191138
"img_00582.jpg",0.872132530161655,0.0260081917459939,0.0102522507858844,0.00757659408196529,0.00113098496788388,0.0563030065233244,0.00758003718437133,0.0190164045489224
"img_00584.jpg",0.909209166385326,0.00606404284840755,0.00729223603917108,0.0121187205899087,0.00109404499516311,0.0500771205828841,0.00557911095555934,0.00856555760358062
"img_00587.jpg",0.13129245296955,0.0362706710662823,0.00910412227616347,0.00534892280923523,0.00100869350834222,0.0864145125427237,0.0411448476840846,0.689415777143619
"img_00590.jpg",0.238032723246653,0.0578400511722584,0.0233947698472533,0.0057716596044245,0.00101039009749371,0.0283672874327389,0.0478122754291814,0.597770843169997
"img_00591.jpg",0.141324194973861,0.0105190817046836,0.00508433784872687,0.00490940723251433,0.00100290255264817,0.0512493824076541,0.00688359326111351,0.779027100018798
"img_00598.jpg",0.879774171400448,0.0116842291791464,0.00846699075626891,0.0284333101406988,0.00101790110086754,0.0392457285945907,0.00831618784449419,0.0230614809834852
"img_00599.jpg",0.776878611314041,0.0470846899424985,0.0156978910612719,0.00780705976327882,0.00101683295413593,0.0153025426571317,0.0444787601759245,0.0917336121317173
"img_00612.jpg",0.681535631011684,0.00583869522123117,0.00668609858294307,0.0056102960657312,0.00101628817923629,0.214540230274299,0.0216753614513073,0.0630973992135674
"img_00620.jpg",0.774500013982153,0.0167163881039279,0.14700998875363,0.00799643411964489,0.00101014051725381,0.0374050896774612,0.00733973436753906,0.00802221047839055
"img_00642.jpg",0.11059085820971,0.0289396797112975,0.006002471975798,0.828821519346136,0.00100287359795203,0.0121063050945544,0.00488011960902301,0.00765617245552845
"img_00646.jpg",0.0108816483368071,0.00801126296944202,0.0104645310746992,0.00480586605830077,0.0010027992351587,0.00818335084823243,0.00485828422226289,0.951792257255097
"img_00648.jpg",0.968508238594238,0.00487662445469517,0.00479284866734211,0.00479356144233212,0.00100485487128743,0.0049526418589972,0.00479285193551982,0.00627837817558785
"img_00650.jpg",0.181843141941625,0.0222333491577029,0.0109372065893419,0.0115270174664893,0.00101864251346496,0.366635146843174,0.392559319032648,0.0132461764555536
"img_00664.jpg",0.772703074927224,0.0405438242756724,0.00522587981946793,0.00491545545715032,0.00100326651702745,0.00935234141849085,0.00902579965742628,0.157230357927541
"img_00697.jpg",0.00677947648054431,0.00475628707703511,0.00564646526410523,0.00475627421123408,0.00100274974132496,0.00475627421386564,0.00475629958847889,0.967546173423412
"img_00708.jpg",0.635947560730793,0.0379523966740873,0.0114110898008273,0.0113137021566807,0.00101576967868836,0.195646331816095,0.0524628413411947,0.0542503078016339
"img_00716.jpg",0.172296617060845,0.108611976654307,0.00906318501386219,0.00916362999740598,0.00101210131394185,0.583103668198789,0.0489204134742508,0.0678284082865978
"img_00717.jpg",0.487354259476026,0.0402730618598205,0.00530967386845803,0.0165051562052784,0.00100293040222183,0.42669733730457,0.012335544985805,0.0105220358978199
"img_00718.jpg",0.914612682268493,0.00491094581627032,0.00583677772685477,0.00700869931271329,0.00100286752907348,0.026758508111984,0.00487433217823289,0.0349951870563781
"img_00724.jpg",0.0869717109360804,0.00595584092851811,0.00980861012166163,0.00529673519117622,0.00101947002376633,0.0360810085279952,0.192278853195582,0.66258777107522
"img_00726.jpg",0.968306432409598,0.00479084210701312,0.00478675774283331,0.0047867584349572,0.00100278014979203,0.00509868638216221,0.00561193918809699,0.00561580358554758
"img_00730.jpg",0.0504261806454714,0.0118276510874341,0.00642921259339198,0.00495803954004564,0.00100376029381187,0.0115084937580981,0.020542863221551,0.893303798860196
"img_00757.jpg",0.883612608654904,0.00758580608760347,0.00832456058622759,0.0311090780845367,0.001005005263356,0.0446737856648144,0.00561043088598383,0.0180787247725744
"img_00760.jpg",0.21302086058131,0.0198504468415161,0.00543757000303771,0.726983775751129,0.00100592978859401,0.0149137122046789,0.00618277250924375,0.01260493232049
"img_00764.jpg",0.00679980630006388,0.00930602574354773,0.0130382319387316,0.00482268067656596,0.00100281600252545,0.00482276660013693,0.00482265435467839,0.95538501838375
"img_00765.jpg",0.0799103158081989,0.39626264907893,0.00627936056483079,0.044249350443579,0.00100434874667514,0.249863174814602,0.0163855400236796,0.206045260519505
"img_00772.jpg",0.0723239686625874,0.00851566846846373,0.196658888100581,0.00481573747076092,0.00100280912028472,0.0116854657163611,0.00600511393639061,0.698992348524571
"img_00777.jpg",0.432270695842493,0.0154409797404905,0.007622380985703,0.00522002344803961,0.00101248009053092,0.519824121795131,0.0136290214675483,0.00498029663006397
"img_00780.jpg",0.00960732246640692,0.0063148585688593,0.0155307281278252,0.0048921918499007,0.00100288493214281,0.0342448140211533,0.042226830968063,0.886180369065649
"img_00798.jpg",0.803870767276929,0.0802375899508248,0.00772894180725646,0.0700236659399895,0.00102469323247858,0.0130829592606843,0.00767495192480418,0.0163564306070335
"img_00808.jpg",0.812173010998574,0.105386336195343,0.00620770356558014,0.00605503136277731,0.00100288027501502,0.0114202256686101,0.00488705540709594,0.0528677565270045
"img_00816.jpg",0.958441888628736,0.00507561320794699,0.00500107388468792,0.00493241785353571,0.00101186066429193,0.00610941227016536,0.00841431798117066,0.0110134155094658
"img_00833.jpg",0.60538781960303,0.0449982151631676,0.0123798399106623,0.00873884487542232,0.00100883694236781,0.179156202659169,0.0758292863695875,0.0725009544765933
"img_00837.jpg",0.854254359164738,0.0210044099714878,0.00718444434913642,0.00767480829279427,0.00101668320048085,0.0882562071623467,0.00542472230224112,0.015184365556775
"img_00855.jpg",0.675010673950776,0.0352795349719924,0.0164050789319967,0.00674294936619655,0.00101846132872848,0.152230221477872,0.0161148820613889,0.0971981979110495
"img_00857.jpg",0.964642392140685,0.00912201961121746,0.00488994693985758,0.00488994691600279,0.00100933693508681,0.00509475741503761,0.00488994691634954,0.00546165312576281
"img_00858.jpg",0.912882723776332,0.00962325313636743,0.00492947412881729,0.00539501149154539,0.00100473884818949,0.0421065981354335,0.00702775120469899,0.0170304492786154
"img_00865.jpg",0.852417583760873,0.0850649057224988,0.0048538664840168,0.00484970411554349,0.00100284066339193,0.00965276791391627,0.00671458983746996,0.03544374150229
"img_00902.jpg",0.0103388271733486,0.00524077749151761,0.00492214571764462,0.00553398248083654,0.00100326797855773,0.0124030174971824,0.954210499043869,0.0063474826170438
"img_00914.jpg",0.00675544421182789,0.00549133517858343,0.00474514950192023,0.00474514950189418,0.00100273864306271,0.00474514950192625,0.0047451495021344,0.967769883958651
"img_00921.jpg",0.723314434108307,0.00629253328704845,0.0130150124101847,0.00530937603529327,0.00101974693352557,0.0938690510854501,0.0524467538548313,0.10473309228536
"img_00927.jpg",0.178849611268095,0.0542734173119505,0.0150824239180035,0.00601588634412743,0.00100922368592837,0.0219669775530541,0.0463396467290255,0.676462813189816
"img_00943.jpg",0.811749770453246,0.145829687427915,0.00482213978076572,0.00482270854440413,0.00100281549704443,0.00537910132816663,0.00482249942523762,0.0215712775432206
"img_00959.jpg",0.968273719412502,0.00486690337049267,0.0048328397475206,0.0048328386921835,0.00101200505490265,0.00483830354737972,0.00514332909980231,0.00620006107521651
"img_00962.jpg",0.0105939379746608,0.00537245519860351,0.0149344068564151,0.00481906655097626,0.00100281240221161,0.00564276320834295,0.00481908148135951,0.95281547632743
"img_00964.jpg",0.00698687540470471,0.0190155683831697,0.896166913829423,0.00645489005664833,0.00100289731461305,0.00698238576472894,0.00524292780816164,0.0581475414385503
"img_00979.jpg",0.0185334110914679,0.00486869694176622,0.0447323992828422,0.00486869215060557,0.00100286194316212,0.0091294254454646,0.00493992802981937,0.911924585114872
"img_00985.jpg",0.529052387153388,0.106425968394935,0.00520781483407293,0.00825705479819332,0.00101915484420023,0.0661971092117614,0.0188878747959203,0.264952635967528
"img_00999.jpg",0.762983450690458,0.00950983947340074,0.00507382262961687,0.00494173897386353,0.00100389962163244,0.0121101778807457,0.116094764696272,0.0882823060340105
"img_01022.jpg",0.883896075788951,0.00837881118722622,0.0083190080559437,0.0119845596658572,0.00103951084898501,0.0583370200242405,0.00661444700941015,0.0214305674193865
"img_01031.jpg",0.733676994201364,0.00708287373032507,0.0279318648128935,0.00791961464051957,0.00101965071178224,0.19653802129726,0.0175296003342121,0.00830138027164294
"img_01035.jpg",0.366465949032592,0.0159664820187302,0.01094710422393,0.00715694475361115,0.00100722331887686,0.575445310769648,0.0180524298159885,0.00495855606662347
"img_01059.jpg",0.102903152365167,0.0392821433069973,0.00668357465869639,0.00742073606341183,0.00100403422196219,0.0668718329356501,0.0239153360209766,0.751919190427139
"img_01103.jpg",0.0426461405570324,0.0967205742037852,0.00734825616667477,0.0115525406663526,0.00100293989984127,0.00684727707477477,0.017833180158616,0.816049091272923
"img_01116.jpg",0.77967462875683,0.106924977136076,0.00509080064121451,0.00989149231953407,0.00100292713103136,0.0714843954139579,0.00496707769592941,0.0209637009054261
"img_01134.jpg",0.888674747563285,0.00510248372669265,0.0187181841391125,0.0107578046855125,0.00100295358188237,0.0418962572329699,0.00541566337890681,0.0284319056916386
"img_01179.jpg",0.942550168299927,0.00576664737113162,0.00779445490504276,0.00950606529051556,0.00101062226534398,0.0230009637758991,0.00496253506381973,0.00540854302832055
"img_01188.jpg",0.167876651324504,0.491004586587075,0.00802897568212623,0.0252783483961445,0.00100664238862705,0.237844566526422,0.00848007158454456,0.0604801575105567
"img_01211.jpg",0.964780555405075,0.00794941683809084,0.00482361204743012,0.00482383631228382,0.0010055259884487,0.00482361778329415,0.00482361202862985,0.0069698235967477
"img_01213.jpg",0.650893122946602,0.261736954558976,0.00621619725295764,0.0160170197159639,0.0010113917999069,0.0379022876994121,0.00498445524759456,0.0212385707785872
"img_01222.jpg",0.55133869138371,0.145022991497586,0.00789461265874398,0.0209351757750851,0.00100293959696782,0.0558611799305528,0.00749881751223862,0.210445591645115
"img_01224.jpg",0.0453500557863598,0.0715035168962318,0.160732591967674,0.00492891642559477,0.00100292192872887,0.00874542531677815,0.00592832950523132,0.701808242173401
"img_01253.jpg",0.0101132909492094,0.00474094478005147,0.0047409447573712,0.00474094475705625,0.001002734446087,0.00474094475704526,0.00474094476731517,0.965179250785864
"img_01286.jpg",0.293705871999239,0.0176310163353692,0.0067705445489381,0.0058785268527496,0.00108991497757657,0.0185733264700072,0.00546862233037038,0.65088217648575
"img_01289.jpg",0.124421811019828,0.0617903165881159,0.00527334951015232,0.00823334978709515,0.00100332738220013,0.0698474273657499,0.0264727029397763,0.702957715407082
"img_01328.jpg",0.784811538118815,0.156818177190945,0.00538751950098695,0.0120734235652206,0.00100476669777798,0.0179820862278612,0.00492757165991315,0.0169949170384799
"img_01366.jpg",0.16644988142837,0.0164464361500973,0.0217691912915408,0.030817741623363,0.00100818448298731,0.74208897244741,0.00659340456777457,0.0148261880084572
"img_01371.jpg",0.908241470657351,0.00570253857393873,0.0058543224211089,0.00524705451117656,0.00107046771433885,0.0061227421400228,0.00706725605676001,0.0606941479253028
"img_01379.jpg",0.89780199561209,0.0177085566803447,0.0123074569571923,0.00717700397268052,0.00100546583768114,0.0222205841114115,0.00573214571724034,0.0360467911113599
"img_01384.jpg",0.525356072280559,0.0175364387696968,0.0436321140169198,0.0116365370632253,0.00106976852044691,0.339161876443665,0.00753277748403302,0.0540744154214544
"img_01388.jpg",0.809773796080817,0.0953133264748318,0.00562254095484073,0.00493944826182139,0.00100689746239346,0.0598415874846519,0.00494116144689458,0.0185612418337486
"img_01392.jpg",0.00748620858510727,0.0327818652778265,0.756865113784246,0.00618657314156753,0.00100360867659426,0.0058788125452252,0.00605025946043467,0.183747558528998
"img_01399.jpg",0.0108125082286989,0.809212869063278,0.021708101468339,0.00504268335780596,0.00100288070599729,0.0103264374820994,0.00488746433327366,0.137007055360507
"img_01404.jpg",0.936946413045834,0.0194236327023914,0.00525890946761088,0.0129732972716884,0.00100529329230168,0.00997966419275459,0.00491674935172621,0.0094960406756927
"img_01405.jpg",0.898498045510825,0.00857284648396526,0.00600316365421443,0.0140711644063957,0.00102181216592196,0.0601183738037498,0.00613501360830947,0.00557958036661823
"img_01413.jpg",0.957153086993652,0.00514833655640201,0.00526561867747992,0.00710025270323971,0.0010364212523159,0.0120831438927969,0.00555838870199421,0.00665475122211882
"img_01426.jpg",0.0510032296044716,0.268744542300843,0.00733118671452182,0.00488140158819066,0.00100287471099842,0.00662861222193088,0.550640811517714,0.10976734134133
"img_01441.jpg",0.0100860924732775,0.00478706225991686,0.00523186213507609,0.00478704829661597,0.00100278044871568,0.00563917132155381,0.00478707246509307,0.963678910599751
"img_01444.jpg",0.151768002214414,0.0105517549570127,0.00585401573267132,0.00545905225050929,0.00100292675758977,0.0283957618019921,0.0066043257954429,0.790364160490368
"img_01490.jpg",0.00829770633003878,0.00750331841221317,0.0582282147881581,0.00484606346052133,0.00100283933692971,0.00521933085611313,0.00504162686607791,0.909860899949948
"img_01495.jpg",0.732084980071038,0.0255764600765209,0.00573764534746235,0.00620348336360956,0.00100289931264796,0.02444527246849,0.00490845279535928,0.200040806564872
"img_01511.jpg",0.922346917266198,0.021514985023574,0.0094774239485617,0.00941792106707038,0.00100467855791896,0.0230603013156642,0.00697153125775121,0.00620624156326098
"img_01519.jpg",0.338244214544531,0.0496820645870705,0.00951195753349849,0.0151406331704105,0.00100931476097063,0.2019128049678,0.259339280736546,0.125159729699173
"img_01530.jpg",0.937984992743434,0.00991845132746852,0.00522558008045551,0.00670664213979854,0.00104743175194533,0.00718475701642653,0.00511246432296861,0.0268196806175033
"img_01537.jpg",0.850683811362235,0.00576633806929056,0.021578253923683,0.00508192789844805,0.00102778398729161,0.0797731025401387,0.00641762387962418,0.0296711583392888
"img_01538.jpg",0.921932610123602,0.01180760291113,0.00490729270686071,0.00484224695879977,0.00100298813779666,0.0316533209362118,0.00510094362541448,0.0187529946001851
"img_01543.jpg",0.96426612907794,0.00511016188231213,0.00491728756820981,0.00604341811224613,0.00102041309816669,0.00491532661272645,0.00491484742660642,0.00881241622179287
"img_01548.jpg",0.915709988510048,0.00523147606826684,0.00853097335990029,0.00494310643640059,0.00102006827332277,0.0441023873682316,0.00526083905685755,0.0152011609269723
"img_01552.jpg",0.9684717197804,0.00546993628392343,0.00479385588665806,0.004793855884451,0.0010042451321308,0.00579867206823603,0.00479385624853405,0.00487385871566622
"img_01562.jpg",0.62319800771144,0.0224451361541009,0.010950394174337,0.00841677176653807,0.00101641927950763,0.0374921646953189,0.139056332535261,0.157424773683497
"img_01571.jpg",0.944663371700863,0.0155167889978962,0.00481247930243478,0.00481247986139964,0.00100280588525934,0.00481377421623174,0.00587236772947307,0.0185059323064418
"img_01593.jpg",0.283271237648209,0.335461665132633,0.0140513537235665,0.00685494610018802,0.0010047718236101,0.0681393572184032,0.0359206018067882,0.255296066546602
"img_01616.jpg",0.87517953526485,0.0663536022928866,0.00499352132997057,0.00501661749195735,0.00101974558360079,0.00746990941578646,0.00556255102976273,0.0344045175911851
"img_01618.jpg",0.910567344890129,0.010775062404488,0.00490818470449596,0.00691455402990425,0.00100576317335554,0.0556299890586219,0.00499030836671025,0.00520879337229465
"img_01627.jpg",0.784540162004655,0.140563817869418,0.00489534369896643,0.00535366980775817,0.00100288269821186,0.037032526507857,0.00489105793504262,0.0217205394780911
"img_01633.jpg",0.802430615067742,0.00839233198113217,0.00615270435718764,0.006912416286189,0.00100872079378223,0.0888143154888759,0.0183593086817031,0.0679295873433874
"img_01640.jpg",0.969375311480255,0.00479214371747248,0.00477331214583281,0.00477340245562417,0.00100505020080712,0.00483060803820881,0.00477331013425973,0.00567686182754014
"img_01646.jpg",0.94094088971366,0.0182717644500979,0.00484290024532896,0.00494748506233075,0.00100306682841861,0.0145267106401901,0.00484335196510474,0.0106238310948689
"img_01649.jpg",0.871850275469668,0.0122568745382331,0.00943878675981364,0.0154263716082999,0.00118636279172315,0.0409254662142886,0.0381056997977648,0.0108101628202092
"img_01669.jpg",0.172623344137644,0.0304144888574788,0.00614736155755168,0.751321912088651,0.00100796575009249,0.015241105669765,0.00776965645824328,0.0154741654805738
"img_01681.jpg",0.224256495229641,0.00551859890334253,0.00503822766201708,0.00496617218723536,0.00101129389204632,0.0164961319308504,0.00929325865164321,0.733419821543224
"img_01684.jpg",0.825930223452147,0.039790591955003,0.00537354974558239,0.0196432209166677,0.00100291382213355,0.0266136017188908,0.00492172752638099,0.076724170863195
"img_01687.jpg",0.587304316212068,0.00835249755598975,0.00740763170044744,0.00492194635215032,0.00100300699290432,0.00693484364967545,0.013143843451286,0.370931914085479
"img_01688.jpg",0.117833162488731,0.0855413249116976,0.00543601755544531,0.00888658296636519,0.00100331668952632,0.0681969790497023,0.0220644114105826,0.691038204927949
"img_01689.jpg",0.0164873815165417,0.00721701248270751,0.0357215006186089,0.00492519198814885,0.00100291837257612,0.0380370471399199,0.00811630508448084,0.888492642797016
"img_01724.jpg",0.916609483558232,0.00514765846146049,0.0132455788834664,0.00511331151307371,0.00103211417086048,0.0169241289121741,0.00717318943082922,0.0347545350699036
"img_01745.jpg",0.675571032408922,0.170244569654517,0.0605363587291739,0.0282854120532358,0.00104935760894924,0.0369477094085534,0.00921518834459596,0.0181503717920532
"img_01771.jpg",0.867294426669492,0.0402276925732729,0.00658422039209597,0.011383432025616,0.00100375217358012,0.0181858535658232,0.00493502272924755,0.050385599870872
"img_01773.jpg",0.662650935354037,0.0202277142134651,0.00879896747946977,0.00555559240773935,0.00100548633679532,0.0117434735330786,0.0600317416016296,0.229986089073785
"img_01824.jpg",0.671966159181561,0.00728107222558613,0.010453276574037,0.00820323839014718,0.00102553900152564,0.218596997194313,0.0235112337121927,0.0589624837206368
"img_01831.jpg",0.204830047585593,0.00545590122851344,0.00747730953906739,0.677751372780387,0.0010043389402494,0.0441012426259489,0.00622437810136025,0.0531554091988815
"img_01834.jpg",0.0343397781095372,0.00772914117883628,0.08765891495727,0.00535940350324196,0.00100289148724837,0.00766921372077847,0.00489832600519678,0.851342331037891
"img_01847.jpg",0.323584462943736,0.0429978437542402,0.0063494817001239,0.00557701870967679,0.00100368885847177,0.0183448824693497,0.0130114899164048,0.589131131647997
"img_01853.jpg",0.186156145277696,0.0621625769357236,0.0164362233863253,0.00702421064546031,0.00100839039023636,0.0262326112946453,0.0457081698392716,0.655271672230642
"img_01856.jpg",0.967959463370772,0.00503849279780913,0.00477120353051435,0.0047709699984618,0.00100276441970157,0.00477283777944599,0.0047709551847939,0.00691331291850156
"img_01862.jpg",0.835091086983041,0.0051125043468213,0.0104338002744268,0.0050925284117802,0.0010305126320319,0.0864764687436882,0.00690044741527156,0.0498626511929391
"img_01874.jpg",0.871190191582788,0.00496339937850416,0.00578914939659918,0.00495932782062,0.00100955461607723,0.0434453120337361,0.0201550651353535,0.0484880000363223
"img_01888.jpg",0.0960056000912085,0.283465470288882,0.00822161675593769,0.0433853055558559,0.00100678472437647,0.245901382047369,0.0109435657546072,0.311070274781763
"img_01918.jpg",0.183999606433051,0.0187946103535552,0.00585803171379053,0.736096482819797,0.00100294269709223,0.0175833743396357,0.00566985715442543,0.0309950944886525
"img_01930.jpg",0.884806461020385,0.0114243758941423,0.0102173967511269,0.0104984208266447,0.00100445940248956,0.0696282425137035,0.00495044636612966,0.00747019722537827
"img_01932.jpg",0.700824348510904,0.0211727480476152,0.0066893087480196,0.00510016211315499,0.00100375159086373,0.0259667088382813,0.00660805318706375,0.232634918964097
"img_01955.jpg",0.00812461206364852,0.00474611171430169,0.00474610868122614,0.00474610868095807,0.00100273959413957,0.00474610867611585,0.00474610879067382,0.967142101798936
"img_01963.jpg",0.952595610136731,0.00497642292871555,0.00485474919675592,0.00497613531692418,0.00100280614101029,0.00593509510684197,0.00481289239512131,0.0208462887779001
"img_01966.jpg",0.864620349569572,0.0883728876448186,0.00480845105556206,0.00480905209230495,0.00100280122790324,0.0134189695292033,0.00485692250440087,0.0181105663762352
"img_01983.jpg",0.856167974458137,0.0224117780168725,0.0243802316521061,0.00848963184691591,0.00112217455849167,0.0344664505014077,0.00784783278274145,0.0451139261833277
"img_01984.jpg",0.17818827350487,0.0124222274178761,0.00480313069957554,0.00480510762050402,0.00100279635329442,0.010027834437413,0.00480349447862142,0.783947135487845
"img_01995.jpg",0.0216540161221599,0.329330518419174,0.0112502610194661,0.232254409148177,0.00100548418803567,0.170757220745626,0.0282128630854438,0.205535227271917
"img_01996.jpg",0.141545948674778,0.0240557840490092,0.00563384022165112,0.00832318595111044,0.00100450695738412,0.717596967727846,0.0181520931026902,0.0836876733155306
"img_02001.jpg",0.404343957244691,0.00993597760345749,0.0205524062968603,0.00499869111260274,0.00100645290321626,0.108957374797899,0.195017023429401,0.255188116611873
"img_02006.jpg",0.359228390485692,0.0228721677303681,0.27897236004835,0.132131263188737,0.00100378001790896,0.0321048450386333,0.00614994419050281,0.167537249299808
"img_02066.jpg",0.918391685340648,0.00640389457652024,0.00784827247942068,0.0066374753782108,0.0010168185020565,0.0423682206408361,0.00536118758345446,0.0119724454988532
"img_02074.jpg",0.932735260830413,0.00636695033713046,0.010071717910781,0.0101202308976925,0.0010149971810928,0.0262474120321403,0.00522933810281816,0.00821409270793129
"img_02076.jpg",0.0849706562381262,0.788918831150082,0.00647667814584283,0.00603426801063272,0.00100494905101694,0.00765110299117937,0.0049691743473253,0.0999743400657947
"img_02077.jpg",0.107638795331995,0.0208706284013172,0.0232835044122195,0.779577660481029,0.00100298497014151,0.0285067572828653,0.00847132597663252,0.0306483431438004
"img_02096.jpg",0.966916834828966,0.00475493407090993,0.0047495270178038,0.00474953274554892,0.00100274302160306,0.00730435674219118,0.00474958419371084,0.0057724873792662
"img_02119.jpg",0.719435388109687,0.0121971772286366,0.182935603568028,0.0145433545409093,0.00100323902768126,0.0398155569483293,0.0109685424699419,0.0191011381067858
"img_02124.jpg",0.0708302584255194,0.00981444364499486,0.0195050006112066,0.00574653666208188,0.00102167781277003,0.837625554706896,0.0107516030128435,0.0447049251236874
"img_02172.jpg",0.896879943044978,0.00916370695971869,0.0172315844001371,0.00508049986433532,0.00103001103189428,0.0304697491718453,0.00718925171897085,0.0329552538081204
"img_02180.jpg",0.859935630136066,0.0353037255481211,0.00724269652195743,0.00544818024623828,0.00100982253493372,0.0542903497470548,0.00912882921206612,0.0276407660535627
"img_02188.jpg",0.751938086516585,0.0214741344528947,0.00833699647346819,0.00656643683514463,0.00101984641282543,0.105597137040668,0.0202329898775102,0.0848343723909038
"img_02209.jpg",0.128790140362094,0.0132178352169194,0.018513602870554,0.0118973093795303,0.00102901776533499,0.732555317312893,0.0403560965327649,0.0536406805599092
"img_02235.jpg",0.0377953736781457,0.264951765066185,0.0163477651687424,0.129281262573953,0.00100460197779274,0.282328192011799,0.038857202297698,0.229433837225684
"img_02252.jpg",0.967622925253687,0.00515899964874967,0.00476839957209331,0.00476823453621062,0.0010027617062367,0.0047924947115314,0.00476875167300136,0.00711743289848982
"img_02268.jpg",0.937824618466051,0.0074693786941018,0.00923053496217304,0.0178311343446178,0.00100934922378628,0.00890858475527455,0.00495054701608389,0.0127758525379116
"img_02270.jpg",0.887401223477569,0.0136422045226218,0.0244783959346235,0.010974552141071,0.00103082530234657,0.029945405113788,0.00765506634747572,0.0248723271605046
"img_02281.jpg",0.129991367444058,0.0186529192138837,0.0074246829036741,0.816590782222605,0.0010029100225186,0.0142443908800079,0.00504989085108055,0.00704305646217176
"img_02282.jpg",0.0068388428992622,0.00475642594681378,0.00475570297862982,0.00475567804405638,0.00100274916216519,0.00579494706521214,0.00475845916834314,0.967337194735517
"img_02291.jpg",0.968791547867767,0.00624811757931443,0.00475662983846383,0.00475662992398432,0.00100275011963487,0.0049300890961784,0.00475662977867965,0.00475760579597757
"img_02299.jpg",0.601341352195083,0.0944827047969515,0.011678407658789,0.0159858915963057,0.00100296511396969,0.0664567610183942,0.0123049247005559,0.196746992919951
"img_02305.jpg",0.0148464392018826,0.449110016633641,0.009336176532175,0.1654190952405,0.00101343061785033,0.0955906011202767,0.0295082393481807,0.235176001305493
"img_02307.jpg",0.464819918495453,0.0198404012749976,0.00518782752663045,0.00570120687994339,0.00101843770976487,0.13393670292247,0.0162535804223528,0.353241924768388
"img_02309.jpg",0.967746885539396,0.00508738875645985,0.00479485212465136,0.00479507527752277,0.00100505457835537,0.00479501940296008,0.00479485821426034,0.00698086610639468
"img_02318.jpg",0.0406752300952896,0.00526333484883454,0.00493655638390352,0.00489022948802616,0.00100288229212967,0.00612639895746001,0.0052173188009317,0.931888049133425
"img_02356.jpg",0.0504259963152772,0.00668722323017898,0.0105250742322576,0.0112577575545178,0.00100462820072994,0.0146299391161833,0.0125212668611206,0.892948114489735
"img_02367.jpg",0.908605116888525,0.0165239326066174,0.00568982950856692,0.00631202411142187,0.00105541678960735,0.0408463452587499,0.00821907722742932,0.0127482576090824
"img_02379.jpg",0.240361987191598,0.00621893453086953,0.00483677121429497,0.00483726116978568,0.00100283003509383,0.0102749120685102,0.00495657955875492,0.727510724231093
"img_02384.jpg",0.692743091975179,0.0148430404878823,0.00724426141763623,0.00654609764077297,0.00102210165098048,0.205534423882926,0.0164453831931717,0.0556215997514516
"img_02398.jpg",0.846465035652909,0.03283435664355,0.00564476380325945,0.0126381165306745,0.0010029105790406,0.051861621627464,0.00491740989222787,0.0446357852708745
"img_02400.jpg",0.919307496263668,0.0111582939129545,0.0149705683886361,0.00530035025108108,0.00100290311166539,0.0289541302578847,0.00675095722506221,0.0125553005890482
"img_02406.jpg",0.0836450739626469,0.0109167259143634,0.0259619938493554,0.833013171807651,0.00100308015121376,0.0131590042298917,0.00882242011129906,0.0234785299735792
"img_02412.jpg",0.874275312739416,0.00505214202616081,0.00497702343489004,0.00497747754581603,0.00102367146361296,0.00702184767956854,0.00744037434711591,0.0952321507634192
"img_02422.jpg",0.606049087582625,0.0835825105686085,0.00931037723217942,0.0163244779907398,0.00100770354489995,0.0273319745206325,0.0335223600035804,0.222871508556734
"img_02486.jpg",0.9167058770883,0.0279055224780219,0.00613435975794369,0.00488204023758726,0.00100287499396078,0.0102670980433955,0.00491189859932103,0.0281903288014696
"img_02487.jpg",0.93268494865024,0.0155553053034889,0.00485926234905119,0.00485949228582735,0.00100374969809953,0.00628250188315419,0.0048595250626819,0.0298952147674569
"img_02522.jpg",0.790131933843806,0.0146922866583066,0.0050181926477473,0.00668486625571058,0.00101925476362679,0.0170689111206096,0.00639181253787441,0.158992742172319
"img_02556.jpg",0.198254598555091,0.0274375910051637,0.00519778930270381,0.0049521649205071,0.00100298517415891,0.00652445593001396,0.0100617019414295,0.746568713170932
"img_02565.jpg",0.686662379115054,0.00905549418962458,0.0161928426277768,0.00673778808859793,0.00102610812042086,0.0780796407566503,0.0493839120484182,0.152861835053458
"img_02574.jpg",0.367215405755906,0.00647397435099181,0.00785576237622859,0.00695218717075964,0.00114722327952676,0.0150400676685779,0.00653994237472848,0.588775437023281
"img_02602.jpg",0.873093009007368,0.0255454279912225,0.00541727658072382,0.00642425483226276,0.00100744629563278,0.0428164470969954,0.00834696483987706,0.0373491733559175
"img_02622.jpg",0.881818641858764,0.0174393586676126,0.00604564755110882,0.00504039179062675,0.00100597389203821,0.0126548258918659,0.0117653166863747,0.0642298436616087
"img_02625.jpg",0.135140837802561,0.0228597651766528,0.00882610597399879,0.00550203540405322,0.00100817628914715,0.746025908126166,0.00943131613218485,0.071205855095237
"img_02636.jpg",0.748939748736256,0.0614843633277201,0.00480054771211415,0.00480053283347449,0.00100304890170887,0.00485341145148999,0.00480215951458085,0.169316187522656
"img_02638.jpg",0.901360895029154,0.0394625881702897,0.00628457356753855,0.00726932179765275,0.00100967506393802,0.0225533893717715,0.00733806948259909,0.0147214875170563
"img_02646.jpg",0.0190060267274641,0.00744103328492998,0.0049910500189827,0.00673742514221337,0.00100284916293023,0.00504446953345386,0.0217133859875356,0.93406376014249
"img_02656.jpg",0.71154779492237,0.0210222202019632,0.00541337162949197,0.00597855514842449,0.00100285870667993,0.00525102030014779,0.0048655539419708,0.244918625148952
"img_02666.jpg",0.962661018055236,0.00490667590968791,0.0084082909514876,0.00490666848969724,0.001021015222196,0.00490685611627099,0.00490666848971689,0.00828280676570753
