"image","ALB","BET","DOL","LAG","NoF","OTHER","SHARK","YFT"
"img_00007.jpg",0.356978478825239,0.129611519669032,0.0339881687814676,0.0267504955099782,0.00995894080059702,0.00981745844831208,0.0104532264558647,0.42244171150951
"img_00009.jpg",0.844286541235404,0.0673257385874999,0.00967769648045207,0.0105621317450593,0.00995799904997876,0.0283948622653316,0.0106123988274584,0.0191826318088158
"img_00018.jpg",0.710279009525463,0.144470842233928,0.0106607064219294,0.0411416932113512,0.00996441718401052,0.0465453093328876,0.00977530858534495,0.0271627135050854
"img_00027.jpg",0.17856547992883,0.0768754041548531,0.0191665082993831,0.0117021148499486,0.0101825081866454,0.564271327067885,0.0481903973008302,0.0910462602116245
"img_00053.jpg",0.862608343036127,0.0322624426147433,0.0137175911629818,0.0151350580218125,0.0102536854813657,0.0253501173919115,0.0106581160251991,0.030014646265859
"img_00071.jpg",0.281570697294478,0.028935228281606,0.01115319177523,0.632128789093948,0.00995895410033778,0.0153169937324354,0.00972065151808713,0.0112154942038774
"img_00075.jpg",0.676967131253402,0.0800030025561704,0.0123122796836951,0.0329435760145215,0.0105766973768134,0.154056580402414,0.0201922786787649,0.0129484540342193
"img_00102.jpg",0.253306000195176,0.100561129555275,0.0149338598116717,0.0152120501957497,0.00998337718971773,0.102028840661395,0.0171299382525355,0.48684480413848
"img_00103.jpg",0.663261386040522,0.0440147622717135,0.00972936852145746,0.0130416702188188,0.00995792227285729,0.1938695730596,0.0335480394065365,0.0325772782084945
"img_00109.jpg",0.901139711798342,0.0104417340055741,0.00969200159267478,0.00969200159267478,0.00996085619604371,0.0143150492574264,0.0110644336094464,0.0336942119478183
"img_00125.jpg",0.322467264604974,0.0326866511010229,0.0232895701219767,0.0109131491537434,0.0099592469959179,0.186955146598497,0.0362656161635027,0.377463355260366
"img_00128.jpg",0.0307773533254029,0.0391661810077652,0.285394946449441,0.0144243232044878,0.00998903965698008,0.0177670126589355,0.0161622819486117,0.586318861748375
"img_00129.jpg",0.341205803535781,0.0373434202126018,0.0181593302206544,0.021441977890206,0.0102417947447112,0.0708870994167863,0.330052611764136,0.170667962215123
"img_00138.jpg",0.796847317809428,0.0545177551979962,0.0473335875191247,0.0355667577772881,0.0100268399450694,0.0249245545917023,0.0136318071705235,0.0171513799888683
"img_00141.jpg",0.0187164598035702,0.0491660461272838,0.0298780040485218,0.0133002289635797,0.00995812916448083,0.0116073847903919,0.00966874081033186,0.85770500629184
"img_00152.jpg",0.0379092741090428,0.0151777131929538,0.0126748338392008,0.0137383315791883,0.0100172914452087,0.0156112495002431,0.0140407352502152,0.880830571083947
"img_00161.jpg",0.0167351420902174,0.00956551568296908,0.00956551568296908,0.00956551568296908,0.00995702828796892,0.00975532184041869,0.00956551568296908,0.925290445049519
"img_00170.jpg",0.396969154228983,0.0114907956527434,0.0168317552189971,0.410642689505972,0.0100006147047084,0.0682397179986314,0.0106834260845387,0.0751418466054259
"img_00180.jpg",0.122232619573144,0.0440846585720851,0.0192341030737562,0.0245734396684102,0.00998868198477843,0.0187828425621127,0.0248121661503922,0.736291488415322
"img_00212.jpg",0.243522692520324,0.011896793762879,0.0156628930667907,0.0104671408274503,0.00995757612145354,0.0122054913201896,0.0120285757887717,0.684258836592141
"img_00223.jpg",0.376533601256652,0.0295182149250299,0.378746361698261,0.0348619425687866,0.00996107456331297,0.122841084608769,0.0177972024661753,0.0297405179130134
"img_00230.jpg",0.836534542159753,0.0750757403495273,0.00967491511312873,0.0128895642685365,0.00995809643668811,0.0240309248762099,0.00967491511312873,0.0221613016830272
"img_00232.jpg",0.01949294665212,0.011323143669542,0.0236758478683431,0.0101010821730646,0.00995860045113119,0.0209470657747603,0.890595032181108,0.0139062812299312
"img_00244.jpg",0.425869810556889,0.157045579280677,0.0123427982716507,0.0138352479736705,0.00995972174683209,0.106791471749499,0.0316739437500853,0.242481426670697
"img_00280.jpg",0.820184805741924,0.0104891149071839,0.0482513792835173,0.013526548204027,0.0107461513185897,0.0154683271198256,0.0155796275666466,0.0657540458582856
"img_00285.jpg",0.422840362616214,0.0662642261348684,0.0238937594591002,0.0112387706788939,0.0103450933673652,0.0428407891730523,0.0514893975325142,0.371087601037991
"img_00292.jpg",0.304161234837852,0.076160267760845,0.0192828530077413,0.0136620369463027,0.0102014864708302,0.0974363089572336,0.0379273581993805,0.441168453819815
"img_00311.jpg",0.885342622249024,0.0111204708799674,0.0122133246746215,0.00965875867499523,0.00999263156525825,0.0421704848439668,0.0130336467885911,0.0164680603235756
"img_00320.jpg",0.835608615377877,0.06659509897612,0.0175516925770261,0.00971862825923058,0.00997811985372643,0.0284923572358123,0.0110392938097876,0.0210161939104204
"img_00331.jpg",0.644559814583794,0.023742038850159,0.0119964637603872,0.0151362774846401,0.0101543333615107,0.15392556606788,0.0725045542105014,0.0679809516811281
"img_00358.jpg",0.490662288653194,0.0574418231280432,0.0098987437466971,0.0132767725195251,0.0099782105545688,0.137790533006016,0.0552459694363659,0.22570565895559
"img_00374.jpg",0.617977169708504,0.0928735454948345,0.0110631189354911,0.0135609879937673,0.00995865662000668,0.0243142281491881,0.0221768758844963,0.208075417213712
"img_00375.jpg",0.211006790523654,0.130023222728044,0.323462014253552,0.0549565608814967,0.0099844512924111,0.173166151250667,0.0260752484071144,0.0713255606630601
"img_00380.jpg",0.677192341016148,0.018910424031699,0.0414118020936218,0.0300389991705749,0.00997550018735457,0.200911216568687,0.00987390574059029,0.0116858111913244
"img_00383.jpg",0.918279475315116,0.0121926304925034,0.0108107376069744,0.00959410533988032,0.00996214508947271,0.0167681852930091,0.00959410533988032,0.0127986155231633
"img_00398.jpg",0.832762561562211,0.017614043771109,0.00974255551261866,0.00974255551261866,0.0100486355233973,0.00995094011191522,0.019047870757294,0.0910908372488363
"img_00407.jpg",0.733939577432025,0.0320451529465911,0.0452391693884958,0.053489565889705,0.00996054385867628,0.0996754255084909,0.0102564051037413,0.0153941598722745
"img_00417.jpg",0.0873478563899513,0.0109348285902612,0.0103585003133679,0.0095628980486885,0.00995674904378506,0.0095628980486885,0.0095628980486885,0.852713371516569
"img_00442.jpg",0.0124225103452929,0.0100540788938334,0.00947959173160001,0.00947959173160001,0.00995668616323411,0.0098167979134182,0.00947959173160001,0.929311151489421
"img_00446.jpg",0.7119184476175,0.0317931539535048,0.0108128371758917,0.0343994188521323,0.00999074869707449,0.122964867148222,0.0242007121241993,0.0539198144314745
"img_00469.jpg",0.725271958113137,0.0904860946342235,0.0125239821130877,0.00981561463712416,0.00998414872389122,0.0407778314758246,0.0197019071761196,0.0914384631265918
"img_00473.jpg",0.89652540536131,0.0135893830989484,0.00978947976114686,0.00978947976114686,0.0100454206552223,0.0100263501866755,0.011738561939255,0.0384959192362949
"img_00483.jpg",0.836369241805709,0.0425653589219096,0.00982547372492226,0.00971661441513672,0.00996079545289713,0.0190924176375186,0.0427459172377261,0.029724180804181
"img_00484.jpg",0.420062995459978,0.34233531289381,0.0142384637833363,0.0237169314192396,0.00995904978236885,0.0245552213593188,0.0169138579418834,0.148218167360066
"img_00486.jpg",0.808977994725326,0.0368562353690424,0.049486042972075,0.0252369138385161,0.0102672134619292,0.0291107424197264,0.0294652238686653,0.0105996333447196
"img_00533.jpg",0.165143847395519,0.108955536917421,0.0210149841831486,0.0168458129400351,0.0100155183636787,0.086866402582394,0.0406628077706868,0.550495089847117
"img_00538.jpg",0.85556336570873,0.0386596866797365,0.0103446698591685,0.0102701293716582,0.00995916044450271,0.0131901615906076,0.0097746042915139,0.0522382220540824
"img_00543.jpg",0.885401401185699,0.0104253853253851,0.0107960637122874,0.00962210234958518,0.00996919779542865,0.0480522141974588,0.0115976132953295,0.0141360221388262
"img_00551.jpg",0.576758494162073,0.00987928639517756,0.0353808387077963,0.0439412920809137,0.0100112332132614,0.270772013239331,0.0101128621134182,0.0431439800880288
"img_00575.jpg",0.74710645454912,0.045512231385584,0.0147414914406077,0.0113809779780041,0.0103023680508875,0.0467680854147786,0.0317075537955906,0.0924808373854275
"img_00582.jpg",0.789868424750057,0.0378419363213899,0.0184670212285601,0.0145516760076221,0.0118195123130792,0.0939859194553411,0.0159030306869486,0.0175624792370015
"img_00584.jpg",0.8996664497442,0.0126064226784672,0.0131574853938186,0.0208074513537899,0.0112631067937117,0.0167467673338048,0.0126563413144245,0.0130959753877832
"img_00587.jpg",0.144463660802518,0.0523244896229142,0.0161326201793084,0.0104599547374197,0.0100388138411884,0.28281144269293,0.0661016670736827,0.417667351050039
"img_00591.jpg",0.205616741484531,0.027960538646341,0.0140718522969742,0.00980797763563693,0.00995869358284919,0.132762974440055,0.02020958109705,0.579611640816563
"img_00598.jpg",0.78241947489065,0.0370621315681014,0.0148346587832175,0.0479156890837276,0.0101669535959327,0.0578352398217853,0.0146240916295471,0.0351417606270387
"img_00599.jpg",0.672141010783377,0.0617807459231263,0.0249021338659741,0.0138709063753385,0.0101520411662032,0.0243452113215578,0.0651308584763792,0.127677092088044
"img_00612.jpg",0.480891190492272,0.0115521336702559,0.0145311024815537,0.0155928264188112,0.0101444403244461,0.331674622145821,0.0444374112599437,0.0911762732068965
"img_00620.jpg",0.655958146958312,0.0278256273035827,0.164256280445609,0.0204693099191883,0.0100588877807093,0.08099591334458,0.0261523403397171,0.0142834939083014
"img_00642.jpg",0.374678280787962,0.0529938791313699,0.0118567708449873,0.493930712128375,0.00995829072692464,0.0323615281838992,0.0106389990191094,0.013581539177373
"img_00646.jpg",0.0173018527017323,0.0146318491865141,0.0193797522513584,0.00962486494988716,0.00995726682259231,0.0143194784824777,0.00962486494988716,0.905160070655551
"img_00648.jpg",0.868230451475162,0.0175705177448915,0.0127613051977619,0.00991461696161624,0.00998566421915108,0.0467770714704722,0.0160873246055814,0.0186730483253638
"img_00654.jpg",0.691516608616628,0.0404378023520553,0.0492150958387845,0.024235055562419,0.0110051921862972,0.0635767861407717,0.0542971295403201,0.0657163297627238
"img_00664.jpg",0.793763085059127,0.0636495686417165,0.0144422352984431,0.00979392357559757,0.00996371809634496,0.028024600530349,0.0389903836334525,0.0413724851649692
"img_00697.jpg",0.012344663463873,0.0117430317009964,0.01634969756299,0.0112160138412692,0.00995658420834272,0.0095322308184123,0.0095322308184123,0.919325547585704
"img_00708.jpg",0.334008747019134,0.0789769339941451,0.0475565504063307,0.0348011173628487,0.0101372096917686,0.232660870557808,0.153073575680654,0.108784995287311
"img_00717.jpg",0.580125539574902,0.0944757974564472,0.0104371088086527,0.032985115650742,0.00995907815986927,0.225208407699288,0.023161128053929,0.0236478245961699
"img_00718.jpg",0.816496543354551,0.00974013549947026,0.0149243284675195,0.0231680566342442,0.00995821009369173,0.0691814958150165,0.00974013549947026,0.0467910946360364
"img_00726.jpg",0.880352861852077,0.016407782174104,0.0144787424071681,0.00962279656918856,0.00995700409984304,0.0222744268137422,0.0361440235951827,0.0107623624886946
"img_00730.jpg",0.0845184131117349,0.0269707187128411,0.0154619488377133,0.0110758151720173,0.00997053794286247,0.0227826217137923,0.0609808374897399,0.768239107019299
"img_00757.jpg",0.824129836464223,0.0132001634643711,0.0155407449503423,0.047967812381437,0.00998774404731764,0.0504260798801702,0.0107649183843471,0.0279827004277914
"img_00760.jpg",0.428265867285361,0.0739571368473684,0.0152657369703481,0.405017511213246,0.0100005311589493,0.0297997808852501,0.0171635883043598,0.0205298473351168
"img_00764.jpg",0.0123385924908476,0.0118655935770533,0.0304006455350888,0.00961938067922239,0.00995749865248535,0.00961938067922239,0.00961938067922239,0.906579527706858
"img_00765.jpg",0.154648537639952,0.0903237517912223,0.0117204707551195,0.0742468426412312,0.00997866605506446,0.553480729192496,0.0256410198943623,0.0799599820305521
"img_00773.jpg",0.770784111341849,0.0254284135307045,0.0571097762889289,0.0628730697181491,0.00996065150644267,0.0399043781221094,0.0185461544434016,0.0153934450484144
"img_00777.jpg",0.7627121973625,0.0269880591143114,0.0116159037978159,0.0102593998971163,0.0100913981377642,0.143435470093484,0.0249952833398604,0.00990228825714866
"img_00780.jpg",0.0162570939266517,0.0200578618801109,0.027967682577136,0.00978993129463251,0.00995844982713525,0.0686716522599672,0.0722214764158512,0.775075851818515
"img_00798.jpg",0.652228106141002,0.149376009290687,0.0138901847285855,0.121135096398811,0.0102620716273807,0.0228006148812266,0.0138211014145632,0.0164868155177445
"img_00808.jpg",0.791099843948892,0.0651829593458958,0.0115739125936433,0.0118467275870041,0.00995838583720764,0.018805759414762,0.00973800969097248,0.0817944015816231
"img_00816.jpg",0.872440691608862,0.0155417022394416,0.0191064011980374,0.00988739878657931,0.0100827865332173,0.0333564830724334,0.018882837085706,0.0207016994757234
"img_00837.jpg",0.849463388650647,0.0382058028385718,0.0130193045368758,0.0137088651059867,0.0101499512542567,0.0407937586226967,0.0105635213019358,0.0240954076890299
"img_00855.jpg",0.606924795163992,0.0861611330973991,0.03008867298012,0.0135540862361059,0.0101747800569552,0.0762643484175418,0.0468072411866448,0.130024942861241
"img_00857.jpg",0.835294194159571,0.0611236019303636,0.0263574670675173,0.0100736369325603,0.0100477381478027,0.0317538686332376,0.0147274462591134,0.0106220468698346
"img_00858.jpg",0.841027095328992,0.0136481443008204,0.00979931825079712,0.0104471058676494,0.00998406039554827,0.0720916052385341,0.0227681327152979,0.0202345379023613
"img_00865.jpg",0.874649208696169,0.0440634884829697,0.00960169094704529,0.00960169094704529,0.00995783617776097,0.0148408508863306,0.00960169094704529,0.0276835429156341
"img_00902.jpg",0.0169205954616171,0.0101817516821506,0.0190164231377408,0.01233534021398,0.00996370565942828,0.020150078873936,0.899786854682521,0.0116452502886263
"img_00914.jpg",0.0123272072578258,0.013307584935437,0.0136844887828926,0.013877442860763,0.0099564309582318,0.0107903499802416,0.00953271063253402,0.916523784592074
"img_00921.jpg",0.515418296841762,0.0190704155615389,0.0464121515558142,0.0131097204509918,0.0101927525037234,0.16745360696367,0.0710773792155684,0.157265676906931
"img_00927.jpg",0.450885287656791,0.0857832310335396,0.0301583012586287,0.0117309885602862,0.0100461676619517,0.0757987736043726,0.0816990542692358,0.253898195955195
"img_00943.jpg",0.837124859121325,0.0316478220246987,0.0103793924649921,0.00965345607331436,0.00995749171745972,0.0133481344133213,0.0568618600904262,0.0310269840944627
"img_00959.jpg",0.931165959926889,0.00963847119110851,0.00963847119110851,0.00963847119110851,0.0100847941231108,0.00963847119110851,0.0100578250134888,0.0101375361720777
"img_00962.jpg",0.0176750366542124,0.0146949964997956,0.0823815074714075,0.0210063660859279,0.00995744930221298,0.0281632158962674,0.00967525633563572,0.816446171754541
"img_00964.jpg",0.0125611767612347,0.029283213863812,0.829999987608916,0.0118216221702263,0.00995862101560866,0.0125549352834357,0.010136777510901,0.0836836657858653
"img_00974.jpg",0.760498891505383,0.0818823734656065,0.0138832321980055,0.019811386742897,0.009958982844336,0.0196130631738332,0.0305194350193988,0.0638326350505401
"img_00979.jpg",0.028715859714144,0.00997683724247603,0.0811910725479573,0.00971971369772658,0.00995813302637168,0.015642814791061,0.00981874262785955,0.834976826352404
"img_00985.jpg",0.349681128853799,0.0843938650528186,0.0149491020044582,0.0146092881110502,0.0101844731836765,0.0769977577698696,0.0358004332043656,0.413383951819962
"img_00999.jpg",0.785383216218455,0.0158537955116122,0.0125443584041259,0.00983466119997528,0.00997244460809957,0.0463302072037726,0.021911626338568,0.0981696905153919
"img_01022.jpg",0.759333338289168,0.017256216407522,0.0225223584727476,0.0293799484913413,0.0104713483937802,0.115252035623061,0.0124478423235569,0.0333369119988226
"img_01031.jpg",0.714077007374343,0.0290475884722687,0.0718120422622627,0.0181146701827269,0.0101914066425146,0.0803479418206602,0.0508050795245815,0.0256042637206429
"img_01035.jpg",0.77072311730952,0.024977998937131,0.0181631307646888,0.0128859738412854,0.0100184393735081,0.125353112061974,0.0280557475659339,0.00982248014595906
"img_01059.jpg",0.270493240817229,0.071166170286287,0.0136385073778831,0.0132818780490526,0.00997432231481928,0.137505507474893,0.0362224440939645,0.447717929585872
"img_01102.jpg",0.181924464714662,0.602421801993068,0.0162663854713739,0.0785487743955797,0.0100156380125001,0.016768163398472,0.0123098706422891,0.081744901372055
"img_01103.jpg",0.0706613574083082,0.281214890694785,0.0381109227089578,0.0294566080914342,0.00995920892758501,0.0128671262934,0.0408172503483917,0.516912635527138
"img_01116.jpg",0.831301968163686,0.0440973158312199,0.016129394697964,0.0167320953430801,0.0099590325352716,0.0251913910348685,0.016008648862892,0.0405801535310176
"img_01188.jpg",0.360876238496139,0.0740693167556405,0.0141799270608547,0.0456259427748251,0.0100103945488462,0.404206384445581,0.0153267875255748,0.0757050083925386
"img_01198.jpg",0.377059618360859,0.0351651012798531,0.118749289320889,0.0292610240538628,0.0129201843000244,0.038589437752385,0.329098799035617,0.0591565458965105
"img_01211.jpg",0.83105388614296,0.0437395575449367,0.01547434063321,0.0148279867286275,0.0099949457976367,0.0626344940127972,0.00968388128338961,0.0125909078564417
"img_01213.jpg",0.832258588409328,0.0336437909896032,0.0115995913226021,0.0252717317642404,0.010076269875639,0.0482770182410201,0.00988209762723355,0.0289909117703335
"img_01222.jpg",0.242998523496095,0.227273071451655,0.0150591154873392,0.0405511720345724,0.00995919844077531,0.107429850184304,0.0218032890990172,0.334925779806242
"img_01224.jpg",0.0659499642621952,0.0242219894756053,0.158127130787244,0.0156261045304402,0.00995895886719435,0.0349388543362496,0.0125893173524615,0.67858768038861
"img_01253.jpg",0.0169113672159648,0.00944331656558664,0.00944331656558664,0.00944331656558664,0.00995637309739652,0.00944331656558664,0.00944331656558664,0.925915676858705
"img_01286.jpg",0.699139365381663,0.0431325685582027,0.0130796783837552,0.0117961612515406,0.011201928101221,0.0507243538087047,0.012061428567171,0.158864515947742
"img_01289.jpg",0.404286062842375,0.0982650321730006,0.0103966823480146,0.0143905458402763,0.00996455901563718,0.109678612922738,0.0397507493574745,0.313267755500483
"img_01328.jpg",0.857350158274296,0.0399306270935196,0.0103943776304096,0.0196957979823091,0.00998444501373823,0.0304840349068481,0.00975442315636798,0.0224061359425112
"img_01371.jpg",0.738650595826078,0.0215782771464656,0.014879450432397,0.0107820938382369,0.0109165637034724,0.0185088458614131,0.0181104796723631,0.166573693519574
"img_01379.jpg",0.826791064913369,0.0257792589304322,0.0366389671483543,0.0256959248989747,0.00999410620744473,0.0382303596918175,0.0126415394771791,0.0242287787324289
"img_01388.jpg",0.816177197578666,0.0713121247385306,0.0107137533053501,0.00976295847093321,0.0100139262257453,0.0436078761011206,0.00976295847093321,0.0286492051087207
"img_01392.jpg",0.0132763039669818,0.0484601450082475,0.634241210329511,0.0114816514209317,0.00996844283721849,0.0110478111980325,0.0112920541617038,0.260232381077374
"img_01399.jpg",0.0383545279112655,0.627741833195724,0.0472516494667646,0.0115706220071008,0.00995839199293427,0.0257137928805312,0.0180046811162053,0.221404501429475
"img_01404.jpg",0.883488959861028,0.0328845421894035,0.0102275545525995,0.0209572318713041,0.00999172651660216,0.017022552039749,0.00975143505043501,0.0156759979188784
"img_01405.jpg",0.868041541043313,0.023182206825376,0.011425823327409,0.0260618055025274,0.0102216635550944,0.0386158973511656,0.0116149953098988,0.0108360670852163
"img_01413.jpg",0.896469966478276,0.0103410858803042,0.0130628246570706,0.0130937367922731,0.010427510273712,0.0332167090897744,0.0109219438340829,0.0124662229945067
"img_01431.jpg",0.305487863007701,0.0494930251194025,0.0138891973563797,0.547550437335582,0.00998648943268968,0.0406600029207579,0.0110313781659187,0.0219016066615693
"img_01441.jpg",0.0182144500236728,0.00958719097414019,0.011272101183123,0.00958719097414019,0.00995700818512292,0.0107717408254278,0.00958719097414019,0.921023126860233
"img_01444.jpg",0.153170253469268,0.0232458486961073,0.0173311076181825,0.010830571165511,0.00995902690909856,0.0574971927947197,0.0356532030010317,0.692312796346081
"img_01490.jpg",0.0143611599407416,0.0147942247330281,0.213033479904288,0.0163927347019117,0.00995782080479978,0.0184147413726134,0.010992495800502,0.702053342742115
"img_01511.jpg",0.865069929133214,0.0336533205239546,0.0148958158362433,0.0175750413541105,0.00998322659637453,0.0349776709588929,0.0126298937742122,0.0112151018229982
"img_01519.jpg",0.343032921912501,0.118236646343065,0.0222679817844322,0.0260308280019128,0.0100474166598965,0.379863482079334,0.0257822155907386,0.0747385076281198
"img_01530.jpg",0.798801415500481,0.0240689145617783,0.0346586354335164,0.0342346881600984,0.0105842259407131,0.020492415253824,0.0150310245457131,0.0621286806038759
"img_01537.jpg",0.64995685562182,0.0205371950116091,0.176348161042226,0.0126674500410245,0.0103055209974174,0.0340155841664122,0.0352440051369021,0.0609252279825891
"img_01538.jpg",0.880985275736764,0.018139880949568,0.0096597405622845,0.0096597405622845,0.00995987494661039,0.0483144772142092,0.0117687624828095,0.0115122475454701
"img_01543.jpg",0.91994840968235,0.00986015326639346,0.0136274471504821,0.0114402928800843,0.010202072606919,0.00986015326639346,0.00986015326639346,0.015201317880984
"img_01548.jpg",0.825624084441988,0.0124558086000793,0.0405254732274594,0.00996973092589089,0.0101972477265073,0.0172811010581318,0.037370290107632,0.0465762639123114
"img_01552.jpg",0.84445879641603,0.0232797824488597,0.0287394117569263,0.00964399648513308,0.00997723690446983,0.054689858171159,0.0194617128159635,0.0097492050014584
"img_01571.jpg",0.878646866841463,0.00981921895555804,0.00984231265502349,0.00961579276254112,0.0099573585675261,0.0179394578144048,0.0362134580736615,0.027965534329822
"img_01593.jpg",0.4269417638466,0.0500377654273564,0.0237774059351489,0.0124963863880773,0.00998451613477614,0.106106865458454,0.0529438294614144,0.317711467348172
"img_01616.jpg",0.760334614706347,0.118762679564626,0.0118243492462179,0.0133801511525279,0.0101927338944395,0.0344993794708119,0.0128562269768871,0.0381498649881431
"img_01618.jpg",0.778611008108563,0.0184024952959746,0.00975073528985195,0.0125099506028279,0.00999822574568408,0.150762048879366,0.00986504102772334,0.0101004950500087
"img_01627.jpg",0.757096859367375,0.112531092837417,0.0102608982522235,0.0112289704663426,0.00995841869443653,0.0529819973279702,0.00977089048170907,0.036170872572526
"img_01632.jpg",0.87008352784878,0.0251389192563932,0.0197452146940439,0.00994468596759626,0.0101755781166988,0.0239601916769258,0.0169053335151149,0.0240465489244472
"img_01633.jpg",0.46720380667196,0.0146716784310458,0.0118663722568757,0.0137579175007954,0.0100391925615585,0.344891924354392,0.0399509491426216,0.0976181590807504
"img_01640.jpg",0.902702653473688,0.0107627095041283,0.00966961865427605,0.00962866299802673,0.00998836488058574,0.0330510955642364,0.0124742212655763,0.0117226736594828
"img_01646.jpg",0.79779762649685,0.0811475573993644,0.00972194441904178,0.0290107381733011,0.00996096120891609,0.0420808822540694,0.0131101262967128,0.0171701637517441
"img_01669.jpg",0.356159477088852,0.0771906241425432,0.0180696558097651,0.472779153336905,0.0100287251777365,0.0260554098329581,0.0151654149258403,0.0245515396854004
"img_01681.jpg",0.317566268775104,0.0124303589277414,0.0100332518596948,0.0131830021238707,0.0100749092982419,0.0302977072727409,0.0199724591917564,0.58644204255085
"img_01684.jpg",0.657180531153367,0.0797520776753462,0.011792933328034,0.0312209555229618,0.00995884867911663,0.0339872192276502,0.00982764913094787,0.166279785282576
"img_01687.jpg",0.196680478433887,0.0152013255339601,0.0199328381860314,0.00979432604925541,0.0099601359219731,0.0125852373201898,0.0211941383031363,0.714651520251567
"img_01688.jpg",0.323044903118595,0.129929357823555,0.0105139259787187,0.0153116127257967,0.00996441082052166,0.114066987528911,0.0336341399282042,0.363534662075697
"img_01689.jpg",0.0755679585374267,0.019720372153384,0.0648591235746541,0.010624778504252,0.0099589114031006,0.123299219402368,0.0670042289057888,0.628965407519026
"img_01724.jpg",0.694791452382757,0.0154319272275944,0.133906018413485,0.0142545424047888,0.0103665756686588,0.0490809593789359,0.0267500249046687,0.0554184996191117
"img_01771.jpg",0.788987533705714,0.0607387860811228,0.0120439387381409,0.0187179534458134,0.00997042523411426,0.0281769718745074,0.00975004297005318,0.0716143479505343
"img_01773.jpg",0.307399393880449,0.0436592940757516,0.023571251084971,0.0119911815677446,0.00999439735660413,0.0554999931418573,0.147870862843267,0.400013626049355
"img_01802.jpg",0.906082970945895,0.0162626697685194,0.011071611756993,0.011071611756993,0.0113553382468673,0.011071611756993,0.0160471132690546,0.0170370724986847
"img_01803.jpg",0.0153489104047928,0.040718848161575,0.773109538577636,0.0135221251513147,0.00996645671053863,0.011318161700784,0.0137613504114919,0.122254608881868
"img_01824.jpg",0.514459297255929,0.0132635828993315,0.0182104197244343,0.0164055622936399,0.0102739508986716,0.290934464388533,0.0507258352689473,0.0857268872705131
"img_01831.jpg",0.378672030890944,0.0103969887639612,0.0178672184044033,0.420635137940674,0.00997852989696117,0.0812183397481449,0.0116391028804094,0.0695926514745022
"img_01834.jpg",0.0601783245028843,0.03333659616192,0.205858316397128,0.0579894088285852,0.00995854089843508,0.0231495698528668,0.0138216721304065,0.595707571227774
"img_01847.jpg",0.0979851431514838,0.101742137606618,0.0199347387116914,0.0146560669630936,0.00996954837087385,0.103447308048346,0.0470775227512638,0.60518753439663
"img_01853.jpg",0.446108652138543,0.0940823675485209,0.0338570713983514,0.0133231588056887,0.0100346115824292,0.0797136869474645,0.0914516448167553,0.231428806762247
"img_01856.jpg",0.894302987826558,0.0205954492770542,0.01354597072156,0.0102891102449426,0.00995678641490206,0.0259537263887766,0.0108744639024649,0.0144815052237418
"img_01862.jpg",0.68689199624286,0.0158167400852011,0.168210733134562,0.0140254023628856,0.0103439701970792,0.042370334691288,0.0302679980495115,0.0320728252366126
"img_01874.jpg",0.533939634708691,0.0142378235822034,0.0182891909318014,0.0140692884931982,0.0100507597026729,0.24160710251653,0.09078704574817,0.0770191543167333
"img_01888.jpg",0.209721032833184,0.158333278323995,0.0144494017093259,0.0775537102161257,0.0100123638765088,0.36860433618422,0.0209201361945902,0.14040574066205
"img_01918.jpg",0.317900342860652,0.036126783984308,0.0111154974023995,0.534947421003358,0.00995924732788426,0.0314084598355201,0.0118623364411703,0.0466799111447083
"img_01930.jpg",0.596388908226296,0.018677720665224,0.031894946897996,0.0356824580420625,0.00998019791997797,0.283622137214994,0.0103982080341634,0.0133554229992867
"img_01932.jpg",0.692867216594744,0.10535255820782,0.0122367082472258,0.0115641350323965,0.00997041547852862,0.039812995959015,0.0154851726757705,0.1127107978045
"img_01955.jpg",0.0141540703182479,0.0094576337157299,0.0094576337157299,0.0094576337157299,0.00995644398297313,0.0094576337157299,0.0094576337157299,0.928601317120129
"img_01963.jpg",0.885287219494037,0.0143163754431628,0.00962673009251209,0.0098501916677136,0.00995736237236924,0.0111759399486138,0.00972912029553505,0.0500570606860567
"img_01966.jpg",0.864150689335353,0.0638187486110968,0.00961834889343306,0.00961834889343306,0.00995729491322349,0.0121929464068749,0.00961834889343306,0.0210252740531528
"img_01983.jpg",0.540336148647981,0.0357639515006284,0.171177339908148,0.0336083182016032,0.0116852832431096,0.122464694624855,0.0192467134835743,0.0657175503901013
"img_01984.jpg",0.220341172420853,0.0265437845466063,0.00965876594820693,0.0123226517046216,0.00995722791677092,0.0549858795883819,0.0293254410929498,0.63686507678161
"img_01996.jpg",0.213161878318585,0.052008342434031,0.0109539003557601,0.0162712957201084,0.009980854549608,0.482848596082577,0.0586329722972746,0.156142160242056
"img_02001.jpg",0.162587750311105,0.0239991527858217,0.0446136108806958,0.00995790307145082,0.0100077709309695,0.341823134659454,0.0287520615171358,0.378258615843367
"img_02066.jpg",0.800334898518931,0.0291928697263112,0.0250537700975008,0.0173960387580302,0.0101518392875288,0.0772272059653972,0.0260438162309484,0.0145995614153523
"img_02074.jpg",0.743391084538395,0.0163891718746096,0.0663870211132126,0.0373217968150889,0.0101264415752279,0.0736713535138398,0.0304255287321028,0.0222876018375234
"img_02076.jpg",0.262043332617259,0.496244104957247,0.0223372236232035,0.0144155341771764,0.00998696616595732,0.0136304262055234,0.0125444911017632,0.16879792115187
"img_02077.jpg",0.163517623164797,0.0379648657865225,0.0412879456867192,0.587338002832131,0.00995981404011296,0.0602706066855343,0.0148425363459522,0.0848186054582312
"img_02096.jpg",0.898216065927279,0.0127404856380729,0.0127430608326537,0.00956610360366079,0.00995649157532333,0.020828114871685,0.0249905742757719,0.0109591032755537
"img_02119.jpg",0.364196754206725,0.0486682123155585,0.412397694607943,0.0280606822157809,0.00996333861474988,0.0686635129709006,0.0223380048104859,0.045711800257857
"img_02172.jpg",0.655247421894218,0.0259803737104181,0.198682921803837,0.0111907508917346,0.0103368694326792,0.0252588590629061,0.0294816323214828,0.0438211708827239
"img_02180.jpg",0.768830338347667,0.0719210733347665,0.017665009431363,0.0108707493898487,0.0100544773757181,0.0714524835352283,0.0155496417363519,0.0336562268490567
"img_02188.jpg",0.74653301911057,0.0479728624837914,0.0147080206553387,0.0122817453670745,0.0101941430953782,0.0343024867370625,0.0250521739175056,0.108955548633278
"img_02209.jpg",0.184620594939909,0.0247788737084054,0.0313517668294575,0.0217313301575662,0.0103228971737482,0.567062713828368,0.0816961669137038,0.0784356564488414
"img_02252.jpg",0.915813240470604,0.02113032224058,0.00953249155805501,0.00953249155805501,0.00995674913113511,0.00953249155805501,0.00953249155805501,0.014969721925461
"img_02268.jpg",0.813604722047844,0.0433813946864272,0.0184080842882294,0.0574823492118687,0.0100479003986737,0.0296890123299689,0.0155462261912689,0.0118403108457189
"img_02270.jpg",0.739458533623374,0.0322800756463015,0.0507770367131073,0.0572872711710693,0.0103483815644822,0.0556394902657713,0.0146200971782971,0.0395891138375975
"img_02281.jpg",0.262935659344694,0.0326288602248069,0.0138992184778978,0.616927361000075,0.00995879680804649,0.039712454815991,0.0111817611921176,0.0127558881363704
"img_02282.jpg",0.0123937581328175,0.00950027997094492,0.00950027997094492,0.00950027997094492,0.00995657596585093,0.0109449570304676,0.00950027997094492,0.928703588987084
"img_02291.jpg",0.88277021676772,0.0467489753663799,0.0177311936921231,0.00958388775326572,0.00995658907145632,0.00982500193237541,0.00958388775326572,0.0138002476634134
"img_02299.jpg",0.18573014870077,0.16598835487166,0.0233074307962671,0.0348723290981638,0.00995955564295411,0.135724457163046,0.0415992233047876,0.402818500422351
"img_02307.jpg",0.154958763662959,0.0351992715945872,0.0137937202024979,0.0110229038075368,0.0101744499112074,0.139253205045918,0.0338340286681828,0.601763657107111
"img_02309.jpg",0.863442562859222,0.0128667497162215,0.0146783544296166,0.00966409465598626,0.00998842537330418,0.0517055966431901,0.0176539890211109,0.0200002273013482
"img_02318.jpg",0.0644586710923951,0.0131384126142066,0.00980439989259235,0.0108611518674226,0.00995841405284986,0.0120791682462768,0.0102154264642903,0.869484355769966
"img_02356.jpg",0.18766607202206,0.0712924897851597,0.0218914711430707,0.0281584342695421,0.00998253102396361,0.0233475306263912,0.0283486439782547,0.629312827151558
"img_02367.jpg",0.844654895799453,0.0256404140354842,0.0111705273005761,0.0120509068557389,0.0106987372277694,0.0630583549541511,0.0147233480708837,0.0180028157559432
"img_02379.jpg",0.362357127216117,0.0222753271700458,0.00971340258068348,0.0164997635104309,0.00995769251835869,0.0205103299291142,0.0277821422333946,0.530904214841855
"img_02384.jpg",0.578977009485096,0.0582163388575664,0.0225953888124778,0.015188485646982,0.010225716280669,0.115219210141836,0.0474116584171965,0.152166192358176
"img_02398.jpg",0.729401298184465,0.0566386426935667,0.0121483802535225,0.021315364116541,0.00995880424510543,0.0889633914157239,0.00981732305293834,0.0717567960381371
"img_02400.jpg",0.747138307110951,0.0363842750530904,0.0675284125619698,0.0124284744071067,0.00995870079321863,0.0650285834622297,0.0249866844652152,0.036546562146219
"img_02406.jpg",0.138173427139839,0.020713742851341,0.0450986147488063,0.658576910246582,0.00996114067082941,0.0263906629334689,0.0188241658734178,0.0822613355357156
"img_02412.jpg",0.862834075148513,0.0100112323170873,0.0101113347987615,0.0100112323170873,0.0102477297458836,0.0128770494544324,0.0145710230868117,0.0693363231314234
"img_02422.jpg",0.373597757120294,0.14995994285571,0.0218629015128135,0.0285621549479038,0.0100250916904039,0.0421268382693873,0.0500941744324995,0.323771139170988
"img_02486.jpg",0.86499388188858,0.0415783332615879,0.0113361405826738,0.00964368545215189,0.00995831286625414,0.0171199586271317,0.00968455033268079,0.0356851369889403
"img_02487.jpg",0.839326175854935,0.0280361841126105,0.00970581001830215,0.00970581001830215,0.00997039129713018,0.0201471057713619,0.0405752459700026,0.0425332769573558
"img_02522.jpg",0.892133051797608,0.0224711933262325,0.0099841350912823,0.0123164060326204,0.0101858700936667,0.0285215010094397,0.0119030618113346,0.0124847808378157
"img_02556.jpg",0.353471826642927,0.0877254859927149,0.045231754249518,0.01408740147922,0.00995983491486103,0.0172864751520016,0.025466741006687,0.446770480562071
"img_02565.jpg",0.447293012328334,0.0202146685387212,0.0592965793310152,0.0139308792956265,0.0102819492551881,0.144219902951392,0.0796936019259739,0.225069406373749
"img_02574.jpg",0.847657456502344,0.0245033684153027,0.0151455127504516,0.0140086341620442,0.012069460469637,0.0459937968378877,0.0155580933506012,0.0250636775117314
"img_02602.jpg",0.755866273033089,0.0465739890854651,0.013005714268982,0.0172985015851127,0.0100215270257622,0.116087055323648,0.0196568712570102,0.021490068420931
"img_02625.jpg",0.196933400304397,0.0397282361059493,0.0159366135986099,0.0106767242528526,0.0100316428150441,0.569051474180241,0.0274492958666816,0.130192612876225
"img_02636.jpg",0.870914377773812,0.0159079001530794,0.0096086674443969,0.0096086674443969,0.00996071394888801,0.0114978857507819,0.0096086674443969,0.0628931200402484
"img_02638.jpg",0.846619927004846,0.0507520665388053,0.012226911502014,0.0102340617464307,0.0100524303865393,0.03398889490957,0.0132266306237406,0.0228990772880536
"img_02646.jpg",0.0151847258615266,0.0116414424964327,0.00986505087959283,0.0122936371924078,0.0099579564206779,0.00973185447078974,0.00967800721741549,0.921647325461157
"img_02651.jpg",0.908501420098663,0.0126644754376483,0.0173093720058445,0.0149180658971322,0.0101720564589607,0.0116341008513215,0.0132733620642754,0.0115271471861547
"img_02656.jpg",0.881223566792527,0.0320814044959975,0.0103844219186545,0.0111702326031131,0.00995808835583525,0.0101441818219426,0.00962288957549561,0.0354152144364342
"img_02666.jpg",0.912517766030004,0.0099076015219846,0.0177262561052779,0.0099076015219846,0.0102105015390875,0.010866077456036,0.0100781058847263,0.0187860899408989
"img_02687.jpg",0.149682407513479,0.0196741015535447,0.0113291832480613,0.0117804118135616,0.00995842270303323,0.0176211882185396,0.0138124311024505,0.76614185384733
"img_02699.jpg",0.779128609086258,0.0101323527446446,0.0101156048438027,0.0101156048438027,0.0104059514698341,0.0143957851357082,0.0107075644853213,0.154998527390628
"img_02703.jpg",0.453899760433118,0.0280312299036219,0.0381411629506889,0.0154125897665635,0.0100873964613552,0.0325827436543781,0.0431184803822126,0.378726636448062
"img_02709.jpg",0.73428134167027,0.019107554745458,0.0268825158574115,0.0587580583893569,0.0100064374302622,0.107657089632082,0.012648633621017,0.030658368654142
"img_02726.jpg",0.606665159646296,0.027620954498981,0.125318834103533,0.0335910266290054,0.0112666436982543,0.146537438853069,0.0160454416879051,0.0329545008829566
"img_02733.jpg",0.591560746755225,0.0427605800916386,0.0427519711135191,0.19669933013519,0.0102148844385871,0.0563043066630977,0.0182514492385256,0.0414567315642171
"img_02739.jpg",0.846250748072835,0.0145382607145562,0.0152966798612875,0.00970057476563093,0.0100138823950154,0.0640620271877034,0.0185285884881238,0.0216092385148478
"img_02749.jpg",0.364816687306312,0.0124520570099615,0.0155550055240982,0.447257599824704,0.00999659114044427,0.0639816148944312,0.0103894176005304,0.0755510266995181
"img_02759.jpg",0.049903244056226,0.0378855243175873,0.117482401660711,0.012794399793855,0.00996677166039607,0.0220603697495944,0.0413169304365553,0.708590358325075
"img_02764.jpg",0.920942723686575,0.00959515416072844,0.0147745995504828,0.00959515416072844,0.0099877819366906,0.0136289060493167,0.0118805262947491,0.00959515416072844
"img_02766.jpg",0.793376750191881,0.0417209543311006,0.054000076446317,0.0126255506014236,0.00999494520223882,0.0521406476552286,0.0190715691052598,0.0170695064665502
"img_02769.jpg",0.0262676353063921,0.0181696266451247,0.111371471113916,0.0170252908554621,0.00995758773240708,0.0117003720438235,0.0438944630822233,0.761613553220651
"img_02771.jpg",0.829319322404372,0.0231058162592633,0.00969108305918635,0.0116245119414682,0.00995778830947936,0.0934334976654796,0.0103665152356324,0.0125014651251193
"img_02799.jpg",0.914870496371678,0.0198532181137312,0.010782724790425,0.00959676154761617,0.00996120987042784,0.0137164555268793,0.00959676154761617,0.0116223722316266
"img_02808.jpg",0.669506350080781,0.0234331379250845,0.045628831128791,0.0449529328133894,0.00996069457851277,0.181368712086024,0.0104697980462701,0.0146795433411468
"img_02811.jpg",0.744194994567812,0.00981601349732013,0.0301684061340559,0.0385964707920394,0.00999952008153767,0.13353651669706,0.00981601349732013,0.0238720647328556
"img_02830.jpg",0.0724465701671938,0.160067872521485,0.0107308011314242,0.0209794485599842,0.0099839940114979,0.486027788719913,0.0714733093226949,0.168290215565808
"img_02834.jpg",0.537627106705177,0.0464590177367439,0.0194358996310487,0.0116310632827471,0.0100077415335755,0.0404627005003886,0.0205139512831856,0.313862519327133
"img_02837.jpg",0.588585104250097,0.251587264506339,0.0114842888739902,0.0105939105653909,0.00997169131771578,0.015282031135301,0.0273280724772417,0.0851676368739242
"img_02838.jpg",0.847202140804887,0.0474135052837226,0.0292782074849554,0.0135879787706505,0.0100412969391979,0.0195808438189542,0.0113878560908042,0.0215081708068282
"img_02876.jpg",0.341072675181873,0.111900402643749,0.134574588785165,0.017585678954164,0.00995942095192918,0.0612829595747212,0.049898974953485,0.273725298954913
"img_02889.jpg",0.666560417317047,0.02390934583485,0.0487023202807534,0.0893300020112444,0.0101275543857634,0.107928869145869,0.0182486055610767,0.0351928854633956
"img_02899.jpg",0.624817940849085,0.0285085264845729,0.0169612762573968,0.129308246210645,0.0104321558889714,0.127665084750754,0.0112095746485268,0.0510971949100481
"img_02904.jpg",0.828221767008034,0.0440660133829245,0.0155169772342517,0.0192858915408584,0.0100765882611821,0.034119703565693,0.0163417047437554,0.0323713542633008
