"image","ALB","BET","DOL","LAG","NoF","OTHER","SHARK","YFT"
"img_00005.jpg",0.012321212303143,0.00949210957392079,0.0101325870775468,0.00949210957392079,0.928730892479181,0.00949210957392079,0.00949210957392079,0.0108468698444462
"img_00007.jpg",0.123427604396892,0.0550182756273266,0.0136420061298493,0.0127468956994275,0.00545809248799123,0.00535773835627203,0.00535773835627203,0.778991648945969
"img_00009.jpg",0.897055037835364,0.0498510321081773,0.00536641879796211,0.006069074304774,0.00554346137920842,0.0170881800200303,0.00610900989268257,0.0129177856618015
"img_00018.jpg",0.825268638585579,0.0992303971154103,0.00599740314061926,0.027645313250191,0.00541801024246033,0.0123271196200389,0.00531034445522204,0.0188027735904793
"img_00027.jpg",0.253972703898421,0.100291230329751,0.0233512048701993,0.0125515768108235,0.0103228967971404,0.432548001284409,0.0643060304918238,0.102656355517432
"img_00030.jpg",0.0331579365192158,0.00961427123783222,0.00961427123783222,0.00961427123783222,0.906755294892607,0.00961427123783222,0.0116401754803835,0.00998950815646491
"img_00040.jpg",0.474002284183924,0.0470245425649087,0.01042911589645,0.0120872744240295,0.0103499726537829,0.0377923809644078,0.235456944646164,0.172857484666333
"img_00046.jpg",0.614250822703036,0.00960596455793,0.00960596455793,0.00960596455793,0.319479698178349,0.00960596455793,0.0174207115555616,0.0104249093313335
"img_00053.jpg",0.836250397916914,0.0424504443932451,0.0136489034322756,0.0162933994945909,0.0104276246202646,0.0306461755861433,0.0110949546342584,0.0391880999223076
"img_00071.jpg",0.223425831964811,0.0230940772020016,0.0100513878927351,0.694150723786296,0.00999818034812279,0.0177248394597877,0.00970660119954444,0.0118483581467015
"img_00075.jpg",0.650551362377745,0.0867998902427691,0.0118375019109656,0.0294095963569474,0.0708883352436879,0.117118506401378,0.0198786358857222,0.0135161715807848
"img_00102.jpg",0.12281484238737,0.0243161991292285,0.00833745258008183,0.00561111932459522,0.00539874595114399,0.0356380919609123,0.0105270302436059,0.787356518423062
"img_00103.jpg",0.93239095427429,0.00636660354855394,0.00522498298155533,0.00522498298155533,0.00540355239602443,0.0247826370735505,0.00522498298155533,0.0153813037629156
"img_00109.jpg",0.952540662259157,0.00517152260153772,0.00517152260153772,0.00517152260153772,0.00536358382095435,0.00809028432521721,0.00609477551110359,0.0123961262789545
"img_00119.jpg",0.0125551403231817,0.0127051842980799,0.0127853202473596,0.00972769985470351,0.850197716286474,0.0108426999725205,0.0116703517944884,0.0795158872231927
"img_00120.jpg",0.219125037778538,0.0682380967317815,0.0148798570181678,0.0155091970911221,0.010129951330803,0.0669514543575845,0.248670245025494,0.356496160666509
"img_00125.jpg",0.622738014170734,0.016826196430322,0.014815832887438,0.00623017469195383,0.00548180982926707,0.0426644222631037,0.0119213317596201,0.279322217967561
"img_00128.jpg",0.0398611950001779,0.0342739418455,0.174516285265748,0.00983440270931592,0.0100415121149035,0.0159876424183205,0.0142010494385307,0.701283971207503
"img_00129.jpg",0.467176030946472,0.0452399511988236,0.0153748893386681,0.014362240362806,0.010410082943332,0.0386069226828323,0.242899240158521,0.165930642368545
"img_00133.jpg",0.10600003936873,0.00969075070872982,0.00969075070872982,0.0135427281725175,0.827604355238318,0.0131818748711572,0.00969075070872982,0.0105987502230877
"img_00138.jpg",0.841028947963891,0.0399936013707424,0.0229903020220675,0.0281919295929126,0.0100961168850959,0.0291301668433442,0.012774345841313,0.0157945894806336
"img_00141.jpg",0.0124000439046625,0.0132516476182436,0.0211511291109545,0.00530627998680437,0.00547076329516297,0.00682625233846561,0.00530627998680437,0.930287603758902
"img_00152.jpg",0.021803234822692,0.00614666048093831,0.00733126350572037,0.00575950334336159,0.00552989050008622,0.0098076112680548,0.00570654182569533,0.937915294253451
"img_00161.jpg",0.0198080817740199,0.00953655772488814,0.00953655772488814,0.00953655772488814,0.00999541071629414,0.00980848242502955,0.00953655772488814,0.922241794185104
"img_00164.jpg",0.00954817471187625,0.0108378718217693,0.0102355883166549,0.00954817471187625,0.920993973033847,0.00954817471187625,0.0150767757400275,0.0142112669520722
"img_00170.jpg",0.472208375601096,0.0113272749365903,0.0123917673813114,0.298216894791176,0.0100582141483512,0.0811353661435183,0.0110704489355918,0.103591658062365
"img_00171.jpg",0.201691556471208,0.0618568655015133,0.0527479477085804,0.167709606106245,0.0181437960846941,0.467554486686718,0.0134818834162916,0.016813858024749
"img_00172.jpg",0.00946220129689196,0.00946220129689196,0.00946220129689196,0.00946220129689196,0.932724720146617,0.00946220129689196,0.00946220129689196,0.010502072072031
"img_00175.jpg",0.168672430739669,0.0352659610781411,0.035907402508271,0.0730949886936287,0.0101597667633678,0.646245929956677,0.0111010700503399,0.0195524502099058
"img_00180.jpg",0.0526774067001303,0.00901224795115857,0.0110299758624783,0.00967540634540784,0.00548763913684026,0.0106069301601718,0.0110707145730665,0.890439679270746
"img_00196.jpg",0.0337476134787018,0.0155043894699285,0.0141070948758416,0.00981392133710692,0.884396784859805,0.0175118605028472,0.0108732546448667,0.0140450808309027
"img_00212.jpg",0.139759319895143,0.012824227443874,0.00961607428616,0.00961607428616,0.00999619823209929,0.0132664917353284,0.00961607428616,0.795305539835075
"img_00223.jpg",0.486824196831325,0.0264957587826875,0.270747708013674,0.030738978824947,0.0100012305033929,0.122467076428472,0.0182894072184705,0.0344356433970314
"img_00230.jpg",0.900101603362312,0.0459201626454988,0.00534187120642877,0.00590358051601945,0.00551013938316802,0.0166785922403702,0.00534187120642877,0.0152021794397739
"img_00232.jpg",0.0123423194886453,0.00612464237660144,0.00508182679643503,0.00523133956170893,0.00520295560490301,0.0134265440854259,0.944413598576923,0.00817677350935709
"img_00244.jpg",0.235730769068883,0.0636775552938822,0.00726090510709445,0.0074887247557064,0.00549075135897073,0.0745844985872504,0.00750126952448095,0.598265526303732
"img_00272.jpg",0.412420871194919,0.0164788497201234,0.324500833150927,0.0494317100172301,0.0104722502151349,0.0573627417600784,0.0190773618110383,0.110255382130549
"img_00280.jpg",0.924935050815641,0.00582419473324832,0.0153172130630193,0.00582419473324832,0.00603204036931934,0.00669502656806478,0.00752814651475524,0.0278441332027037
"img_00282.jpg",0.221374721329599,0.0706136814173088,0.0403729508772706,0.179478883100839,0.0131427675550411,0.444048542420385,0.0130788152934726,0.0178896380060838
"img_00285.jpg",0.709328611433341,0.0404417295186215,0.011976308949346,0.00656783735241374,0.00584516217334587,0.0251843918714788,0.0390243800691047,0.161631578632349
"img_00289.jpg",0.932434908548512,0.00957796037835239,0.00957796037835239,0.00957796037835239,0.010097329181374,0.00957796037835239,0.00957796037835239,0.00957796037835239
"img_00292.jpg",0.267196519150007,0.0854794073199258,0.0125568322189946,0.0153594376741646,0.0103507562466961,0.0570346772419366,0.0382399123858661,0.513782457762409
"img_00302.jpg",0.551284538677112,0.0423180250324916,0.0104983755514619,0.0120409854291687,0.0105671643555905,0.0332603207747079,0.208625539895684,0.131405050283784
"img_00311.jpg",0.962003452104977,0.00522233781454047,0.00522233781454047,0.00522233781454047,0.00548872171134256,0.00522233781454047,0.00522233781454047,0.00639613711097843
"img_00320.jpg",0.915699591480822,0.0179777456158269,0.00965439182422355,0.00965439182422355,0.0100257715060728,0.0160040346500809,0.00965439182422355,0.0113296812745266
"img_00331.jpg",0.769984159645128,0.010122716324874,0.0107503005735173,0.010122716324874,0.0102816217622189,0.067850900550265,0.036243702031455,0.084643882787668
"img_00358.jpg",0.441147666384517,0.0360189162564421,0.00990328983318167,0.00990328983318167,0.0100259019361823,0.122020199579367,0.0712394944947305,0.299741241682398
"img_00374.jpg",0.62387932849883,0.0975833342264986,0.0111108341737126,0.0127148515822697,0.00999775265121531,0.0184413886180627,0.0097730361974084,0.216499474052003
"img_00375.jpg",0.22055636292978,0.118587222983303,0.402762759588235,0.0266883062985333,0.0100348960223259,0.101889748943648,0.021459658818274,0.0980210444159009
"img_00376.jpg",0.724789634890104,0.0342003838752369,0.0375189718758209,0.0100145628042396,0.0100808148478478,0.0644659590895509,0.0671203883860451,0.0518092842311552
"img_00380.jpg",0.850406414289179,0.0228540035381049,0.0133947935374263,0.0153378943341507,0.0100219973796847,0.0656847749304645,0.00980473222273241,0.0124953897682572
"img_00383.jpg",0.957373736751426,0.00714156164545901,0.00514062884812646,0.00514062884812646,0.00537515487894431,0.00707947410265551,0.00514062884812646,0.00760818607713559
"img_00398.jpg",0.803863034286267,0.0199190089240661,0.00975632959082235,0.00975632959082235,0.0101276834042173,0.0100560636530752,0.00975632959082235,0.126765220959907
"img_00407.jpg",0.878299773405667,0.0146022691991762,0.0142708526923693,0.0234291395914516,0.0100004670387634,0.0374112504008785,0.00977664803169103,0.0122095996400029
"img_00417.jpg",0.0673738529886548,0.0114613757395927,0.00949591127706171,0.00949591127706171,0.00999500865492237,0.00949591127706171,0.00949591127706171,0.873186117508583
"img_00432.jpg",0.599637610706155,0.0291708017315047,0.0882113766155293,0.0214989184853997,0.0355376869157797,0.107474643683626,0.0154436314835672,0.103025330378439
"img_00442.jpg",0.00731703134158978,0.00550521639546538,0.00506574223367384,0.00506574223367384,0.00533703902814597,0.00532369996336334,0.00506574223367384,0.961319786570414
"img_00446.jpg",0.867227284316789,0.0168595129668601,0.00607939363577617,0.0148058021290907,0.0054374271452361,0.0449529531842993,0.00593978223465853,0.0386978443872898
"img_00469.jpg",0.883836628797415,0.0132796454319793,0.00745983380340202,0.00534302961278706,0.00546488352612398,0.0265287385853529,0.00696053193124823,0.0511267083116912
"img_00473.jpg",0.938192167155451,0.00612217682343691,0.00543614499865515,0.00543614499865515,0.00561309058149021,0.00543614499865515,0.00543614499865515,0.028327985445001
"img_00483.jpg",0.858359825827584,0.0487682094612585,0.00970215137096184,0.00970215137096184,0.0100008289198522,0.0150403831392846,0.0100558823434175,0.0383705675666796
"img_00484.jpg",0.303479600368895,0.103901836840719,0.00881898808435399,0.0162312298075151,0.00545709969149685,0.0168867796187972,0.00609560585289294,0.53912885973533
"img_00486.jpg",0.809253922033613,0.0490866359713505,0.057370288133642,0.0289541555756766,0.0104476029734154,0.0168310018794596,0.0171000422015409,0.0109563512313018
"img_00487.jpg",0.144884729591312,0.0318753978336314,0.0217180404336716,0.0106466502749534,0.70458386014875,0.0486866523693811,0.0174461608523058,0.0201585084959949
"img_00493.jpg",0.071214870749945,0.0097000970825295,0.0108759576743193,0.0097000970825295,0.862197522106382,0.0150896206167833,0.0097000970825295,0.0115217376049821
"img_00518.jpg",0.893023233125288,0.0108875810672082,0.0108875810672082,0.0108875810672082,0.0364124222675234,0.0108875810672082,0.0108875810672082,0.0161264392711481
"img_00533.jpg",0.0744991455605875,0.0272883845544503,0.00742025355415191,0.00569780901636593,0.00531349556981188,0.0188197256449322,0.0220903280812314,0.838870858018469
"img_00538.jpg",0.921408419854886,0.0173991176767265,0.00574660559198814,0.00568881803905079,0.00541000101496593,0.00792675645437592,0.00530466195479334,0.0311156194132133
"img_00543.jpg",0.961814932628221,0.00514411476114902,0.00514411476114902,0.00514411476114902,0.00540327438594981,0.00528561593591524,0.00514411476114902,0.00691971800531795
"img_00550.jpg",0.481680363733634,0.0875487430688889,0.151252454265568,0.0491344021466525,0.0117786412168362,0.0981386939333559,0.0267898121303863,0.0936768895046778
"img_00551.jpg",0.886007547802267,0.00538156658589046,0.00853037804909261,0.0151112879532998,0.00547526442432661,0.0511473239977445,0.00556387750075273,0.0227827536866266
"img_00564.jpg",0.0207110734202203,0.00970763954884153,0.0103318171122471,0.00970763954884153,0.903075851976107,0.0217784135768146,0.012975924269773,0.0117116405471546
"img_00575.jpg",0.750782738302758,0.023102780547476,0.0118361999999692,0.0120725502505134,0.0104996328016331,0.0608551035861832,0.0404273255653048,0.090423668946162
"img_00582.jpg",0.74488659601777,0.0170218236162042,0.0228215039259017,0.0168628667160245,0.0362922516908042,0.123792460459263,0.0168775868384257,0.0214449107356066
"img_00584.jpg",0.887071295703107,0.0131812015589446,0.0148070737783519,0.0263460869197788,0.018794218519631,0.0129670855483095,0.0121187443145982,0.0147142936572787
"img_00587.jpg",0.105247941455378,0.0331141980809073,0.00983416013465658,0.0057762828635061,0.00545334767342926,0.0933359240528972,0.0444441805421967,0.702793965197029
"img_00590.jpg",0.470963555322962,0.108922844200699,0.0469448446022074,0.011581630130642,0.0101475857510513,0.0569228631130323,0.0959419516743145,0.198574725205092
"img_00591.jpg",0.281463524841046,0.0209339586203489,0.0101268535266019,0.00977842093462789,0.00999780572978506,0.102076280477137,0.0137053618233776,0.551917794047076
"img_00598.jpg",0.863886706598774,0.0119099991751818,0.00934946595432652,0.0313523730961534,0.00562576007459491,0.0433066874226885,0.00918318272515958,0.0253858249531208
"img_00599.jpg",0.559872443140784,0.081451986545291,0.0317033262721722,0.0157644427567703,0.0102782687238703,0.0308986358086594,0.0898293105366378,0.180201586215815
"img_00612.jpg",0.596795738399072,0.0117835357018841,0.0134958807396196,0.0113243799811295,0.0102671531005532,0.18529722531347,0.0437025177251349,0.127333569039137
"img_00618.jpg",0.930870695235194,0.00971037836193783,0.00971037836193783,0.00971037836193783,0.0102207731911526,0.0102046420702199,0.00971037836193783,0.0098623760556824
"img_00620.jpg",0.820395362987548,0.0294453728740352,0.0303961628425191,0.016037372629399,0.0101425527493046,0.0646346967549696,0.0147162527269661,0.0142322264352581
"img_00642.jpg",0.220253326584745,0.0576231799244284,0.0119547163847535,0.651153834523533,0.00999722584325845,0.0240944395036371,0.00971984310581043,0.0152034341298337
"img_00646.jpg",0.0205696263524958,0.0133095528381961,0.0207930084069636,0.00957112044264634,0.0099957533656555,0.016296900963821,0.00957112044264634,0.899892917187575
"img_00648.jpg",0.961030157547694,0.00527856362394687,0.00527856362394687,0.00527856362394687,0.00553898436739599,0.00545396756874648,0.00527856362394687,0.00686263602037643
"img_00650.jpg",0.363640365875728,0.0449807875896515,0.0221256153253356,0.0233223022232509,0.0103152753485081,0.453796083657414,0.0561617247663888,0.0256578452137231
"img_00654.jpg",0.655174832437959,0.0462679832310578,0.0679037738405906,0.026899200757418,0.02638410262485,0.0643775597056952,0.0450085844030034,0.0679839629994254
"img_00664.jpg",0.797757077648655,0.0803649674018727,0.0104125452668862,0.00979403232496319,0.0100050347260102,0.018634428716942,0.0179838817852238,0.0550480321294471
"img_00667.jpg",0.00959278776310094,0.00959278776310094,0.0104122125423316,0.00959278776310094,0.92623740736216,0.00959278776310094,0.00959278776310094,0.0153864412800042
"img_00676.jpg",0.00977077069202302,0.0150249339709616,0.013186107674169,0.00971372532306848,0.877112692115306,0.0115393650471534,0.0097730566232199,0.0538793485540987
"img_00697.jpg",0.00738291953778565,0.00517964223294657,0.00614902351656486,0.00517964223294657,0.00546550056861563,0.00517964223294657,0.00517964223294657,0.960283987445248
"img_00708.jpg",0.363821125660962,0.0714180774640112,0.023021235014512,0.0226317961811477,0.0102565859799743,0.293594289333055,0.105841147469713,0.109415742896625
"img_00716.jpg",0.0872834885141433,0.0653214958441492,0.00983735745226705,0.00993750525698308,0.00549979000242729,0.256712479305531,0.0530400409648096,0.512367842659689
"img_00717.jpg",0.542673997831717,0.0750079927411631,0.00993414077570783,0.0328755368971941,0.00999835875734177,0.28451448030823,0.0245663029430424,0.0204291897456043
"img_00718.jpg",0.828920741842412,0.00970822919475745,0.011625011192114,0.0139592783647584,0.00999711047724442,0.0532896008681347,0.00970822919475745,0.0627917988658211
"img_00723.jpg",0.174170858299727,0.00954004283570599,0.00954004283570599,0.00954004283570599,0.766907813005288,0.00954004283570599,0.00954004283570599,0.0112211145164549
"img_00724.jpg",0.1746108104586,0.010699923980227,0.0196536719772182,0.0107256204612818,0.0103322415836684,0.073042450821721,0.334543569250706,0.366391711466577
"img_00726.jpg",0.961432883839074,0.00517716293339305,0.00517716293339305,0.00517716293339305,0.00542826015920059,0.00547407599168527,0.00606950551100872,0.00606378569885248
"img_00729.jpg",0.544782653437265,0.00968023795729091,0.00968023795729091,0.00968023795729091,0.387207908407359,0.00968023795729091,0.0183278935814046,0.0109605927448074
"img_00730.jpg",0.0549537690043746,0.0128899705721157,0.00700837714640475,0.00540467594561241,0.00547638786057615,0.0125452156293096,0.0223934285970127,0.879328175244594
"img_00757.jpg",0.88039808394057,0.00808146994436074,0.00913155424040153,0.034156831977934,0.00552285152075885,0.0368023164860123,0.00615967920716098,0.0197472126828018
"img_00760.jpg",0.425564427690634,0.0396557387795908,0.0108629471695524,0.446537460738828,0.0100580932771858,0.0297938918992319,0.0123517003654493,0.025175740079528
"img_00763.jpg",0.00953490360684606,0.00953490360684606,0.00953490360684606,0.00953490360684606,0.927314311426001,0.00953490360684606,0.00953490360684606,0.0154762669329222
"img_00764.jpg",0.00724923131039359,0.00604383007952099,0.0139311151635839,0.00515737881240594,0.00536748473970784,0.00515737881240594,0.00515737881240594,0.951936202269576
"img_00765.jpg",0.153453845858435,0.11462773261699,0.0125248738025927,0.0867152196700082,0.0100265585673805,0.497978823622797,0.0324868361359934,0.0921861097258028
"img_00772.jpg",0.00629026365132281,0.00519302273004786,0.643853286038449,0.00519302273004786,0.00541229713980124,0.00635371786977258,0.00642749339878466,0.321276896441774
"img_00773.jpg",0.878490764851679,0.0182210947060269,0.0345045300443357,0.0162390640091255,0.0100006220259734,0.0196465296413446,0.0121797777347585,0.0107176169867568
"img_00777.jpg",0.895173353946818,0.0139984487552211,0.00682339264575078,0.00575214104579133,0.00558411456153497,0.052185493911095,0.0150129305388767,0.00547012459491187
"img_00780.jpg",0.00777145726675283,0.00665790800835445,0.0164449040709967,0.00518403798296177,0.00531944484779642,0.0108487765962343,0.00553129349912968,0.942242177727774
"img_00798.jpg",0.616272189521919,0.155300710529673,0.0157234471166598,0.141820266320654,0.0104400061285682,0.026631871068901,0.0156231458695294,0.0181883634440958
"img_00808.jpg",0.889026264762365,0.0159163024665217,0.0068279547385021,0.00665940598888469,0.00552096472196223,0.0125498868362263,0.00537536427206413,0.0581238562134736
"img_00816.jpg",0.950993780210339,0.00550245217160967,0.00557903809415259,0.00550245217160967,0.00564965176959365,0.00681412522638991,0.00938674396181669,0.0105717563944892
"img_00828.jpg",0.00964966184348302,0.00957140211332453,0.00957140211332453,0.00957140211332453,0.923659035753713,0.010322956409585,0.00957140211332453,0.0180827375399206
"img_00833.jpg",0.270424465235933,0.0557821066794001,0.0248027744403929,0.0174801199067943,0.0101163329678335,0.355044729774701,0.151292777460577,0.115056693534369
"img_00837.jpg",0.905841901411952,0.0223670440015861,0.00798389516736259,0.00853244299469241,0.00565768258523973,0.0267917490749492,0.00603031107589354,0.0167949736883245
"img_00855.jpg",0.768995089189481,0.0357057196339232,0.0180121859289546,0.00740046654104162,0.00559685360370872,0.0469201212580381,0.0176937549745379,0.0996758088703149
"img_00857.jpg",0.918730893493705,0.0182105092247602,0.00977712793125351,0.00977712793125351,0.0126452295696226,0.0101661867155817,0.00977712793125351,0.0109157972025701
"img_00858.jpg",0.834685930850387,0.0119213608819886,0.00983608343651353,0.0107652239899577,0.010034333141888,0.084008785194643,0.0139446610816924,0.0248036214229293
"img_00865.jpg",0.920157233271152,0.0312723144602293,0.0051145626671868,0.0051145626671868,0.0052961467103815,0.00909127471051577,0.0051145626671868,0.0188393428461612
"img_00876.jpg",0.00987204290512612,0.00984990909305304,0.0103049291999178,0.00970405978856907,0.901832226186794,0.0105168852934068,0.00970405978856907,0.038215887744564
"img_00889.jpg",0.0135925474531517,0.00960669090473009,0.283085811062797,0.010033346792045,0.00999610537122821,0.00960669090473009,0.00960669090473009,0.654472116606588
"img_00894.jpg",0.841846416349457,0.0186043871037229,0.0194857801199927,0.0172114313036091,0.0145265080142808,0.0235103897764501,0.0142372205276136,0.0505778668048737
"img_00902.jpg",0.0104926519012286,0.00543892730343105,0.00513136844920196,0.00576954927135974,0.00523575859441552,0.0129145688194906,0.948480713060819,0.00653646260005348
"img_00914.jpg",0.0134531792572094,0.0109354573545,0.00944976372963265,0.00944976372963265,0.00999455145949556,0.00944976372963265,0.00944976372963265,0.927817757010264
"img_00921.jpg",0.452470289376975,0.0127223994455776,0.0263235453803252,0.0107384851627129,0.0117878523328857,0.189803200699482,0.0851221425055285,0.211032085096513
"img_00927.jpg",0.358364937911553,0.0986232966174045,0.0302298402527085,0.0120576748834036,0.0101241062178854,0.044028602022835,0.0928789802721818,0.353692561822028
"img_00943.jpg",0.880291482469616,0.0299667014732029,0.00960376398483368,0.00960376398483368,0.00999607673206586,0.0107094062415804,0.00960376398483368,0.0402250411290335
"img_00948.jpg",0.798966903825408,0.0163966196276335,0.0183939826184799,0.0146900322057857,0.0149765025989403,0.0331454244283998,0.0150718609683205,0.0883586737270326
"img_00950.jpg",0.0191217066296434,0.00953464319870226,0.00953464319870226,0.00953464319870226,0.922014752661935,0.0100761428341264,0.00953464319870226,0.0106488250794858
"img_00959.jpg",0.946559695622384,0.00509356165630196,0.00509356165630196,0.00509356165630196,0.0221851130771003,0.00509356165630196,0.00541036335879089,0.0054705813165169
"img_00962.jpg",0.0210587153407406,0.0106763455185571,0.0297432091857787,0.00959766664734098,0.00999601600072289,0.0112381110127682,0.00959766664734098,0.898092269646751
"img_00964.jpg",0.00759392978780726,0.0206677348471428,0.882779788580894,0.00701572316774842,0.00545562573816704,0.00758905000769884,0.00569845957742385,0.0631996882931174
"img_00966.jpg",0.834879252740652,0.0109043145770076,0.0118734256310706,0.0109043145770076,0.0267999724303822,0.0109043145770076,0.0109043145770076,0.0828300908898646
"img_00974.jpg",0.880406122614679,0.042161361367035,0.0082578929401653,0.00921787502134325,0.00527850207966018,0.0117813975541578,0.00543463994408439,0.037462208478875
"img_00979.jpg",0.0204186737001933,0.00536394719448169,0.049282651537192,0.00536394719448169,0.00552990711590906,0.0100580923620733,0.00544242908538823,0.898540351810281
"img_00982.jpg",0.256670215933365,0.557145444011958,0.0324823152809139,0.0232470828520148,0.0117911395475704,0.0362958415099526,0.0380820694868591,0.0442858913773657
"img_00985.jpg",0.342670219141172,0.077271261321112,0.0105421504318159,0.0167138368381314,0.0103257791573782,0.0649087995912465,0.0382200301659871,0.439347923353157
"img_00999.jpg",0.886194704696552,0.0099267570836306,0.00528960025225349,0.00528960025225349,0.00538334142450857,0.0121024317893251,0.0114619813665369,0.0643515831349399
"img_01022.jpg",0.834622757759701,0.00880647959222126,0.00875241793788902,0.0126089739629523,0.0453716456947845,0.0603366152373423,0.00695861902556514,0.022542490789545
"img_01031.jpg",0.782703227266409,0.014270856155832,0.0565695767159576,0.0160397864341562,0.0103359536682543,0.0689837673406039,0.0349697176754413,0.0161271147433458
"img_01035.jpg",0.849281613148055,0.0175622492761876,0.0121364093775149,0.00793485949246433,0.00558910324310641,0.0819873072467744,0.0200126813147372,0.00549577690116059
"img_01043.jpg",0.0113312486869133,0.00946317771635141,0.00946317771635141,0.00946317771635141,0.931123929617873,0.00946317771635141,0.00946317771635141,0.0102289331134563
"img_01058.jpg",0.820073620445296,0.0180774606443852,0.0173517749258965,0.0118144264983452,0.0119764269089447,0.0290694917773664,0.0118144264983452,0.079822372301421
"img_01059.jpg",0.1124298727274,0.0429170213731683,0.00730235113701397,0.00810776025202504,0.00549043728578293,0.0730629357977245,0.0261294340591389,0.724560187367747
"img_01090.jpg",0.0205071809942838,0.0438038198423473,0.0156439720023246,0.00998561797320814,0.862445719831083,0.011006991550275,0.0195764521567921,0.0170302456496864
"img_01102.jpg",0.245071701487176,0.550361000445729,0.0173133096996934,0.0308086185797742,0.0100799161278841,0.0198142304922089,0.0134107758165924,0.113140447350942
"img_01103.jpg",0.0833497824054121,0.191728501107803,0.0146274014790759,0.0230108914617412,0.0099985469853861,0.0136385648910178,0.0354518593226879,0.628194452346876
"img_01116.jpg",0.923478068606467,0.0164735236520999,0.00555254062857865,0.0108700162279403,0.0055169388949095,0.0137001319270176,0.00542276097806416,0.0189860190849231
"img_01134.jpg",0.875820969022321,0.00539637891371371,0.0203614839880197,0.0117029878944243,0.00546085147734606,0.0453873577061985,0.005886401324168,0.0299835696738085
"img_01142.jpg",0.908908634793648,0.0100085905301025,0.0213380145605255,0.0102824674487812,0.0102051575507145,0.0169489601174678,0.0100846666520015,0.0122235083467588
"img_01168.jpg",0.0322705151464924,0.11521716068835,0.0149463020891245,0.0497484973982948,0.010186328225726,0.668643322113015,0.0608098434506421,0.0481780308883548
"img_01171.jpg",0.00955770064561392,0.00955770064561392,0.00955770064561392,0.00955770064561392,0.923366820679014,0.00955770064561392,0.00955770064561392,0.0192869754473027
"img_01177.jpg",0.867858723008883,0.015500457340525,0.0477137467468296,0.013773521610125,0.0102333107965723,0.0112957847914829,0.0177962521281187,0.0158282035774636
"img_01179.jpg",0.876220953576318,0.0115671950712982,0.0156380237252505,0.019072029579702,0.0105476608437856,0.0461467916198634,0.00995633973276264,0.0108510058510198
"img_01188.jpg",0.322905971409435,0.0786639462575896,0.0160512485132748,0.0504604980936264,0.0100723385386215,0.436092943704577,0.016919474450536,0.0688335790323399
"img_01198.jpg",0.302890284095963,0.0244822675263966,0.0362877612774137,0.0143613631044309,0.033618521080917,0.0559975573269437,0.481255542720068,0.0511067028678663
"img_01204.jpg",0.00956337182691857,0.00998037055945828,0.0105352001606081,0.00956337182691857,0.923228816516417,0.00956337182691857,0.00956337182691857,0.0180021254558425
"img_01208.jpg",0.0189612430898892,0.00954747597533183,0.0100818784000196,0.00989051466642963,0.921162100160215,0.010350905679783,0.00954747597533183,0.0104584060529998
"img_01211.jpg",0.917482788090716,0.0146671651202443,0.00957641558194599,0.00957641558194599,0.0158206785040392,0.00957641558194599,0.00957641558194599,0.013723705957217
"img_01213.jpg",0.886067947650237,0.0239180158775128,0.00675053914010869,0.0173980635015263,0.00549850297605615,0.0346594644894028,0.00541299758689845,0.0202944687782577
"img_01222.jpg",0.260690637859173,0.283217764231599,0.0156192538555691,0.0392949017846475,0.00999853182892907,0.111252490053464,0.0148988065405193,0.265027613846099
"img_01224.jpg",0.0902098047595907,0.0135737384475851,0.148565257185843,0.00981690308301459,0.00999818691354333,0.0174156163973756,0.0117987338847256,0.698621759328322
"img_01237.jpg",0.0209035993712081,0.00483544130034416,0.00483544130034416,0.00483544130034416,0.905995431942855,0.00492001310885247,0.00818724190205115,0.0454873897740004
"img_01249.jpg",0.0525955108460358,0.0178539239797354,0.0241151493886522,0.00981720195711465,0.854883425293344,0.0146311149971156,0.0133688553291785,0.0127348182088243
"img_01253.jpg",0.0201401057526447,0.00944135091765479,0.00944135091765479,0.00944135091765479,0.00999446808703227,0.00944135091765479,0.00944135091765479,0.922658671572049
"img_01286.jpg",0.640074352494252,0.0384233242870009,0.0147550743239513,0.0128110966379547,0.0118881678566334,0.0404769233153055,0.0119177900203023,0.2296532710646
"img_01289.jpg",0.134433196002061,0.0667620557167672,0.0056976606605283,0.00889583235613854,0.00542571771472559,0.0754675824066234,0.028602777314569,0.674715177828587
"img_01325.jpg",0.0250068085878139,0.0444718314588606,0.0124098933156492,0.0125314702580369,0.85704067303702,0.00976651188014886,0.0176079682019402,0.02116484326053
"img_01328.jpg",0.907569314884657,0.0285957708319869,0.00578768246554222,0.0129703011519308,0.00540244073262131,0.0193177424116665,0.00529350536249894,0.0150632421590965
"img_01366.jpg",0.168470614296293,0.032897768988761,0.0435806670645367,0.0617036276350249,0.0101032325490002,0.640682592509888,0.0132007946276199,0.0293607023288762
"img_01371.jpg",0.832374938403661,0.00551108927480769,0.00602965137950811,0.00540419801409901,0.0747842994381001,0.00629129203269049,0.00727891316735813,0.0623256182897754
"img_01373.jpg",0.0336381990422788,0.0121330654153864,0.0341613735596436,0.011871108130626,0.871357223325183,0.0147648925819417,0.0101643121514741,0.0119098257934666
"img_01377.jpg",0.0654954473739932,0.00964089963544763,0.0127509188753343,0.0101054815068506,0.87109370618895,0.0107953649943413,0.00964089963544763,0.0104772817896355
"img_01379.jpg",0.848794919942907,0.022275018306972,0.0204728050079421,0.0139014143921513,0.0100488210220854,0.0435306756176627,0.0113895947382409,0.0295867509720388
"img_01384.jpg",0.603500554280656,0.0373920155808444,0.0930589283550496,0.0248185371619099,0.0114194909363068,0.0985160070821451,0.0160659317918878,0.1152285348112
"img_01388.jpg",0.72122164455234,0.0926291665555969,0.010596581476737,0.00930948157120822,0.0669320083487707,0.0551256647345919,0.00930948157120822,0.0348759711895468
"img_01392.jpg",0.00821834906058006,0.0360283529315399,0.728367621611003,0.00679982019120094,0.00552099894685504,0.00645690429796306,0.00664995876740511,0.201957994193453
"img_01399.jpg",0.0116535513748607,0.790043898685804,0.0233966562102078,0.0054349264599344,0.00540985663385884,0.01112941136533,0.00526763377358702,0.147664065496418
"img_01404.jpg",0.869080665458785,0.0387575130588072,0.0104994124518827,0.0258944339342598,0.0100453880599134,0.0175894345632072,0.00981627261959502,0.0183168798535496
"img_01405.jpg",0.921775370516502,0.00907755480329086,0.00645847425026019,0.0151465515439853,0.011769606398571,0.0231633866651572,0.00660387354375401,0.0060051822784798
"img_01413.jpg",0.936679456649781,0.00569882605972381,0.00583128530486365,0.0078630075157242,0.0170212469583592,0.0133810255625039,0.00615550656602132,0.00736964538302323
"img_01426.jpg",0.0527050175069378,0.287148264189282,0.00783932664355767,0.00522003763825933,0.00536760266692592,0.00687894009177785,0.518102059196003,0.116738752067257
"img_01431.jpg",0.303883321851752,0.0454903892932583,0.0118337355226469,0.549257411307882,0.0100378349286022,0.0431833807592699,0.0115297620034698,0.0247841643331187
"img_01441.jpg",0.02008682413124,0.00953359786981716,0.0104194623872223,0.00953359786981716,0.00999538172531996,0.0112306349075678,0.00953359786981716,0.919666903239198
"img_01444.jpg",0.0778103261372955,0.0115012790170357,0.00640126369526951,0.00596937640212989,0.00548890358328868,0.0310502520447444,0.00722046213976103,0.854558136980475
"img_01490.jpg",0.0163260425336602,0.0149359258034505,0.115751774229842,0.00965165625575305,0.00999655049504629,0.0103570871278462,0.010040123626852,0.81294083992755
"img_01495.jpg",0.784606543552623,0.0503347726096317,0.0114263176341657,0.0123557691455496,0.00999774123461899,0.0484682749466997,0.00977189545861219,0.0730386854180988
"img_01505.jpg",0.00956870349491484,0.00956870349491484,0.0118228433376867,0.00956870349491484,0.928134077405139,0.00956870349491484,0.00956870349491484,0.0121995617826004
"img_01511.jpg",0.913981685474756,0.0207162891078528,0.00951755716351779,0.0104223285511983,0.00556478296913114,0.0254928412530484,0.00771499716870662,0.00658951831178905
"img_01519.jpg",0.338013206042183,0.0974054672654285,0.0186591246065555,0.0303265494670284,0.0101259166370194,0.373961519905108,0.0283246959110265,0.103183520165651
"img_01530.jpg",0.862119537272905,0.0206208077762078,0.0108876488939763,0.0139734789666401,0.0109226958838503,0.0149696415630973,0.010651968542813,0.0558542211005103
"img_01537.jpg",0.832413870028702,0.0112439283764469,0.0315518781956543,0.0103773978508228,0.0105043069777198,0.032600729444505,0.0128604036187656,0.0584474855073836
"img_01538.jpg",0.92636602256317,0.011436086228974,0.0052425469155394,0.0052425469155394,0.00543496255408907,0.0340760570660674,0.00551655093690022,0.00668522681972005
"img_01541.jpg",0.0101211872751541,0.00957198216773118,0.00957198216773118,0.00957198216773118,0.929682529641178,0.0109919725228684,0.00957198216773118,0.0109163818898747
"img_01543.jpg",0.947087611355499,0.00513932371923169,0.00514222331544052,0.00631986339004391,0.0169025642801797,0.00513932371923169,0.00513932371923169,0.00912976650114151
"img_01548.jpg",0.898245883851925,0.0105985526125666,0.0172847203604415,0.0100156000618312,0.0103445298908588,0.0121716579970545,0.0106575400050734,0.0306815152202495
"img_01552.jpg",0.960699701024622,0.00604879463883396,0.0053012567898674,0.0053012567898674,0.0055582504200723,0.00640458056411209,0.0053012567898674,0.00538490298275794
"img_01561.jpg",0.016353489196101,0.00957516060608367,0.00957516060608367,0.00957516060608367,0.918966369120112,0.00998849322404824,0.00957516060608367,0.0163910060354039
"img_01562.jpg",0.231936878659534,0.0453037858519974,0.0221062719666007,0.0169914803921945,0.0102698276948622,0.075687861639965,0.280722048296202,0.316981845498644
"img_01571.jpg",0.903807486747965,0.00987590737848011,0.00958446584044202,0.00958446584044202,0.00999588536926163,0.00958446584044202,0.0116938290402053,0.035873493942762
"img_01593.jpg",0.60203093371923,0.0275071999913069,0.0151564743027554,0.00738631935718512,0.00542532761588544,0.0734709885399923,0.0387521993155273,0.230270557158118
"img_01595.jpg",0.0368370588265486,0.00954672334424552,0.00954672334424552,0.00954672334424552,0.902510708768715,0.0120604715400809,0.00954672334424552,0.0104048674876732
"img_01616.jpg",0.844752607466197,0.0560545864373308,0.0101141951800998,0.0101611286512563,0.0103379020976687,0.0151247974957867,0.0112216811379723,0.0422331015336885
"img_01618.jpg",0.849176998313265,0.0214250957857606,0.00980366439128728,0.0137637270729915,0.0100547655611558,0.075502387090044,0.00996771751346314,0.0103056442720326
"img_01627.jpg",0.833467384541536,0.0813524693609735,0.00538479218506331,0.00586303722687797,0.00552795741348711,0.0396171769976838,0.00538479218506331,0.0234023900893154
"img_01632.jpg",0.895691593682937,0.0158611073622928,0.0172366873622219,0.00998495014645646,0.0103127349586777,0.01835213666086,0.0120561799750961,0.0205046098514575
"img_01633.jpg",0.597053734673167,0.0168085820089058,0.0123257336800048,0.0138476896071982,0.0101139997949289,0.177003858179286,0.0367792554359934,0.136067146620516
"img_01640.jpg",0.962463924591012,0.00521398236109762,0.00521398236109762,0.00521398236109762,0.00549467733966638,0.00527650342019107,0.00521398236109762,0.00590896520473994
"img_01646.jpg",0.941659614246329,0.0131621915259994,0.00512219881824067,0.00523283678683029,0.0053099331229337,0.0141361768964897,0.00512219881824067,0.010254849784937
"img_01647.jpg",0.0314990929949957,0.0102161846916832,0.00956159743010373,0.00952459249332181,0.909954762642303,0.00952459249332181,0.00952459249332181,0.0101945847609485
"img_01649.jpg",0.64976445844127,0.0196072126637451,0.0209535510017883,0.0339777106834027,0.094429823481123,0.0804338269249743,0.0846290542593761,0.0162043625443208
"img_01657.jpg",0.00738445103583111,0.00586860813966652,0.883645963286936,0.00517943284669669,0.0053682916257943,0.00517943284669669,0.00621213568106462,0.0811616845373143
"img_01669.jpg",0.345557010005955,0.0608779926486055,0.012305798283376,0.494131865882681,0.0100988447086222,0.0305089484050684,0.0155533242601882,0.0309662158055039
"img_01673.jpg",0.847260858225737,0.0161784566425013,0.0124840260362205,0.012485709321556,0.0126458899826334,0.0332607984973589,0.0371984319767557,0.0284858293172367
"img_01681.jpg",0.182997728318605,0.00552566573791213,0.00560479508208477,0.00552566573791213,0.00563297026036203,0.0183580471686789,0.0101552596721533,0.766199868022292
"img_01684.jpg",0.813323091796954,0.0437641843624987,0.00591435696264831,0.021620895317801,0.00552501221242904,0.0200797630128071,0.00541607561518021,0.0843566207196813
"img_01685.jpg",0.272939514722818,0.0593174687453599,0.175346618861272,0.0272520325066837,0.0217971393887757,0.208978985436367,0.0227077247661388,0.211660515572585
"img_01687.jpg",0.174329349143197,0.0163282013853156,0.014755805785035,0.00980439987695662,0.00999988054812336,0.0138033228107736,0.0261384808411247,0.734840559609474
"img_01688.jpg",0.129658577311697,0.094125950494498,0.00598156148817062,0.00977841625627511,0.00552555955069191,0.0750410423236822,0.0242787324377257,0.65561016013726
"img_01689.jpg",0.0177972132806311,0.00777940667488577,0.0385632404731058,0.00531700418161852,0.00541893487265622,0.0410629907526204,0.00876167567112736,0.875299534093355
"img_01716.jpg",0.0102392920770268,0.00952141888203729,0.00952141888203729,0.00952141888203729,0.92764696454712,0.0102023710055467,0.00952141888203729,0.0138256968421574
"img_01717.jpg",0.182218901039607,0.00952212504230155,0.00952212504230155,0.00952212504230155,0.758584243687017,0.00952212504230155,0.00952212504230155,0.0115862300618677
"img_01724.jpg",0.839506475181503,0.0104874962647797,0.0262970426781217,0.0104874962647797,0.0105950795363135,0.0340678045211329,0.0146506146951585,0.053907990858211
"img_01745.jpg",0.708537240855233,0.0218868958982133,0.107331405054999,0.059041615346158,0.0109645781673189,0.0382604202576538,0.0182593969869045,0.0357184474335196
"img_01771.jpg",0.850008441213057,0.0444394823502044,0.00727477478992507,0.0125773722669856,0.00555069960591374,0.0200926939215514,0.00545224270911942,0.0546042931432434
"img_01773.jpg",0.318757304768318,0.0401815967889232,0.0175704985869758,0.0110932614099984,0.0100492407623403,0.0234499684670449,0.119875241847675,0.459022887368724
"img_01781.jpg",0.101298345608481,0.0127070266959211,0.00973283139871518,0.00973283139871518,0.829634867222138,0.0121771184536679,0.0128447042500511,0.0118722749723101
"img_01782.jpg",0.0317066881717537,0.00952062365750055,0.00952062365750055,0.00952062365750055,0.908998307421717,0.0111166077321398,0.00952062365750055,0.0100959020443874
"img_01802.jpg",0.74814977890127,0.0096766366882311,0.0096766366882311,0.0096766366882311,0.186039427515196,0.0096766366882311,0.00993019856513592,0.0171740482654733
"img_01803.jpg",0.0178541480882714,0.0542151398488554,0.703955080919526,0.0152359420766182,0.010008975942109,0.0120771524243278,0.015578807234492,0.1710747534658
"img_01824.jpg",0.60003841342852,0.014823593929893,0.0212973579839338,0.0167131794251136,0.0104575618999722,0.168681780332853,0.0479008387145597,0.120087274285155
"img_01825.jpg",0.0302283923115163,0.558158135610548,0.0939196598054575,0.0546039728894582,0.109117680572286,0.0232540892939491,0.0798991715650032,0.0508188979517822
"img_01831.jpg",0.404757077312236,0.010634010353511,0.0149117312299455,0.364103360812395,0.0100263624740413,0.0879296513848111,0.0124151820843355,0.0952226243487244
"img_01834.jpg",0.0360677168557051,0.00801029938636528,0.0722160489968339,0.00562912982588551,0.005272098484771,0.0080551698718307,0.00514482796907684,0.859604708609532
"img_01847.jpg",0.0613286999447258,0.046961268318158,0.00698548867474285,0.00605501494283558,0.00555244634860898,0.019383831506529,0.014191726785093,0.839541523479307
"img_01853.jpg",0.372652431317177,0.112612292568816,0.0329158608717114,0.0140670053821023,0.0101073654586798,0.0525346727377305,0.0915373993143353,0.313572972349447
