"image","ALB","BET","DOL","LAG","NoF","OTHER","SHARK","YFT"
"img_00005.jpg",0.012321212303143,0.00949210957392079,0.0101325870775468,0.00949210957392079,0.928730892479181,0.00949210957392079,0.00949210957392079,0.0108468698444462
"img_00007.jpg",0.226095302872249,0.100782752385515,0.0249894950386886,0.0233498272766898,0.00999816110996478,0.00981433190971089,0.00981433190971089,0.595155797497471
"img_00009.jpg",0.814354099535441,0.0898989086033137,0.00967753670572377,0.0109446712165885,0.00999680662165688,0.0308159865273017,0.011016689098979,0.0232953016909954
"img_00018.jpg",0.677304199694871,0.183259788927108,0.0110760700915302,0.0510556686088984,0.0100060409138884,0.0227658601126036,0.00980720255369306,0.0347251690974067
"img_00027.jpg",0.253972703898421,0.100291230329751,0.0233512048701993,0.0125515768108235,0.0103228967971404,0.432548001284409,0.0643060304918238,0.102656355517432
"img_00030.jpg",0.0331579365192158,0.00961427123783222,0.00961427123783222,0.00961427123783222,0.906755294892607,0.00961427123783222,0.0116401754803835,0.00998950815646491
"img_00040.jpg",0.474002284183924,0.0470245425649087,0.01042911589645,0.0120872744240295,0.0103499726537829,0.0377923809644078,0.235456944646164,0.172857484666333
"img_00046.jpg",0.614250822703036,0.00960596455793,0.00960596455793,0.00960596455793,0.319479698178349,0.00960596455793,0.0174207115555616,0.0104249093313335
"img_00053.jpg",0.836250397916914,0.0424504443932451,0.0136489034322756,0.0162933994945909,0.0104276246202646,0.0306461755861433,0.0110949546342584,0.0391880999223076
"img_00071.jpg",0.223425831964811,0.0230940772020016,0.0100513878927351,0.694150723786296,0.00999818034812279,0.0177248394597877,0.00970660119954444,0.0118483581467015
"img_00075.jpg",0.650551362377745,0.0867998902427691,0.0118375019109656,0.0294095963569474,0.0708883352436879,0.117118506401378,0.0198786358857222,0.0135161715807848
"img_00102.jpg",0.22824634916839,0.0451906591175068,0.0154948137845263,0.0104280352088679,0.0100333480016171,0.0662319327475852,0.0195640540995016,0.604810807872005
"img_00103.jpg",0.874921710399384,0.0117783629967064,0.00966633869048594,0.00966633869048594,0.00999669621435031,0.0458484485867212,0.00966633869048594,0.0284557657313804
"img_00109.jpg",0.911507508685775,0.00964280035673682,0.00964280035673682,0.00964280035673682,0.0100009169382162,0.0150851117916627,0.0113642940389017,0.0231137674752335
"img_00119.jpg",0.0125551403231817,0.0127051842980799,0.0127853202473596,0.00972769985470351,0.850197716286474,0.0108426999725205,0.0116703517944884,0.0795158872231927
"img_00120.jpg",0.219125037778538,0.0682380967317815,0.0148798570181678,0.0155091970911221,0.010129951330803,0.0669514543575845,0.248670245025494,0.356496160666509
"img_00125.jpg",0.311889228326852,0.0306903092410502,0.0270234865533715,0.0113635894311361,0.00999860185618996,0.0778181996310107,0.0217440322762767,0.509472552684113
"img_00128.jpg",0.0398611950001779,0.0342739418455,0.174516285265748,0.00983440270931592,0.0100415121149035,0.0159876424183205,0.0142010494385307,0.701283971207503
"img_00129.jpg",0.467176030946472,0.0452399511988236,0.0153748893386681,0.014362240362806,0.010410082943332,0.0386069226828323,0.242899240158521,0.165930642368545
"img_00133.jpg",0.10600003936873,0.00969075070872982,0.00969075070872982,0.0135427281725175,0.827604355238318,0.0131818748711572,0.00969075070872982,0.0105987502230877
"img_00138.jpg",0.841028947963891,0.0399936013707424,0.0229903020220675,0.0281919295929126,0.0100961168850959,0.0291301668433442,0.012774345841313,0.0157945894806336
"img_00141.jpg",0.0226592078291411,0.0242153850235498,0.0386504946297736,0.00969642542760698,0.00999699383665276,0.0124739453844428,0.00969642542760698,0.872611122441226
"img_00152.jpg",0.0397524862516553,0.011206824961945,0.0133666382116426,0.0105009453567439,0.0100823064955962,0.0178816095531457,0.0104043839051971,0.886804805264074
"img_00161.jpg",0.0198080817740199,0.00953655772488814,0.00953655772488814,0.00953655772488814,0.00999541071629414,0.00980848242502955,0.00953655772488814,0.922241794185104
"img_00164.jpg",0.00954817471187625,0.0108378718217693,0.0102355883166549,0.00954817471187625,0.920993973033847,0.00954817471187625,0.0150767757400275,0.0142112669520722
"img_00170.jpg",0.472208375601096,0.0113272749365903,0.0123917673813114,0.298216894791176,0.0100582141483512,0.0811353661435183,0.0110704489355918,0.103591658062365
"img_00171.jpg",0.201691556471208,0.0618568655015133,0.0527479477085804,0.167709606106245,0.0181437960846941,0.467554486686718,0.0134818834162916,0.016813858024749
"img_00172.jpg",0.00946220129689196,0.00946220129689196,0.00946220129689196,0.00946220129689196,0.932724720146617,0.00946220129689196,0.00946220129689196,0.010502072072031
"img_00175.jpg",0.168672430739669,0.0352659610781411,0.035907402508271,0.0730949886936287,0.0101597667633678,0.646245929956677,0.0111010700503399,0.0195524502099058
"img_00180.jpg",0.0963863795547501,0.0164901426641365,0.0201820762744179,0.0177035554096973,0.0100409967353552,0.0194080092467141,0.0202566178486393,0.79953222226629
"img_00196.jpg",0.0337476134787018,0.0155043894699285,0.0141070948758416,0.00981392133710692,0.884396784859805,0.0175118605028472,0.0108732546448667,0.0140450808309027
"img_00212.jpg",0.139759319895143,0.012824227443874,0.00961607428616,0.00961607428616,0.00999619823209929,0.0132664917353284,0.00961607428616,0.795305539835075
"img_00223.jpg",0.486824196831325,0.0264957587826875,0.270747708013674,0.030738978824947,0.0100012305033929,0.122467076428472,0.0182894072184705,0.0344356433970314
"img_00230.jpg",0.818756137151382,0.0833121245248009,0.009691660776142,0.0107107598657648,0.00999694670037283,0.0302596696870433,0.009691660776142,0.0275810405183518
"img_00232.jpg",0.0237162235632531,0.0117687269384076,0.00976491821694138,0.0100522125273875,0.00999767170417851,0.025799601242277,0.893188672968706,0.0157119728388495
"img_00244.jpg",0.429292603782109,0.115964087431463,0.0132229359432012,0.0136378214947635,0.00999928417034063,0.135826874560222,0.0136606669488056,0.268395725669095
"img_00272.jpg",0.412420871194919,0.0164788497201234,0.324500833150927,0.0494317100172301,0.0104722502151349,0.0573627417600784,0.0190773618110383,0.110255382130549
"img_00280.jpg",0.860988947099317,0.0107856922700237,0.028365594575505,0.0107856922700237,0.011170596823014,0.0123983657157881,0.0139412013833054,0.0515639098630234
"img_00282.jpg",0.221374721329599,0.0706136814173088,0.0403729508772706,0.179478883100839,0.0131427675550411,0.444048542420385,0.0130788152934726,0.0178896380060838
"img_00285.jpg",0.474713200151762,0.0730842714995768,0.0216429867178107,0.0118690672714145,0.010563084821562,0.045511973770543,0.0705229084418825,0.292092507325449
"img_00289.jpg",0.932434908548512,0.00957796037835239,0.00957796037835239,0.00957796037835239,0.010097329181374,0.00957796037835239,0.00957796037835239,0.00957796037835239
"img_00292.jpg",0.267196519150007,0.0854794073199258,0.0125568322189946,0.0153594376741646,0.0103507562466961,0.0570346772419366,0.0382399123858661,0.513782457762409
"img_00302.jpg",0.551284538677112,0.0423180250324916,0.0104983755514619,0.0120409854291687,0.0105671643555905,0.0332603207747079,0.208625539895684,0.131405050283784
"img_00311.jpg",0.930450168819252,0.00955909769418024,0.00955909769418024,0.00955909769418024,0.0100466934384842,0.00955909769418024,0.00955909769418024,0.0117076492713627
"img_00320.jpg",0.915699591480822,0.0179777456158269,0.00965439182422355,0.00965439182422355,0.0100257715060728,0.0160040346500809,0.00965439182422355,0.0113296812745266
"img_00331.jpg",0.769984159645128,0.010122716324874,0.0107503005735173,0.010122716324874,0.0102816217622189,0.067850900550265,0.036243702031455,0.084643882787668
"img_00358.jpg",0.441147666384517,0.0360189162564421,0.00990328983318167,0.00990328983318167,0.0100259019361823,0.122020199579367,0.0712394944947305,0.299741241682398
"img_00374.jpg",0.62387932849883,0.0975833342264986,0.0111108341737126,0.0127148515822697,0.00999775265121531,0.0184413886180627,0.0097730361974084,0.216499474052003
"img_00375.jpg",0.22055636292978,0.118587222983303,0.402762759588235,0.0266883062985333,0.0100348960223259,0.101889748943648,0.021459658818274,0.0980210444159009
"img_00376.jpg",0.724789634890104,0.0342003838752369,0.0375189718758209,0.0100145628042396,0.0100808148478478,0.0644659590895509,0.0671203883860451,0.0518092842311552
"img_00380.jpg",0.850406414289179,0.0228540035381049,0.0133947935374263,0.0153378943341507,0.0100219973796847,0.0656847749304645,0.00980473222273241,0.0124953897682572
"img_00383.jpg",0.920675635811621,0.0132899248881991,0.00956633502045743,0.00956633502045743,0.0100027708434092,0.0131743845034324,0.00956633502045743,0.0141582788919657
"img_00398.jpg",0.803863034286267,0.0199190089240661,0.00975632959082235,0.00975632959082235,0.0101276834042173,0.0100560636530752,0.00975632959082235,0.126765220959907
"img_00407.jpg",0.878299773405667,0.0146022691991762,0.0142708526923693,0.0234291395914516,0.0100004670387634,0.0374112504008785,0.00977664803169103,0.0122095996400029
"img_00417.jpg",0.0673738529886548,0.0114613757395927,0.00949591127706171,0.00949591127706171,0.00999500865492237,0.00949591127706171,0.00949591127706171,0.873186117508583
"img_00432.jpg",0.599637610706155,0.0291708017315047,0.0882113766155294,0.0214989184853997,0.0355376869157797,0.107474643683626,0.0154436314835672,0.103025330378439
"img_00442.jpg",0.0137029411768369,0.0103098719837422,0.00948684850514374,0.00948684850514374,0.00999491849180425,0.00996993781158884,0.00948684850514374,0.927561785020596
"img_00446.jpg",0.754743168998983,0.0311427743357933,0.0112298133682503,0.0273491740522414,0.0100439773606901,0.0830367804513654,0.0109719241653856,0.071482387267291
"img_00469.jpg",0.786704186535579,0.0243836998324828,0.0136975304946265,0.00981071602714083,0.0100344606490466,0.0487113004570061,0.012780726876732,0.0938773791273863
"img_00473.jpg",0.88853161312334,0.0110411438692333,0.0098039081122896,0.0098039081122896,0.0101230236317284,0.0098039081122896,0.0098039081122896,0.0510885869265396
"img_00483.jpg",0.858359825827584,0.0487682094612585,0.00970215137096184,0.00970215137096184,0.0100008289198522,0.0150403831392846,0.0100558823434175,0.0383705675666796
"img_00484.jpg",0.556025308969077,0.190365516698949,0.0161578589415466,0.0297383236227455,0.0099983179704707,0.0309394003538329,0.0111681678886773,0.155607105554701
"img_00486.jpg",0.809253922033613,0.0490866359713505,0.057370288133642,0.0289541555756766,0.0104476029734154,0.0168310018794596,0.0171000422015409,0.0109563512313018
"img_00487.jpg",0.144884729591312,0.0318753978336314,0.0217180404336716,0.0106466502749534,0.70458386014875,0.0486866523693811,0.0174461608523058,0.0201585084959949
"img_00493.jpg",0.071214870749945,0.0097000970825295,0.0108759576743193,0.0097000970825295,0.862197522106382,0.0150896206167833,0.0097000970825295,0.0115217376049821
"img_00518.jpg",0.893023233125288,0.0108875810672082,0.0108875810672082,0.0108875810672082,0.0364124222675234,0.0108875810672082,0.0108875810672082,0.0161264392711481
"img_00533.jpg",0.141325475121599,0.0517662838068687,0.0140762803542546,0.0108087892865183,0.0100797436038977,0.0357011701062415,0.0419055290927206,0.694336728627899
"img_00538.jpg",0.854751206929548,0.032156127136889,0.0106205718850161,0.0105137719924176,0.00999847714580623,0.0146498111608855,0.00980379507776544,0.057506238671672
"img_00543.jpg",0.929238449766941,0.00953266709029523,0.00953266709029523,0.00953266709029523,0.0100129212333657,0.00979488588877918,0.00953266709029523,0.0128230747497328
"img_00550.jpg",0.481680363733634,0.0875487430688889,0.151252454265568,0.0491344021466525,0.0117786412168362,0.0981386939333559,0.0267898121303863,0.0936768895046778
"img_00551.jpg",0.790273380665496,0.00990116227015225,0.015694436915684,0.0278021858038317,0.0100735502705444,0.0941023299634463,0.0102365831783324,0.0419163709325126
"img_00564.jpg",0.0207110734202203,0.00970763954884153,0.0103318171122471,0.00970763954884153,0.903075851976107,0.0217784135768146,0.012975924269773,0.0117116405471546
"img_00575.jpg",0.750782738302758,0.023102780547476,0.0118361999999692,0.0120725502505134,0.0104996328016331,0.0608551035861832,0.0404273255653048,0.090423668946162
"img_00582.jpg",0.74488659601777,0.0170218236162042,0.0228215039259017,0.0168628667160245,0.0362922516908042,0.123792460459263,0.0168775868384257,0.0214449107356066
"img_00584.jpg",0.887071295703107,0.0131812015589446,0.0148070737783519,0.0263460869197788,0.018794218519631,0.0129670855483095,0.0121187443145982,0.0147142936572787
"img_00587.jpg",0.195186517346657,0.0614116049089659,0.018237843336126,0.0107123476216866,0.0101134513942815,0.17309520459306,0.0824235105827255,0.448819520216497
"img_00590.jpg",0.470963555322962,0.108922844200699,0.0469448446022074,0.011581630130642,0.0101475857510513,0.0569228631130323,0.0959419516743146,0.198574725205092
"img_00591.jpg",0.281463524841046,0.0209339586203489,0.0101268535266019,0.00977842093462789,0.00999780572978506,0.102076280477137,0.0137053618233776,0.551917794047076
"img_00598.jpg",0.750792757264271,0.0218057911998561,0.0171177595759233,0.0574024642066584,0.0103000972311344,0.0792893911751393,0.0168133147710229,0.0464784245759948
"img_00599.jpg",0.559872443140784,0.081451986545291,0.0317033262721722,0.0157644427567703,0.0102782687238703,0.0308986358086594,0.0898293105366378,0.180201586215815
"img_00612.jpg",0.596795738399072,0.0117835357018841,0.0134958807396196,0.0113243799811295,0.0102671531005532,0.18529722531347,0.0437025177251349,0.127333569039137
"img_00618.jpg",0.930870695235194,0.00971037836193783,0.00971037836193783,0.00971037836193783,0.0102207731911526,0.0102046420702199,0.00971037836193783,0.0098623760556824
"img_00620.jpg",0.820395362987548,0.0294453728740352,0.0303961628425191,0.016037372629399,0.0101425527493046,0.0646346967549696,0.0147162527269661,0.0142322264352581
"img_00642.jpg",0.220253326584745,0.0576231799244284,0.0119547163847535,0.651153834523533,0.00999722584325845,0.0240944395036371,0.00971984310581043,0.0152034341298337
"img_00646.jpg",0.0205696263524958,0.0133095528381961,0.0207930084069636,0.00957112044264635,0.00999575336565551,0.016296900963821,0.00957112044264635,0.899892917187576
"img_00648.jpg",0.929386606506578,0.00956476256515535,0.00956476256515535,0.00956476256515535,0.0100366452127059,0.00988259468853619,0.00956476256515535,0.0124351033315581
"img_00650.jpg",0.363640365875728,0.0449807875896515,0.0221256153253356,0.0233223022232509,0.0103152753485081,0.453796083657414,0.0561617247663888,0.0256578452137231
"img_00654.jpg",0.655174832437959,0.0462679832310578,0.0679037738405906,0.026899200757418,0.02638410262485,0.0643775597056952,0.0450085844030034,0.0679839629994254
"img_00664.jpg",0.797757077648655,0.0803649674018727,0.0104125452668862,0.00979403232496319,0.0100050347260102,0.018634428716942,0.0179838817852238,0.0550480321294471
"img_00667.jpg",0.00959278776310093,0.00959278776310093,0.0104122125423316,0.00959278776310093,0.926237407362159,0.00959278776310093,0.00959278776310093,0.0153864412800042
"img_00676.jpg",0.00977077069202302,0.0150249339709616,0.013186107674169,0.00971372532306848,0.877112692115306,0.0115393650471534,0.0097730566232199,0.0538793485540987
"img_00697.jpg",0.0135011597245877,0.00947202211067385,0.0112447316027892,0.00947202211067385,0.00999477182082854,0.00947202211067385,0.00947202211067385,0.927371248409099
"img_00708.jpg",0.363821125660962,0.0714180774640112,0.023021235014512,0.0226317961811477,0.0102565859799743,0.293594289333055,0.105841147469713,0.109415742896625
"img_00716.jpg",0.161593770279964,0.120934061796495,0.0182125589543313,0.018397969295105,0.0101821297174238,0.475269012674444,0.0981965815208967,0.0972139157613408
"img_00717.jpg",0.542673997831717,0.0750079927411632,0.00993414077570784,0.0328755368971941,0.00999835875734178,0.28451448030823,0.0245663029430424,0.0204291897456043
"img_00718.jpg",0.828920741842412,0.00970822919475745,0.011625011192114,0.0139592783647584,0.00999711047724442,0.0532896008681347,0.00970822919475745,0.0627917988658211
"img_00723.jpg",0.174170858299727,0.00954004283570599,0.00954004283570599,0.00954004283570599,0.766907813005288,0.00954004283570599,0.00954004283570599,0.0112211145164549
"img_00724.jpg",0.1746108104586,0.010699923980227,0.0196536719772182,0.0107256204612818,0.0103322415836684,0.073042450821721,0.334543569250706,0.366391711466577
"img_00726.jpg",0.928984093553033,0.0095330155618697,0.0095330155618697,0.0095330155618697,0.00999537569848543,0.0100797390939736,0.0111761385982455,0.0111656063706533
"img_00729.jpg",0.544782653437265,0.00968023795729091,0.00968023795729091,0.00968023795729091,0.387207908407359,0.00968023795729091,0.0183278935814046,0.0109605927448074
"img_00730.jpg",0.100495770852677,0.0235723145542568,0.0128164505640762,0.00988370925604763,0.010014851201435,0.0229418498134342,0.0409516018585008,0.779323451899573
"img_00757.jpg",0.782583211716274,0.0146907950792469,0.0165996771657088,0.0620915529722716,0.0100396438399417,0.0669006125939831,0.0111972927709079,0.0358972138616664
"img_00760.jpg",0.425564427690634,0.0396557387795908,0.0108629471695524,0.446537460738828,0.0100580932771858,0.0297938918992319,0.0123517003654493,0.025175740079528
"img_00763.jpg",0.00953490360684606,0.00953490360684606,0.00953490360684606,0.00953490360684606,0.927314311426001,0.00953490360684606,0.00953490360684606,0.0154762669329222
"img_00764.jpg",0.0135005406878297,0.0112556725541252,0.025944486944864,0.0096047980148749,0.00999608689763224,0.0096047980148749,0.0096047980148749,0.910488818870924
"img_00765.jpg",0.153453845858435,0.11462773261699,0.0125248738025927,0.0867152196700081,0.0100265585673805,0.497978823622797,0.0324868361359934,0.0921861097258027
"img_00772.jpg",0.0116174627765735,0.00959097290803448,0.342234058571267,0.00959097290803448,0.00999594993831035,0.0117346561188115,0.0118709118482418,0.593365014930727
"img_00773.jpg",0.878490764851679,0.0182210947060269,0.0345045300443357,0.0162390640091255,0.0100006220259734,0.0196465296413446,0.0121797777347585,0.0107176169867568
"img_00777.jpg",0.808714223161783,0.0255441173164498,0.0124512040788984,0.0104964034418212,0.0101897917378269,0.0952271499500758,0.0273953254145925,0.00998178489855248
"img_00780.jpg",0.0146058089019088,0.0125129854953375,0.0309068322744004,0.00974296911382406,0.00999745507751101,0.0203893751641648,0.0103956070342538,0.8914489669386
"img_00798.jpg",0.616272189521919,0.155300710529673,0.0157234471166598,0.141820266320654,0.0104400061285682,0.026631871068901,0.0156231458695294,0.0181883634440958
"img_00808.jpg",0.799048760231691,0.0288212405063775,0.0123640604404796,0.0120588523646724,0.0099973629185292,0.0227253350830385,0.00973370962385372,0.105250678831358
"img_00816.jpg",0.911720342689564,0.00991210083458115,0.0100500624856922,0.00991210083458115,0.0101772657487907,0.0122749447404431,0.0169092524125847,0.0190439302537636
"img_00828.jpg",0.00964966184348302,0.00957140211332453,0.00957140211332453,0.00957140211332453,0.923659035753713,0.010322956409585,0.00957140211332453,0.0180827375399206
"img_00833.jpg",0.270424465235933,0.0557821066794001,0.0248027744403929,0.0174801199067943,0.0101163329678335,0.355044729774701,0.151292777460577,0.115056693534369
"img_00837.jpg",0.828994580933119,0.0406219516975686,0.0144999671759959,0.0154962134096966,0.0102752115425483,0.0486578886659672,0.0109519615211062,0.030502225053998
"img_00855.jpg",0.574399786391451,0.0657837179734652,0.033185399184903,0.0136345159486835,0.0103115647235225,0.0864449745241118,0.032598726452519,0.183641314801344
"img_00857.jpg",0.918730893493705,0.0182105092247602,0.00977712793125351,0.00977712793125351,0.0126452295696226,0.0101661867155817,0.00977712793125351,0.0109157972025701
"img_00858.jpg",0.834685930850387,0.0119213608819886,0.00983608343651352,0.0107652239899577,0.010034333141888,0.084008785194643,0.0139446610816924,0.0248036214229293
"img_00865.jpg",0.849295340629498,0.0590270564453431,0.00965382909644309,0.00965382909644309,0.00999657224648587,0.0171599446590433,0.00965382909644309,0.0355595987303005
"img_00876.jpg",0.00987204290512612,0.00984990909305304,0.0103049291999178,0.00970405978856907,0.901832226186794,0.0105168852934068,0.00970405978856907,0.038215887744564
"img_00889.jpg",0.0135925474531517,0.00960669090473009,0.283085811062797,0.010033346792045,0.00999610537122821,0.00960669090473009,0.00960669090473009,0.654472116606588
"img_00894.jpg",0.841846416349457,0.0186043871037229,0.0194857801199927,0.0172114313036091,0.0145265080142808,0.0235103897764501,0.0142372205276136,0.0505778668048737
"img_00902.jpg",0.0200504190107096,0.0103932516230537,0.00980553710094847,0.0110250374721906,0.0100050163338272,0.0246784624717334,0.901551743068632,0.0124905329189048
"img_00914.jpg",0.0134531792572094,0.0109354573545,0.00944976372963265,0.00944976372963265,0.00999455145949555,0.00944976372963265,0.00944976372963265,0.927817757010264
"img_00921.jpg",0.452470289376975,0.0127223994455776,0.0263235453803252,0.0107384851627129,0.0117878523328857,0.189803200699482,0.0851221425055285,0.211032085096513
"img_00927.jpg",0.358364937911553,0.0986232966174045,0.0302298402527085,0.0120576748834036,0.0101241062178854,0.044028602022835,0.0928789802721818,0.353692561822028
"img_00943.jpg",0.880291482469616,0.0299667014732029,0.00960376398483368,0.00960376398483368,0.00999607673206586,0.0107094062415804,0.00960376398483368,0.0402250411290335
"img_00948.jpg",0.798966903825408,0.0163966196276335,0.0183939826184799,0.0146900322057857,0.0149765025989403,0.0331454244283998,0.0150718609683205,0.0883586737270326
"img_00950.jpg",0.0191217066296434,0.00953464319870226,0.00953464319870226,0.00953464319870226,0.922014752661935,0.0100761428341264,0.00953464319870226,0.0106488250794858
"img_00959.jpg",0.901261823221264,0.00941104279084147,0.00941104279084147,0.00941104279084147,0.0409899914002082,0.00941104279084147,0.00999637670441961,0.0101076375107427
"img_00962.jpg",0.0210587153407406,0.0106763455185571,0.0297432091857787,0.00959766664734098,0.00999601600072289,0.0112381110127682,0.00959766664734098,0.898092269646751
"img_00964.jpg",0.0139162484387164,0.0378746368263967,0.785188218784129,0.0128566564753342,0.00999770149085227,0.0139073060025585,0.0104427064001485,0.115816525581864
"img_00966.jpg",0.834879252740652,0.0109043145770076,0.0118734256310706,0.0109043145770076,0.0267999724303822,0.0109043145770076,0.0109043145770076,0.0828300908898646
"img_00974.jpg",0.773472453089368,0.0798595210197556,0.0156416053336847,0.0174599457929271,0.00999822192916754,0.0223156163632325,0.010293968903688,0.0709586675681762
"img_00979.jpg",0.0369130008272517,0.00969697592186717,0.089093473144845,0.00969697592186717,0.0099969992635831,0.0181830797207103,0.00983885595513935,0.816580639244736
"img_00982.jpg",0.256670215933365,0.557145444011958,0.0324823152809139,0.0232470828520148,0.0117911395475704,0.0362958415099526,0.0380820694868591,0.0442858913773657
"img_00985.jpg",0.342670219141172,0.077271261321112,0.0105421504318159,0.0167138368381314,0.0103257791573782,0.0649087995912465,0.0382200301659871,0.439347923353157
"img_00999.jpg",0.788225302429284,0.0184722158458311,0.00984315791900617,0.00984315791900617,0.0100175962731382,0.0225208222975974,0.0213290394879016,0.119748707828236
"img_01022.jpg",0.698764691750326,0.0160410378031494,0.0159425642835366,0.0229672965094134,0.0826446341196327,0.10990338600128,0.012675152389543,0.0410612371431193
"img_01031.jpg",0.782703227266409,0.014270856155832,0.0565695767159576,0.0160397864341562,0.0103359536682543,0.0689837673406039,0.0349697176754413,0.0161271147433458
"img_01035.jpg",0.72807102279237,0.0316861438268339,0.0218967403906906,0.0143162242586345,0.0100839662641742,0.147923057493468,0.0361072598689938,0.00991558510483506
"img_01043.jpg",0.0113312486869133,0.00946317771635141,0.00946317771635141,0.00946317771635141,0.931123929617873,0.00946317771635141,0.00946317771635141,0.0102289331134563
"img_01058.jpg",0.820073620445296,0.0180774606443852,0.0173517749258965,0.0118144264983452,0.0119764269089447,0.0290694917773664,0.0118144264983452,0.079822372301421
"img_01059.jpg",0.20518968950165,0.0783255381890153,0.0133271267332028,0.0147970354169173,0.010020300606669,0.133343218725894,0.0476874191118952,0.497309671714757
"img_01090.jpg",0.0205071809942838,0.0438038198423473,0.0156439720023246,0.00998561797320814,0.862445719831083,0.011006991550275,0.0195764521567921,0.0170302456496864
"img_01102.jpg",0.245071701487176,0.550361000445729,0.0173133096996934,0.0308086185797742,0.0100799161278841,0.0198142304922089,0.0134107758165924,0.113140447350942
"img_01103.jpg",0.0833497824054121,0.191728501107803,0.0146274014790759,0.0230108914617412,0.0099985469853861,0.0136385648910178,0.0354518593226879,0.628194452346876
"img_01116.jpg",0.861320068954814,0.0298548021794641,0.0100628138557668,0.019699621709734,0.00999829318985554,0.0248286120900147,0.00982761549293589,0.0344081725274153
"img_01134.jpg",0.77262819427987,0.0098807697910098,0.037281877182064,0.0214281708346909,0.00999881905502064,0.0831042519600495,0.0107780008245516,0.0548999160727433
"img_01142.jpg",0.908908634793648,0.0100085905301025,0.0213380145605255,0.0102824674487812,0.0102051575507145,0.0169489601174678,0.0100846666520015,0.0122235083467588
"img_01168.jpg",0.0322705151464924,0.11521716068835,0.0149463020891245,0.0497484973982948,0.010186328225726,0.668643322113015,0.0608098434506421,0.0481780308883548
"img_01171.jpg",0.00955770064561392,0.00955770064561392,0.00955770064561392,0.00955770064561392,0.923366820679014,0.00955770064561392,0.00955770064561392,0.0192869754473027
"img_01177.jpg",0.867858723008883,0.015500457340525,0.0477137467468296,0.013773521610125,0.0102333107965723,0.0112957847914829,0.0177962521281187,0.0158282035774636
"img_01179.jpg",0.876220953576318,0.0115671950712982,0.0156380237252505,0.019072029579702,0.0105476608437856,0.0461467916198634,0.00995633973276264,0.0108510058510198
"img_01188.jpg",0.322905971409435,0.0786639462575896,0.0160512485132748,0.0504604980936264,0.0100723385386215,0.436092943704577,0.016919474450536,0.0688335790323399
"img_01198.jpg",0.302890284095963,0.0244822675263966,0.0362877612774137,0.0143613631044309,0.033618521080917,0.0559975573269437,0.481255542720068,0.0511067028678663
"img_01204.jpg",0.00956337182691857,0.00998037055945828,0.0105352001606081,0.00956337182691857,0.923228816516417,0.00956337182691857,0.00956337182691857,0.0180021254558425
"img_01208.jpg",0.0189612430898892,0.00954747597533183,0.0100818784000196,0.00989051466642963,0.921162100160215,0.010350905679783,0.00954747597533183,0.0104584060529998
"img_01211.jpg",0.917482788090715,0.0146671651202443,0.00957641558194599,0.00957641558194599,0.0158206785040392,0.00957641558194599,0.00957641558194599,0.013723705957217
"img_01213.jpg",0.789317646319185,0.0442290275345855,0.012483049724115,0.0321723772405779,0.0101677932138022,0.0640920391175522,0.0100096772467095,0.0375283896034726
"img_01222.jpg",0.260690637859173,0.283217764231599,0.0156192538555691,0.0392949017846475,0.00999853182892907,0.111252490053464,0.0148988065405193,0.265027613846099
"img_01224.jpg",0.0902098047595907,0.0135737384475851,0.148565257185843,0.00981690308301459,0.00999818691354333,0.0174156163973756,0.0117987338847256,0.698621759328322
"img_01237.jpg",0.0418071987424163,0.00967088260068831,0.00967088260068831,0.00967088260068831,0.811990863885711,0.00984002621770494,0.0163744838041023,0.0909747795480007
"img_01249.jpg",0.0525955108460358,0.0178539239797354,0.0241151493886522,0.00981720195711465,0.854883425293344,0.0146311149971156,0.0133688553291785,0.0127348182088243
"img_01253.jpg",0.0201401057526447,0.00944135091765479,0.00944135091765479,0.00944135091765479,0.00999446808703227,0.00944135091765479,0.00944135091765479,0.922658671572049
"img_01286.jpg",0.640074352494252,0.0384233242870009,0.0147550743239513,0.0128110966379547,0.0118881678566334,0.0404769233153055,0.0119177900203023,0.2296532710646
"img_01289.jpg",0.2479250608969,0.123124252204255,0.0105077682316628,0.0164059164269996,0.0100062442524398,0.139179202163855,0.052749956992961,0.400101598830926
"img_01325.jpg",0.0250068085878139,0.0444718314588606,0.0124098933156492,0.0125314702580369,0.85704067303702,0.00976651188014886,0.0176079682019402,0.02116484326053
"img_01328.jpg",0.828312498026748,0.0531158722346031,0.0107504639123181,0.0240919841915804,0.0100348877949443,0.0358821849506254,0.009832543286197,0.0279795656029835
"img_01366.jpg",0.168470614296293,0.032897768988761,0.0435806670645367,0.0617036276350249,0.0101032325490002,0.640682592509888,0.0132007946276199,0.0293607023288762
"img_01371.jpg",0.696229863375114,0.0099871959838065,0.0109269342299446,0.00979348764115023,0.135524107441725,0.0114010794216417,0.0131908464418864,0.112946485464731
"img_01373.jpg",0.0336381990422788,0.0121330654153864,0.0341613735596436,0.011871108130626,0.871357223325183,0.0147648925819417,0.0101643121514741,0.0119098257934666
"img_01377.jpg",0.0654954473739932,0.00964089963544763,0.0127509188753343,0.0101054815068506,0.87109370618895,0.0107953649943413,0.00964089963544763,0.0104772817896355
"img_01379.jpg",0.848794919942907,0.022275018306972,0.0204728050079421,0.0139014143921513,0.0100488210220854,0.0435306756176627,0.0113895947382409,0.0295867509720388
"img_01384.jpg",0.603500554280656,0.0373920155808444,0.0930589283550496,0.0248185371619099,0.0114194909363068,0.0985160070821451,0.0160659317918878,0.1152285348112
"img_01388.jpg",0.72122164455234,0.0926291665555969,0.010596581476737,0.00930948157120822,0.0669320083487707,0.0551256647345919,0.00930948157120822,0.0348759711895468
"img_01392.jpg",0.0149032363699465,0.0653341754895839,0.507419128705609,0.0123308619329257,0.0100118347002164,0.0117090148229692,0.0120591017284001,0.36623264625035
"img_01399.jpg",0.0215356697123315,0.612002804420176,0.0432368335032143,0.0100437006185471,0.00999737178051807,0.020567063167839,0.00973454507251863,0.272882011724856
"img_01404.jpg",0.869080665458785,0.0387575130588072,0.0104994124518827,0.0258944339342598,0.0100453880599134,0.0175894345632072,0.00981627261959502,0.0183168798535496
"img_01405.jpg",0.854219641798999,0.0169170400620705,0.0120360901144759,0.0282272952159895,0.0219339797196537,0.0431675653498269,0.0123070579826225,0.0111913297563623
"img_01413.jpg",0.884629526772097,0.0103833009725992,0.0106246426444587,0.0143264547347021,0.0310128311068591,0.024380322242061,0.0112153760518368,0.013427545475386
"img_01426.jpg",0.0981639910919692,0.534818523573029,0.0146008791421791,0.00972240884189785,0.00999725121639487,0.0128121428629178,0.102456892987561,0.217427910284051
"img_01431.jpg",0.303883321851752,0.0454903892932583,0.0118337355226469,0.549257411307882,0.0100378349286022,0.0431833807592699,0.0115297620034698,0.0247841643331187
"img_01441.jpg",0.02008682413124,0.00953359786981716,0.0104194623872223,0.00953359786981716,0.00999538172531996,0.0112306349075678,0.00953359786981716,0.919666903239198
"img_01444.jpg",0.14173501052376,0.0209500972870863,0.0116601898777997,0.0108734877384177,0.00999828487762158,0.056559431360844,0.013152396708371,0.7350711016261
"img_01490.jpg",0.0163260425336602,0.0149359258034505,0.115751774229842,0.00965165625575305,0.00999655049504629,0.0103570871278462,0.010040123626852,0.81294083992755
"img_01495.jpg",0.784606543552623,0.0503347726096317,0.0114263176341657,0.0123557691455496,0.00999774123461899,0.0484682749466997,0.00977189545861219,0.0730386854180988
"img_01505.jpg",0.00956870349491484,0.00956870349491484,0.0118228433376867,0.00956870349491484,0.928134077405139,0.00956870349491484,0.00956870349491484,0.0121995617826004
"img_01511.jpg",0.844911645478735,0.0373508270564963,0.0171598605215505,0.0187911352856254,0.0100331311850714,0.0459628025011674,0.0139099007302658,0.011880697241088
"img_01519.jpg",0.338013206042183,0.0974054672654285,0.0186591246065555,0.0303265494670284,0.0101259166370194,0.373961519905108,0.0283246959110265,0.103183520165651
"img_01530.jpg",0.862119537272905,0.0206208077762078,0.0108876488939763,0.0139734789666401,0.0109226958838503,0.0149696415630973,0.010651968542813,0.0558542211005103
"img_01537.jpg",0.832413870028702,0.0112439283764469,0.0315518781956543,0.0103773978508228,0.0105043069777198,0.032600729444505,0.0128604036187656,0.0584474855073836
"img_01538.jpg",0.864524673880804,0.0210406603762053,0.00964548945746134,0.00964548945746134,0.00999950498521566,0.0626947654408899,0.010149615208154,0.0122998011938083
"img_01541.jpg",0.0101211872751541,0.00957198216773118,0.00957198216773118,0.00957198216773118,0.929682529641178,0.0109919725228684,0.00957198216773118,0.0109163818898747
"img_01543.jpg",0.899692185825406,0.00974279071155397,0.00974828757467331,0.0119807799038615,0.0320427657931222,0.00974279071155397,0.00974279071155397,0.017307608768275
"img_01548.jpg",0.898245883851925,0.0105985526125666,0.0172847203604415,0.0100156000618312,0.0103445298908588,0.0121716579970545,0.0106575400050734,0.0306815152202495
"img_01552.jpg",0.929120535287441,0.0109092128389494,0.0095610021645135,0.0095610021645135,0.0100244991713651,0.0115508852076959,0.0095610021645135,0.00971186100100835
"img_01561.jpg",0.016353489196101,0.00957516060608367,0.00957516060608367,0.00957516060608367,0.918966369120112,0.00998849322404824,0.00957516060608367,0.0163910060354039
"img_01562.jpg",0.231936878659534,0.0453037858519974,0.0221062719666007,0.0169914803921945,0.0102698276948622,0.075687861639965,0.280722048296202,0.316981845498644
"img_01571.jpg",0.903807486747965,0.00987590737848011,0.00958446584044202,0.00958446584044202,0.00999588536926163,0.00958446584044202,0.0116938290402053,0.035873493942762
"img_01593.jpg",0.263894128739376,0.0508788575071207,0.0280342636329374,0.0136621499169336,0.0100349897766882,0.135896054778928,0.0716782379771611,0.425921317670856
"img_01595.jpg",0.0368370588265486,0.00954672334424552,0.00954672334424552,0.00954672334424552,0.902510708768715,0.0120604715400809,0.00954672334424552,0.0104048674876732
"img_01616.jpg",0.844752607466197,0.0560545864373308,0.0101141951800998,0.0101611286512563,0.0103379020976687,0.0151247974957867,0.0112216811379723,0.0422331015336885
"img_01618.jpg",0.849176998313265,0.0214250957857606,0.00980366439128728,0.0137637270729915,0.0100547655611558,0.075502387090044,0.00996771751346314,0.0103056442720326
"img_01627.jpg",0.698822767356289,0.147127405183769,0.00973849359294633,0.0106034083594789,0.00999741048552488,0.0716483777094971,0.00973849359294633,0.0423236437195486
"img_01632.jpg",0.895691593682937,0.0158611073622928,0.0172366873622219,0.00998495014645645,0.0103127349586777,0.01835213666086,0.0120561799750961,0.0205046098514575
"img_01633.jpg",0.597053734673167,0.0168085820089058,0.0123257336800048,0.0138476896071982,0.0101139997949289,0.177003858179286,0.0367792554359934,0.136067146620516
"img_01640.jpg",0.931409541147573,0.00952761946206327,0.00952761946206327,0.00952761946206327,0.0100405392909965,0.00964186550628696,0.00952761946206327,0.0107975762068906
"img_01646.jpg",0.890117983686847,0.0247905139003249,0.00964747707499885,0.00985585970587053,0.0100010678794532,0.02662498028217,0.00964747707499885,0.0193146403953366
"img_01647.jpg",0.0314990929949957,0.0102161846916832,0.00956159743010374,0.00952459249332182,0.909954762642304,0.00952459249332182,0.00952459249332182,0.0101945847609485
"img_01649.jpg",0.64976445844127,0.0196072126637451,0.0209535510017883,0.0339777106834027,0.094429823481123,0.0804338269249743,0.0846290542593761,0.0162043625443208
"img_01657.jpg",0.0137613601878824,0.0109364975161488,0.783167387697039,0.00965217869635723,0.0100041281738736,0.00965217869635723,0.0115766813576691,0.151249587674673
"img_01669.jpg",0.345557010005955,0.0608779926486055,0.012305798283376,0.494131865882681,0.0100988447086222,0.0305089484050684,0.0155533242601882,0.0309662158055039
"img_01673.jpg",0.847260858225737,0.0161784566425013,0.0124840260362205,0.012485709321556,0.0126458899826334,0.0332607984973589,0.0371984319767557,0.0284858293172367
"img_01681.jpg",0.330255817298858,0.00997216343154429,0.0101149680798433,0.00997216343154429,0.0101658157959051,0.0331307493672677,0.0183271869750753,0.578061135619962
"img_01684.jpg",0.662190586977218,0.0791954054372714,0.0107025848734666,0.0391250424417208,0.00999802894953831,0.0363362186693976,0.00980089793677642,0.152651234714611
"img_01685.jpg",0.272939514722818,0.0593174687453599,0.175346618861272,0.0272520325066837,0.0217971393887757,0.208978985436367,0.0227077247661388,0.211660515572585
"img_01687.jpg",0.174329349143197,0.0163282013853156,0.014755805785035,0.00980439987695662,0.00999988054812336,0.0138033228107736,0.0261384808411247,0.734840559609474
"img_01688.jpg",0.234793920286391,0.170449201090318,0.0108317883811531,0.0177073721970871,0.0100060313446446,0.13588904702539,0.0439654582583772,0.376357181416638
"img_01689.jpg",0.0328364636080159,0.0143532698149912,0.0711504898230562,0.00981005349322835,0.00999811908383639,0.0757626140802702,0.0161655895102028,0.769923400586399
"img_01716.jpg",0.0102392920770268,0.00952141888203729,0.00952141888203729,0.00952141888203729,0.92764696454712,0.0102023710055467,0.00952141888203729,0.0138256968421574
"img_01717.jpg",0.182218901039607,0.00952212504230154,0.00952212504230154,0.00952212504230154,0.758584243687017,0.00952212504230154,0.00952212504230154,0.0115862300618677
"img_01724.jpg",0.839506475181503,0.0104874962647797,0.0262970426781217,0.0104874962647797,0.0105950795363135,0.0340678045211329,0.0146506146951585,0.053907990858211
"img_01745.jpg",0.708537240855233,0.0218868958982133,0.107331405054999,0.059041615346158,0.0109645781673189,0.0382604202576538,0.0182593969869045,0.0357184474335196
"img_01771.jpg",0.729382079813863,0.0801786472853681,0.0131253014462534,0.0226923591689131,0.0100146887936813,0.0362516603198354,0.00983705079289014,0.0985182123791958
"img_01773.jpg",0.318757304768318,0.0401815967889232,0.0175704985869758,0.0110932614099984,0.0100492407623403,0.0234499684670449,0.119875241847675,0.459022887368724
"img_01781.jpg",0.101298345608481,0.0127070266959211,0.00973283139871518,0.00973283139871518,0.829634867222138,0.0121771184536679,0.0128447042500511,0.0118722749723101
"img_01782.jpg",0.0317066881717537,0.00952062365750055,0.00952062365750055,0.00952062365750055,0.908998307421717,0.0111166077321398,0.00952062365750055,0.0100959020443874
"img_01802.jpg",0.74814977890127,0.0096766366882311,0.0096766366882311,0.0096766366882311,0.186039427515196,0.0096766366882311,0.00993019856513592,0.0171740482654733
"img_01803.jpg",0.0178541480882714,0.0542151398488554,0.703955080919526,0.0152359420766182,0.010008975942109,0.0120771524243278,0.015578807234492,0.1710747534658
"img_01824.jpg",0.60003841342852,0.014823593929893,0.0212973579839338,0.0167131794251136,0.0104575618999722,0.168681780332853,0.0479008387145597,0.120087274285155
"img_01825.jpg",0.0302283923115163,0.558158135610548,0.0939196598054575,0.0546039728894582,0.109117680572286,0.0232540892939491,0.0798991715650032,0.0508188979517822
"img_01831.jpg",0.404757077312236,0.010634010353511,0.0149117312299455,0.364103360812395,0.0100263624740413,0.0879296513848111,0.0124151820843355,0.0952226243487244
"img_01834.jpg",0.0683959328278107,0.0151900909323522,0.136944738033676,0.0106746314714232,0.00999758579864094,0.01527517973135,0.00975624017431979,0.733765601030427
"img_01847.jpg",0.110601772026517,0.0846911722779424,0.0125978118987368,0.0109197713782982,0.0100134261086865,0.0349573057184935,0.0255937290691332,0.710625011522192
"img_01853.jpg",0.372652431317177,0.112612292568816,0.0329158608717114,0.0140670053821023,0.0101073654586798,0.0525346727377305,0.0915373993143352,0.313572972349447
"img_01856.jpg",0.928580334035797,0.009758184939155,0.00950139062040265,0.00950139062040265,0.00999506262289919,0.00950139062040265,0.00950139062040265,0.0136608559205381
"img_01860.jpg",0.890954766815157,0.0153042538149803,0.0155047497578467,0.0103169296757092,0.0250231443524484,0.0128730932539555,0.010979408605357,0.0190436537245456
