image,ALB,BET,DOL,LAG,NoF,OTHER,SHARK,YFT
img_00005.jpg,0.0033533432,0.001490395,0.0022602085,0.0008424063,0.9867415918,0.0016441795,0.0015597421,0.0021081337
img_00007.jpg,0.0584661774,0.0144051144,0.0038895972,0.0038584665,1.00293509529627E-005,0.0022104904,0.0021220059,0.9150381188
img_00009.jpg,0.8551744405,0.0699005012,0.0037305064,0.0025269139,1.01507878656516E-005,0.0621206233,0.0022565009,0.004280363
img_00018.jpg,0.7733073057,0.0488562522,0.0023257112,0.0080060279,1.00271464949027E-005,0.1593234221,0.0021125881,0.0060586656
img_00027.jpg,0.2908285383,0.0278978143,0.006473396,0.0027174563,1.00485090587979E-005,0.1165846725,0.0120910222,0.5433970519
img_00030.jpg,0.0167770327,0.0019795641,0.0010323487,0.0046323838,0.969742146,0.0038362844,0.0007971741,0.0012030663
img_00040.jpg,0.1174241432,0.0074913402,0.0028896282,0.0023169155,0.000010052,0.0078913411,0.8286670738,0.0333095061
img_00046.jpg,0.5495148395,0.009768588,0.0121180528,0.0069572989,0.3803640392,0.0125096854,0.0139782346,0.0147892615
img_00053.jpg,0.9213824687,0.0178389392,0.0123786797,0.0030707408,1.01265632863361E-005,0.0325541453,0.0034389468,0.0093259528
img_00071.jpg,0.0025202166,0.0003573277,0.0002065648,0.9961885803,9.98361550472279E-007,0.0002851271,0.0002013919,0.0002397934
img_00075.jpg,0.8495127892,0.0362328989,0.0028688568,0.0043282781,0.000010121,0.1001171868,0.0031462459,0.0037836232
img_00102.jpg,0.3948304061,0.0108980628,0.0024566629,0.0028920069,1.00773964793278E-005,0.0275075654,0.0067388813,0.5546663372
img_00103.jpg,0.7817636752,0.0398806383,0.0839301816,0.0029482747,1.00302856426857E-005,0.0211975946,0.0021183641,0.0681512412
img_00109.jpg,0.9663957313,0.0096036828,0.002220362,0.0021818734,0.000010022,0.0102322211,0.0026250144,0.006731093
img_00119.jpg,0.0008555603,0.000779459,0.0008646848,0.0006783502,0.991007151,0.0007940615,0.0008257091,0.0041950241
img_00120.jpg,0.7249420362,0.0143876997,0.0025983219,0.0026203771,1.00226560746753E-005,0.0118586413,0.0510154171,0.1925674842
img_00125.jpg,0.840661534,0.0075120063,0.005144854,0.0050190773,1.0032729881373E-005,0.0201615177,0.004340453,0.1171505249
img_00128.jpg,0.0112482515,0.0843498836,0.2918574439,0.0022178717,1.00376100193906E-005,0.00553357,0.0027251409,0.6020578007
img_00129.jpg,0.1829299059,0.0073295125,0.0034257549,0.0025768362,1.00532596829103E-005,0.0086057916,0.7356776286,0.0594445171
img_00133.jpg,0.0119317568,0.002185284,0.0015288263,0.0012439839,0.9772626785,0.00309099,0.0007560865,0.002000394
img_00138.jpg,0.7442149558,0.2187938702,0.0058387559,0.0053995292,1.00272548594904E-005,0.0062817587,0.0036867748,0.0157743283
img_00141.jpg,0.003810066,0.0058180555,0.0078332008,0.0020728176,1.00242858841374E-005,0.0023813998,0.0021734806,0.9759009555
img_00152.jpg,0.0231395449,0.0217962051,0.0042678417,0.0024126845,1.00647995637301E-005,0.0124183644,0.0049108178,0.9310444768
img_00161.jpg,0.0030869656,0.0020618343,0.0020059156,0.0019997944,1.0020481067375E-005,0.002026306,0.0020021576,0.9868070061
img_00164.jpg,0.0011333545,0.0007562627,0.0007139573,0.0006806216,0.9939300862,0.0007199323,0.0009587544,0.001107031
img_00170.jpg,0.014561128,0.0026093547,0.000300715,0.9611956088,9.63476335733511E-007,0.0013191462,0.0002513331,0.0197617506
img_00171.jpg,0.3836140997,0.0138742351,0.0263412889,0.0141720359,6.94837272593514E-006,0.5485983643,0.0034138521,0.0099791755
img_00172.jpg,0.008142069,0.0100897838,0.0025231862,0.0008741736,0.968102616,0.0072807384,0.0007656086,0.0022218244
img_00175.jpg,0.223429882,0.0098219023,0.0080970467,0.0091509987,4.1833076500955E-006,0.7402638951,0.0016413285,0.0075907634
img_00180.jpg,0.0110819113,0.0029910878,0.0038032524,0.0027218323,1.00210926285613E-005,0.0034443972,0.0034707584,0.9724767395
img_00196.jpg,0.0021778089,0.0009765262,0.0008709203,0.0006844765,0.9925077566,0.0010002549,0.0007426275,0.001039629
img_00212.jpg,0.2499634189,0.0061586918,0.0022540051,0.0174647169,1.00233307550479E-005,0.0026588283,0.0022293683,0.7192609473
img_00223.jpg,0.8499034155,0.0169002218,0.0716707654,0.0060226118,1.00407857688263E-005,0.0237740357,0.0045109085,0.0272080004
img_00230.jpg,0.7958857719,0.1141036895,0.0023143025,0.0023307984,1.00342824222615E-005,0.0605004423,0.0022119441,0.022643017
img_00232.jpg,0.0040936304,0.0025039087,0.0016466748,0.0018138998,1.00549471661824E-005,0.0039108779,0.9819472817,0.0040736717
img_00244.jpg,0.7828175117,0.0694613617,0.0026304069,0.0045320197,1.00383998120751E-005,0.0638664475,0.0027626853,0.0739195288
img_00272.jpg,0.8668124584,0.0216538136,0.0603356492,0.0129449774,1.00381231761005E-005,0.0139161507,0.0030726653,0.0212542472
img_00280.jpg,0.9607951801,0.0054085555,0.004098583,0.00224269,1.00813856401438E-005,0.0037683174,0.0027946508,0.0208819417
img_00282.jpg,0.3892399555,0.0134737684,0.0107085392,0.0155431157,6.92528593317963E-006,0.5552872782,0.0027688559,0.0129715618
img_00285.jpg,0.6503429756,0.0167430254,0.0037490211,0.0024414154,1.00382814485363E-005,0.0089275487,0.0176221496,0.3001638258
img_00289.jpg,0.9577870379,0.0102124303,0.0060884529,0.0024694979,0.000010402,0.0041736,0.0030127433,0.0162458357
img_00292.jpg,0.7643708391,0.033537402,0.0062763391,0.0032732247,1.00522759852798E-005,0.0371247102,0.014928293,0.1404791396
img_00302.jpg,0.1344103973,0.007371644,0.0025802186,0.0023045327,1.00636559608852E-005,0.0080315281,0.8143273054,0.0309643104
img_00311.jpg,0.9822307246,0.0045059544,0.0020950649,0.0027755007,1.00486859408388E-005,0.00225713,0.0020496053,0.0040759714
img_00320.jpg,0.9731379883,0.008673978,0.0020907787,0.0020332281,1.00366136787224E-005,0.0059997373,0.0022434902,0.0058107629
img_00331.jpg,0.9033867228,0.0157675663,0.0026544298,0.0026246048,1.00326265874648E-005,0.034811798,0.0068769448,0.0338679009
img_00358.jpg,0.3133409179,0.0250187684,0.0029017707,0.0029021287,1.00527582386697E-005,0.0241192836,0.0216128316,0.6100942462
img_00374.jpg,0.6879888482,0.0295468284,0.002997151,0.0031443139,1.00252376687488E-005,0.0047983247,0.0025049078,0.2690096008
img_00375.jpg,0.0332810416,0.0291809122,0.8872950679,0.0074357377,1.00911570376258E-005,0.0202533046,0.004668283,0.0178755617
img_00376.jpg,0.916133845,0.0274012107,0.0076550497,0.0021078932,1.00384934107412E-005,0.0272463568,0.0079024944,0.0115431117
img_00380.jpg,0.9285158733,0.0223984982,0.0032945901,0.0033452945,1.00272144815497E-005,0.0357420178,0.0021788866,0.0045148125
img_00383.jpg,0.902954219,0.0203149828,0.0021868592,0.0035812437,1.00364662661488E-005,0.0027669936,0.0021405287,0.0660451366
img_00398.jpg,0.9519665282,0.0131795681,0.0022617248,0.003859431,1.00499038101799E-005,0.0043330266,0.002432028,0.0219576433
img_00407.jpg,0.9429397106,0.0274512685,0.0033104055,0.0031132017,1.00281952690188E-005,0.0157805806,0.0022964992,0.0050983057
img_00417.jpg,0.1211789964,0.0073503961,0.0022081443,0.0062456946,1.00231948367211E-005,0.0021330786,0.0020955131,0.8587781537
img_00432.jpg,0.4407306901,0.0436085982,0.0799905113,0.0211072499,0.0759328641,0.229927221,0.0108883275,0.0978145378
img_00442.jpg,0.0024710668,0.0021378891,0.0020007095,0.0019931671,1.00204824958646E-005,0.0020433638,0.0020069437,0.9873368395
img_00446.jpg,0.9342084005,0.0073163505,0.0023249617,0.0040286776,1.00318496224992E-005,0.0170231585,0.0024477755,0.0326406437
img_00469.jpg,0.9033657092,0.0113576947,0.003029539,0.0063802524,1.00308684267363E-005,0.0110913794,0.0030036351,0.0617617594
img_00473.jpg,0.9594922361,0.0083940215,0.0024640017,0.0028460996,0.000010043,0.002944554,0.0022178436,0.0216312004
img_00483.jpg,0.9453844789,0.0363155989,0.002049845,0.0022325196,1.00283451810125E-005,0.0030027296,0.0022091167,0.008795683
img_00484.jpg,0.1376541338,0.0563882398,0.0045109603,0.0119470237,1.00231960512941E-005,0.0069145233,0.0031644477,0.7794106482
img_00486.jpg,0.9186856286,0.0317319017,0.0186510705,0.0103374002,1.00651925787107E-005,0.0039707529,0.0049422018,0.0116709791
img_00487.jpg,0.008963139,0.0060859915,0.0024445735,0.0048886431,0.9674220136,0.0022013939,0.002118066,0.0058761794
img_00493.jpg,0.003173934,0.0007555456,0.0011511545,0.0006778172,0.9887485328,0.0034851777,0.0010953702,0.000912468
img_00518.jpg,0.8163912093,0.029693389,0.0030918743,0.0057854685,1.01171254651583E-005,0.005497938,0.0026507488,0.136879255
img_00533.jpg,0.4297449731,0.0132034727,0.002562166,0.0030078231,1.00928666992445E-005,0.0156149035,0.0105154822,0.5253410866
img_00538.jpg,0.7798753794,0.0737462398,0.0025498394,0.0023951326,1.00242066486626E-005,0.0099133068,0.0023726707,0.1291374071
img_00543.jpg,0.9806774658,0.0055059677,0.0021444085,0.0029000059,1.00575098052225E-005,0.0023151881,0.0020639835,0.0043829229
img_00550.jpg,0.1573368637,0.0564572646,0.015436153,0.0037816165,4.22753897168338E-006,0.7537162079,0.0017845109,0.0114831558
img_00551.jpg,0.8629985838,0.013591404,0.0061938404,0.0049393232,1.00284321438415E-005,0.0600959616,0.0059430585,0.0462278
img_00564.jpg,0.004466724,0.0017784228,0.0020978051,0.0023400165,0.9821321777,0.0031453165,0.0011551417,0.0028843956
img_00575.jpg,0.7579024245,0.0114828684,0.0027115187,0.0025233021,0.000010029,0.0285661077,0.006784491,0.1900192587
img_00582.jpg,0.9101109407,0.0291624555,0.0042978546,0.0032363226,1.01575489251354E-005,0.0393847285,0.0029639243,0.0108336162
img_00584.jpg,0.9440827532,0.0030419721,0.0063949767,0.0039524856,1.02167220956087E-005,0.030367956,0.0035877332,0.0085619065
img_00587.jpg,0.0761994146,0.0145853591,0.0024840142,0.0019140729,1.00216393816634E-005,0.0175838186,0.0068482017,0.8803750972
img_00590.jpg,0.0882872711,0.0708021856,0.0070981715,0.002382969,1.0025711297231E-005,0.0086360817,0.0144117471,0.8083715483
img_00591.jpg,0.0634245994,0.0061166991,0.0025881805,0.0033694568,1.00685781674543E-005,0.0188009099,0.0035641709,0.9021259149
img_00598.jpg,0.9435496387,0.0196251455,0.0030066275,0.0093238975,1.00286906591451E-005,0.0132459942,0.0030297375,0.0082089304
img_00599.jpg,0.7736402174,0.0153904402,0.005890819,0.0029104648,1.00367723744216E-005,0.0052258402,0.0296841395,0.1672480422
img_00612.jpg,0.9055232952,0.0047890627,0.0026699081,0.0022950102,1.00427161185746E-005,0.0572233838,0.0098106272,0.0176786701
img_00618.jpg,0.7295927227,0.0614985781,0.0321174085,0.0223973551,0.0635076749,0.0127156422,0.0205354746,0.0576351439
img_00620.jpg,0.8515203326,0.030506492,0.0513877015,0.0031107495,1.01524269563976E-005,0.0201972751,0.0033467309,0.039920566
img_00642.jpg,0.0026070795,0.0011089489,0.0003446447,0.9948912079,9.97218999510772E-007,0.0004223084,0.0002024766,0.0004223367
img_00646.jpg,0.0136853151,0.0085667138,0.0050866824,0.0023436179,1.003363763468E-005,0.0037529193,0.0041626819,0.9623920358
img_00648.jpg,0.980893877,0.0048344459,0.0021717503,0.0031684705,0.000010058,0.0023171489,0.0020731094,0.0045311399
img_00650.jpg,0.0186309589,0.0009737117,0.0004422019,0.0004027663,9.86195686806665E-007,0.9654696893,0.0119060497,0.0021736361
img_00654.jpg,0.7727883956,0.028178017,0.0304185279,0.010826303,0.0261663949,0.0469220357,0.0164338544,0.0682664716
img_00664.jpg,0.9380136205,0.0195521612,0.0021580694,0.0020747617,1.00233027300011E-005,0.0047990174,0.0031166746,0.0302756719
img_00667.jpg,0.0006982868,0.0006688341,0.0007073672,0.0006659412,0.9948936656,0.0006833334,0.0006675867,0.0010149851
img_00676.jpg,0.0007076389,0.0008609766,0.0008409915,0.0006725326,0.9922385071,0.0007893807,0.0007480738,0.0031418987
img_00697.jpg,0.002962627,0.0037020808,0.0031213413,0.002123063,1.00372645304657E-005,0.0020893535,0.0028993666,0.9830921307
img_00708.jpg,0.7677528254,0.0349569119,0.0045527495,0.0057996557,1.00433721495129E-005,0.0997735116,0.0316043244,0.0555499782
img_00716.jpg,0.0096563054,0.0089051976,0.0011021934,0.0003450838,9.74805234898528E-007,0.9602544075,0.0015346033,0.0182012341
img_00717.jpg,0.6398177355,0.2243096284,0.0034252533,0.0054053356,1.00267648526118E-005,0.1129330247,0.0063851287,0.007713867
img_00718.jpg,0.9078205901,0.0028104492,0.0029097722,0.0037539388,1.00263818633121E-005,0.017422747,0.0021927459,0.0630797303
img_00723.jpg,0.0143766325,0.0018972538,0.0008252692,0.0007561039,0.9758457457,0.0018927342,0.0020383657,0.0023678951
img_00724.jpg,0.0551593181,0.003032625,0.0037617021,0.0028199368,1.00750842538511E-005,0.013905939,0.3176015443,0.6037088596
img_00726.jpg,0.9810584892,0.006122068,0.002001569,0.0020125645,1.0020929495564E-005,0.0031645339,0.0023000385,0.0033307159
img_00729.jpg,0.905338246,0.0385198228,0.0043030504,0.0025749754,1.09502681927107E-005,0.0087744329,0.007960731,0.0325177911
img_00730.jpg,0.0151944926,0.0044751265,0.0024231647,0.002058053,0.000010021,0.0036098343,0.0059690684,0.9662602396
img_00757.jpg,0.8852068715,0.0144128429,0.0346103323,0.0114506787,1.0102301590628E-005,0.0332839281,0.0039248263,0.0171004178
img_00760.jpg,0.0054781004,0.0005544574,0.0002447564,0.9926602837,9.94882639147071E-007,0.0004140058,0.0002293297,0.0004180717
img_00763.jpg,0.0007450562,0.0006823962,0.0009173364,0.0006640134,0.9941546948,0.0011886536,0.0006777345,0.0009701149
img_00764.jpg,0.0045579493,0.0056153079,0.0049174419,0.001628263,1.00182975121797E-005,0.001745589,0.0015955183,0.9799299122
img_00765.jpg,0.0587636744,0.4748456498,0.0031054343,0.0188140676,1.00570603352584E-005,0.141581774,0.0117047414,0.2911746015
img_00772.jpg,0.0590001487,0.0096325169,0.3780173931,0.002135878,1.0082443573244E-005,0.2236790602,0.0055843263,0.3219405942
img_00773.jpg,0.7779197603,0.1039162854,0.0226398324,0.0093403539,0.0087528754,0.0603630156,0.0082930262,0.0087748509
img_00777.jpg,0.4608184192,0.020122045,0.00267023,0.0016483004,6.92007384854565E-006,0.5075170044,0.0053562894,0.0018607916
img_00780.jpg,0.0102582807,0.0035313378,0.0053936265,0.0021930484,0.000010077,0.020489444,0.012390673,0.9457335126
img_00798.jpg,0.9076871404,0.0398413254,0.0036654544,0.0299424667,1.00458355528879E-005,0.0059702305,0.0030301712,0.0098531655
img_00808.jpg,0.8574808528,0.1077398907,0.0024307816,0.0023519779,1.00570537710497E-005,0.0070932882,0.0022658955,0.0206272562
img_00816.jpg,0.9491639457,0.0082735981,0.0021356545,0.0021497661,1.00347903173577E-005,0.0036589718,0.0039135572,0.0306944719
img_00828.jpg,0.0009993739,0.0006969786,0.0046308012,0.0006704994,0.9903314798,0.0009587556,0.000685869,0.0010262426
img_00833.jpg,0.7612786132,0.0230562307,0.0049172864,0.00457996,1.00471828177496E-005,0.0865447771,0.0354459784,0.0841671071
img_00837.jpg,0.807782069,0.1170557156,0.0032055338,0.0028218006,1.00934144450688E-005,0.0611214892,0.0023113478,0.0056919507
img_00855.jpg,0.8661994833,0.0296538498,0.0057454219,0.0027056362,1.02752416947601E-005,0.0475894474,0.0072361758,0.0408597103
img_00857.jpg,0.973158577,0.009795711,0.0020673422,0.0020329892,1.00384466734289E-005,0.005991888,0.0021894268,0.0047540272
img_00858.jpg,0.9513736704,0.005523795,0.0022859365,0.0022143161,1.01214353166828E-005,0.0120365347,0.004030182,0.0225254439
img_00865.jpg,0.9086853182,0.0559598785,0.0023239187,0.0029022992,1.0029231593244E-005,0.0174167021,0.00314795,0.009553904
img_00876.jpg,0.0006848714,0.0006763452,0.0007059658,0.0006691136,0.9935874085,0.0008022785,0.0007368459,0.002137171
img_00889.jpg,0.0691955664,0.0235959936,0.1547967495,0.0074105276,0.1358234847,0.0296042308,0.0240832191,0.5554902283
img_00894.jpg,0.7306712305,0.0123594902,0.0128159559,0.0162787463,0.1579479804,0.0135493842,0.0088896603,0.0474875523
img_00902.jpg,0.0039491123,0.0028033148,0.0016617724,0.0018156015,1.00533583338085E-005,0.003905114,0.9815558374,0.0042991942
img_00914.jpg,0.0024623211,0.0024726259,0.0020213611,0.0019874509,1.00208789683798E-005,0.0019913391,0.0019936297,0.9870612514
img_00921.jpg,0.8210894847,0.0044655573,0.0042997077,0.0024801194,1.00651241475558E-005,0.0638311411,0.0513114001,0.0525125247
img_00927.jpg,0.0797410788,0.0585452511,0.005155723,0.0026147374,1.00269197663865E-005,0.0099983915,0.0157462652,0.8281885262
img_00943.jpg,0.9197921988,0.0589688108,0.0021091292,0.0024907714,1.0028589404733E-005,0.0027245676,0.002335562,0.0115689316
img_00948.jpg,0.4068238572,0.0113875187,0.0134912266,0.0070447528,0.4696776947,0.0306583286,0.0133288933,0.0475877281
img_00950.jpg,0.002471312,0.0009592282,0.0014138287,0.0007157214,0.9906555674,0.0012697122,0.0010697395,0.0014448905
img_00959.jpg,0.8732677107,0.0107278238,0.0053227071,0.0037785594,0.0548463323,0.0132398377,0.0087318668,0.0300851623
img_00962.jpg,0.1015199161,0.0069144715,0.0055275786,0.0021386657,1.02058813821733E-005,0.0090723419,0.0138934166,0.8609234037
img_00964.jpg,0.001816824,0.0048914004,0.9783530708,0.0017515199,1.00166352737038E-005,0.0018033541,0.0017266563,0.0096471577
img_00966.jpg,0.7213814599,0.0104767782,0.009609653,0.0072652527,0.1342865406,0.0396392877,0.0078233831,0.0695176447
img_00974.jpg,0.9078433078,0.0122854968,0.0034089472,0.0027366572,1.0021678056484E-005,0.0237778177,0.0022154447,0.0477223069
img_00979.jpg,0.0067770001,0.0061579314,0.0103438314,0.0017289295,1.00535300374863E-005,0.0035845515,0.0031180322,0.9682796704
img_00982.jpg,0.517010994,0.3048127265,0.034582182,0.0188803082,0.0212501777,0.0364061516,0.0164495669,0.0506078931
img_00985.jpg,0.7747885808,0.0263798432,0.00351411,0.0033427352,1.00448419927273E-005,0.032172217,0.0137011274,0.1460913415
img_00999.jpg,0.769343497,0.0336154736,0.0026732125,0.0028911772,1.00260733403771E-005,0.0130292624,0.0442707539,0.1341665974
img_01022.jpg,0.9544411507,0.0046258245,0.0028437491,0.0037549622,1.01265618985982E-005,0.0238961673,0.002479299,0.0079487207
img_01031.jpg,0.8029295829,0.0039961828,0.0063187535,0.002394771,1.00320558332524E-005,0.1752377532,0.0051602382,0.0039526863
img_01035.jpg,0.4559464806,0.016081832,0.0028043095,0.0017089291,6.91522374121356E-006,0.516283522,0.0053845206,0.001783491
img_01043.jpg,0.0096974393,0.0010762491,0.0013715356,0.0007049103,0.9728481314,0.0036312286,0.0086596392,0.0020108665
img_01058.jpg,0.935578484,0.0083868577,0.0038246342,0.002602914,0.000010377,0.0055543783,0.0028736693,0.0411686855
img_01059.jpg,0.0339711138,0.0118494664,0.0025027724,0.0025876314,1.00325037267026E-005,0.0269385307,0.0072003526,0.9149401003
img_01090.jpg,0.0012316843,0.0022506852,0.0017409795,0.0006843229,0.9910223634,0.0007804912,0.0011953167,0.0010941567
img_01102.jpg,0.2255031544,0.5699457541,0.0032471065,0.0384646532,1.00477418707909E-005,0.0048884565,0.0025195586,0.155421269
img_01103.jpg,0.0199529243,0.0336683661,0.0046288051,0.0053975384,1.00721118579409E-005,0.0032309454,0.0093391874,0.9237721613
img_01116.jpg,0.8162717962,0.0869990938,0.0068565469,0.0118449596,1.00248904363028E-005,0.0509962646,0.0027845714,0.0242367426
img_01134.jpg,0.8853797031,0.013177602,0.0065086354,0.0050636291,0.000010029,0.0360353345,0.0046483925,0.0491766743
img_01142.jpg,0.6544553106,0.0288941331,0.0432690425,0.0111487074,0.228254463,0.0128029482,0.0076544062,0.013520989
img_01168.jpg,0.006271349,0.007745145,0.0010386548,0.0024552309,0.0017144128,0.9659978195,0.0048380624,0.0099393256
img_01171.jpg,0.0007923766,0.00068803,0.0007532813,0.0006653012,0.9945228666,0.0007505149,0.0006681534,0.001159476
img_01177.jpg,0.7749761968,0.0468858873,0.0277525545,0.0102855916,0.0492141641,0.0381001174,0.019558918,0.0332265703
img_01179.jpg,0.9732752322,0.0038119253,0.0027155183,0.0031185347,1.00288146644791E-005,0.0124527447,0.0021432177,0.0024727982
img_01188.jpg,0.0753596808,0.3871951004,0.0039553761,0.0165590754,1.00915678846402E-005,0.2153631384,0.0122018988,0.2893556384
img_01198.jpg,0.3269939252,0.0271231867,0.0123677959,0.0080168624,0.4220149388,0.0138091787,0.1278732201,0.0618008922
img_01204.jpg,0.0006771672,0.0006802866,0.0007014001,0.0006640371,0.9948055325,0.000671835,0.0006760209,0.0011237207
img_01208.jpg,0.0035101777,0.0008976242,0.0010978522,0.0007608183,0.989929627,0.0015367952,0.0010755834,0.0011915219
img_01211.jpg,0.9398611615,0.0456933243,0.0021770104,0.0030126974,1.00506076839561E-005,0.0023249987,0.0020835192,0.0048372379
img_01213.jpg,0.8707988744,0.0772263226,0.0026135834,0.0052177301,1.00421220749924E-005,0.0138580961,0.0022741571,0.0280011941
img_01222.jpg,0.7628816607,0.0821186748,0.0042188413,0.0270549153,1.00522509050307E-005,0.0198063259,0.0075689706,0.0963405591
img_01224.jpg,0.0167390217,0.0159751566,0.1780528507,0.0039192884,1.00246239276116E-005,0.0033966811,0.0037965537,0.7781104233
img_01237.jpg,0.0149127891,0.0014430299,0.0009097757,0.000511991,0.9701633137,0.0021975927,0.0007927847,0.0090687231
img_01249.jpg,0.0135163348,0.0041715094,0.0028294793,0.0010720073,0.971593889,0.0033375475,0.0010119201,0.0024673126
img_01253.jpg,0.0030981796,0.0020218267,0.0019976874,0.0019877757,1.00203918763793E-005,0.0019873963,0.001988109,0.9869090049
img_01286.jpg,0.1076309344,0.0079132567,0.0026846044,0.0029477038,1.01111854666966E-005,0.0062231521,0.0023118132,0.8702784242
img_01289.jpg,0.0404754368,0.0251911641,0.0022897944,0.0028879333,1.00354969890521E-005,0.0228181646,0.0080000919,0.8983273794
img_01325.jpg,0.0106830501,0.0027206577,0.0013674505,0.0007680065,0.9783825515,0.000891988,0.002228029,0.0029582668
img_01328.jpg,0.9231840219,0.0524377674,0.0021689813,0.0032514154,1.00320564767425E-005,0.0059119527,0.0020569421,0.0109788871
img_01366.jpg,0.2226276281,0.0097872824,0.0081862153,0.0091377547,4.18209298010525E-006,0.7408756494,0.0016392215,0.0077420666
img_01371.jpg,0.9657073323,0.0039399455,0.0025290226,0.0021611626,1.02020751118475E-005,0.0032002597,0.0025709495,0.0198811256
img_01373.jpg,0.0041965778,0.0009198148,0.0029016081,0.0007313181,0.972670016,0.0168962252,0.0006982397,0.0009862004
img_01377.jpg,0.0078688591,0.0032176563,0.0010423374,0.000686407,0.9791602076,0.0061274745,0.0008129559,0.0010841022
img_01379.jpg,0.887740466,0.0189272963,0.020254403,0.0042362604,1.00405694561433E-005,0.0355571311,0.0027408945,0.030533508
img_01384.jpg,0.1598264244,0.026818146,0.0153457624,0.0042654812,4.20207340197198E-006,0.7628367012,0.0015466698,0.0293566128
img_01388.jpg,0.9142158084,0.0496646651,0.0023028232,0.0021334112,0.000010086,0.0220633548,0.0023162535,0.0072935978
img_01392.jpg,0.0031182475,0.0106704966,0.9293384857,0.002272971,1.00464509560842E-005,0.0024697892,0.0027192142,0.0494007495
img_01399.jpg,0.007655756,0.9143474536,0.0059183644,0.0018336193,0.000010043,0.0156413706,0.002389752,0.0522036411
img_01404.jpg,0.9514633382,0.006758329,0.0021629905,0.0043501086,1.00242301554449E-005,0.0100327285,0.0020531354,0.0231693456
img_01405.jpg,0.8602320683,0.0133905564,0.0033497635,0.0041306516,1.00537992053214E-005,0.1137023228,0.0023967084,0.0027878752
img_01413.jpg,0.9822849789,0.0033191525,0.0021624058,0.0025521289,1.00669113886701E-005,0.0046160926,0.0022948469,0.0027603275
img_01426.jpg,0.064037867,0.1705784369,0.0020830969,0.0017105157,1.00352681183647E-005,0.0049282416,0.6974405379,0.0592112686
img_01431.jpg,0.0041242222,0.0007040811,0.0002714091,0.9936981965,9.96163757502877E-007,0.0004872961,0.0002414163,0.0004723826
img_01441.jpg,0.0035608944,0.0023921972,0.0021112491,0.002015538,1.00227147960512E-005,0.0021846063,0.0023027641,0.9854227282
img_01444.jpg,0.2484654399,0.0046904395,0.0019019098,0.0027439671,1.0032371566613E-005,0.009542086,0.0223288582,0.7103172671
img_01490.jpg,0.0086357385,0.0058613227,0.0239096104,0.0022227911,1.00363826746728E-005,0.0028452381,0.0022718936,0.9542433691
img_01495.jpg,0.6723238372,0.0271988675,0.0034533978,0.0028477431,1.00288865060854E-005,0.0107995171,0.0025789848,0.2807876235
img_01505.jpg,0.0010596044,0.0007113169,0.0008283942,0.0006957907,0.9942459057,0.0007216737,0.0007430709,0.0009942436
img_01511.jpg,0.9033714073,0.022308209,0.0486363203,0.003316321,1.00391313046133E-005,0.0112903022,0.0033616732,0.0077057278
img_01519.jpg,0.3486705469,0.0451812911,0.005014595,0.0070992766,1.00698131872766E-005,0.1818245906,0.0900994334,0.3221001966
img_01530.jpg,0.9590859383,0.0162984742,0.0022078057,0.00277835,1.00655317325748E-005,0.0031080083,0.0022603871,0.0142509708
img_01537.jpg,0.8422278053,0.0160336403,0.0338709925,0.002190494,1.01759372528542E-005,0.0560659483,0.0076522555,0.0419486882
img_01538.jpg,0.896511287,0.0341406922,0.0047808224,0.0024266441,1.00496989292752E-005,0.0489761268,0.0024932557,0.0106611222
img_01541.jpg,0.0009871375,0.0007075457,0.0069710812,0.0006599507,0.9873802929,0.00181863,0.0006738276,0.0008015344
img_01543.jpg,0.9637614495,0.0037953569,0.0020479189,0.0022774892,1.00615627842243E-005,0.002398786,0.0021544338,0.023554504
img_01548.jpg,0.9542465735,0.0034233648,0.0030282778,0.0020990633,1.00698324789848E-005,0.0250682008,0.0040473864,0.0080770634
img_01552.jpg,0.9661927663,0.002292803,0.0020112412,0.0020032573,1.00210867336203E-005,0.0222348504,0.0020223333,0.0032327274
img_01561.jpg,0.0075690204,0.0012148613,0.0025439222,0.0009145829,0.982770521,0.0012327311,0.001623007,0.0021313541
img_01562.jpg,0.786978381,0.0086206343,0.0036836034,0.0027303245,1.00286409948266E-005,0.012925112,0.0524681376,0.1325837786
img_01571.jpg,0.9535306233,0.027812474,0.0020608128,0.0021247891,1.00244251050766E-005,0.002167679,0.003237545,0.0090560525
img_01593.jpg,0.636099579,0.1399227984,0.0051070702,0.0035271237,1.00413744035406E-005,0.0289388956,0.0143244942,0.1720699976
img_01595.jpg,0.0045668976,0.003709792,0.0046021328,0.0010877052,0.9744544775,0.0011430165,0.0010614606,0.0093745177
img_01616.jpg,0.8570794914,0.1089474578,0.0024546478,0.0027111815,1.00467285144581E-005,0.0045921329,0.0031403695,0.0210646725
img_01618.jpg,0.8839208909,0.0053365061,0.002486856,0.0027686671,1.0373693955064E-005,0.0831017558,0.0160777828,0.0062971677
img_01627.jpg,0.9015051038,0.0500989923,0.0020959002,0.002327126,1.00213138207988E-005,0.0314543343,0.0026592307,0.0098492913
img_01632.jpg,0.7942405286,0.0125133842,0.015771665,0.0072806273,0.1127244874,0.0292087893,0.007779873,0.0204806452
img_01633.jpg,0.8300351951,0.0095002594,0.0083930085,0.0032954767,1.00434557136265E-005,0.0981337783,0.0073875548,0.0432446839
img_01640.jpg,0.9806865318,0.0053336719,0.0021154693,0.0029145358,1.00543090578448E-005,0.0022984437,0.0020606951,0.0045805981
img_01646.jpg,0.953559134,0.0190152426,0.0020341479,0.0020773842,1.00209102781288E-005,0.0146771919,0.0020399512,0.0065869274
img_01647.jpg,0.0017179587,0.0007009076,0.0007042614,0.0006608582,0.9938535356,0.0009362309,0.0007008884,0.0007253593
img_01649.jpg,0.8995563118,0.0378604442,0.0046751719,0.0060711859,1.03624905609727E-005,0.0202944522,0.014460342,0.0170717296
img_01657.jpg,0.0620193667,0.006421913,0.2570057729,0.002072519,1.00535097800976E-005,0.0076193094,0.0024245973,0.6624264682
img_01669.jpg,0.0042283953,0.0007172186,0.0002770933,0.9935682382,9.96331095706912E-007,0.0004867365,0.0002530145,0.0004683073
img_01673.jpg,0.6286333795,0.0105055944,0.0091674704,0.0091404879,0.2757261808,0.0230139355,0.0251081247,0.0187048269
img_01681.jpg,0.0997960603,0.0100086273,0.0047741846,0.0023490935,1.00359416078536E-005,0.0061760047,0.0057329318,0.8711530619
img_01684.jpg,0.9367429343,0.0120847138,0.0022210648,0.0058462277,1.00238998854049E-005,0.0108292684,0.0021654577,0.0301003094
img_01685.jpg,0.1863143727,0.044640171,0.1433587659,0.0296704124,0.1595889611,0.3060879316,0.0149234674,0.1154159178
img_01687.jpg,0.739222582,0.0067765566,0.0030714421,0.0027517199,1.00316070382982E-005,0.0052366641,0.0096609662,0.2332700375
img_01688.jpg,0.0364089019,0.0268601032,0.0022190146,0.0029367451,1.00324259927479E-005,0.0203581304,0.0067515201,0.9044555523
img_01689.jpg,0.0063106333,0.004450882,0.0104637765,0.0020855728,1.00338339588744E-005,0.0122086975,0.0050149888,0.9594554153
img_01716.jpg,0.0012095033,0.0007195005,0.008277416,0.000658381,0.9854862066,0.0019639942,0.0006969373,0.0009880611
img_01717.jpg,0.0131830742,0.0013971513,0.0007583533,0.0007742149,0.9766924511,0.0015037587,0.0034688676,0.002222129
img_01724.jpg,0.8633482719,0.010326319,0.0325752403,0.0022008268,1.0226233595967E-005,0.0415841975,0.0073052996,0.0426496186
img_01745.jpg,0.8707004563,0.0419675376,0.0300936032,0.0131304507,0.0047425878,0.0180110821,0.0063660218,0.0149882605
img_01771.jpg,0.9113815301,0.0343478939,0.0043780746,0.0068455652,1.01446428315588E-005,0.0070784281,0.0073332649,0.0286250985
img_01773.jpg,0.7870608114,0.014396556,0.0030174333,0.0022348277,1.00218665448792E-005,0.0045298022,0.0220562592,0.1666942883
img_01781.jpg,0.0057244375,0.0009615177,0.0007982643,0.0007007709,0.9886155128,0.0012826667,0.0009623011,0.0009545291
img_01782.jpg,0.0021229699,0.0007545242,0.0009181281,0.0006618409,0.9927735637,0.001274129,0.0006970134,0.0007978308
img_01802.jpg,0.6499539853,0.0142706158,0.010868396,0.0116639761,0.2734986908,0.008265882,0.0099599306,0.0215185233
img_01803.jpg,0.0136117385,0.0349061546,0.7919348182,0.0090211163,0.0188683702,0.0111245375,0.0105150348,0.1100182299
img_01824.jpg,0.8375357382,0.0067921663,0.0038985762,0.0034961461,1.00622046357059E-005,0.1034734139,0.0112441318,0.0335497654
img_01825.jpg,0.002243337,0.0299092829,0.006945853,0.00273651,0.948870766,0.0017381824,0.0049912309,0.0025648379
img_01831.jpg,0.0162997014,0.0031751711,0.0002969079,0.9619301653,9.64128722124845E-007,0.0013175045,0.0002495899,0.0167299959
img_01834.jpg,0.0115434153,0.0068906782,0.2627605502,0.0024363997,1.00606497699016E-005,0.0030216503,0.002514064,0.7108231817
img_01847.jpg,0.2018005105,0.0139210823,0.0021929619,0.002686444,1.00424328372364E-005,0.0082319024,0.0048169653,0.7663400913
img_01853.jpg,0.0757707554,0.056879352,0.0050363232,0.0026743231,0.000010028,0.0103409688,0.0153249544,0.8339632951
img_01856.jpg,0.9337879622,0.0055355976,0.0036763985,0.0022830193,1.01222444838881E-005,0.0032826294,0.0024389644,0.0489853064
img_01860.jpg,0.9652473127,0.0032436335,0.0028588148,0.0021650972,1.01364439760039E-005,0.0135143898,0.0080353637,0.0049252517
img_01862.jpg,0.8337739755,0.009570267,0.0380074427,0.0021898789,1.02130795928261E-005,0.0691995727,0.0086444047,0.0386042453
img_01874.jpg,0.8729240891,0.0034888304,0.002277686,0.002089842,1.00234834671659E-005,0.0166987087,0.0298998261,0.0726109942
img_01888.jpg,0.0766080853,0.2905325192,0.0036398211,0.0161685679,0.000010045,0.3510196771,0.0151726671,0.2468486173
img_01918.jpg,0.005539964,0.000765217,0.0002727619,0.9914247007,9.94486679794085E-007,0.0006353493,0.0002911802,0.0010698325
img_01930.jpg,0.9256352676,0.0262825111,0.0033186559,0.0036567833,1.00241260928535E-005,0.0343269916,0.002272755,0.0044970115
img_01932.jpg,0.8974125225,0.0097796212,0.0032835468,0.0070522687,1.00316130434968E-005,0.0114310481,0.0030557872,0.0679751739
img_01955.jpg,0.0027169652,0.0022112323,0.0020051234,0.001994883,1.00206961345705E-005,0.0019887129,0.0019942409,0.9870788215
img_01963.jpg,0.9684548179,0.0080616614,0.0040377022,0.0037001484,1.00525108187831E-005,0.0049420717,0.0024876327,0.0083059132
img_01966.jpg,0.9465688048,0.0264657813,0.0020264726,0.0020448441,1.00216911889366E-005,0.0101042561,0.0020776869,0.0107021324
img_01976.jpg,0.8054430562,0.0135431883,0.0086974134,0.0069521817,0.0515686695,0.0088258273,0.0077746264,0.0971950371
img_01983.jpg,0.9292360816,0.0136103236,0.0098898142,0.0034599891,1.01860659076061E-005,0.0168186952,0.0029743876,0.0240005226
img_01984.jpg,0.1601105075,0.0084890297,0.0022365264,0.0030533968,1.00330671408859E-005,0.0071081891,0.002167714,0.8168246035
img_01995.jpg,0.0032243264,0.0211614688,0.0005464452,0.9455341818,9.5763271103552E-007,0.0089176573,0.0010812715,0.0195336913
img_01996.jpg,0.0056492064,0.0007013699,0.0002594115,0.0002956563,0.000001001,0.9851859409,0.0051036022,0.0028038119
img_02001.jpg,0.430571183,0.0065032521,0.0088569918,0.0028395004,1.00342689265605E-005,0.224750415,0.1595387446,0.1669298788
img_02006.jpg,0.5084614662,0.0434586409,0.1304462255,0.1442978943,0.000010036,0.0152447882,0.0027010968,0.1553798521
img_02066.jpg,0.9384076705,0.0076552095,0.0032402646,0.0024230423,1.00285331455368E-005,0.0113245143,0.0025773934,0.0343618769
img_02074.jpg,0.9504391323,0.0204610923,0.0032304019,0.0031144038,1.00343603445355E-005,0.0160569279,0.0022143089,0.0044736986
img_02076.jpg,0.1723710728,0.768068799,0.0023684579,0.0023756612,1.00301746353913E-005,0.0026306252,0.002143598,0.0500317558
img_02077.jpg,0.0036625426,0.0005879772,0.0006397999,0.9932342074,9.95393637542136E-007,0.0006924578,0.0003105327,0.0008714869
img_02078.jpg,0.0044265142,0.0030978547,0.0044913862,0.0016233443,0.9788256483,0.0021360434,0.0013021179,0.0040970909
img_02082.jpg,0.0160642653,0.0012180855,0.0020519324,0.0007201145,0.9703274062,0.0020055629,0.0051918939,0.0024207393
img_02083.jpg,0.003332611,0.0016037479,0.0017159147,0.0007377785,0.9813375901,0.0084195796,0.0007068088,0.0021459696
img_02096.jpg,0.9847501811,0.0026066507,0.001996864,0.0020271299,1.00211303849358E-005,0.003271093,0.0022681351,0.003069925
img_02119.jpg,0.8464302537,0.0162671034,0.0812900319,0.005714674,1.00452088205419E-005,0.0207013858,0.0041329732,0.0254535327
img_02124.jpg,0.0035300487,0.0003615229,0.0005538279,0.000230623,9.97703359228208E-007,0.9935188003,0.0004652662,0.0013389133
img_02135.jpg,0.0010838242,0.000688078,0.000684322,0.0006820016,0.9945899942,0.0008083665,0.0007410186,0.000722395
img_02146.jpg,0.9225529413,0.01140358,0.007424632,0.0068218077,0.0142035687,0.0116426708,0.0069601471,0.0189906526
img_02159.jpg,0.0167109489,0.0034485012,0.0024886283,0.0006918002,0.9700076874,0.0039024229,0.0009871525,0.0017628584
img_02172.jpg,0.8447396281,0.0139199438,0.0380335609,0.0021975853,1.01954608225472E-005,0.0447359212,0.0080863508,0.0482768144
img_02180.jpg,0.876229925,0.0179946061,0.004828908,0.0052100323,1.01415110376344E-005,0.0388523993,0.0062238651,0.0506501228
img_02188.jpg,0.7408097661,0.015055361,0.0031463478,0.0027230526,1.00429354552866E-005,0.0572581186,0.0145934941,0.1664038168
img_02194.jpg,0.7087808546,0.0092465447,0.010156526,0.0066681577,0.2181989649,0.0234697481,0.0114812489,0.0119979551
img_02209.jpg,0.0044692866,0.0004148271,0.0005911339,0.0003889658,9.96634622788361E-007,0.991464442,0.0011095362,0.0015608118
img_02216.jpg,0.010071168,0.0044925284,0.0032425879,0.0015142084,0.9619884787,0.0034977655,0.0010668134,0.0141264497
img_02231.jpg,0.0264311301,0.0005220021,0.0006682893,0.9661975045,9.95306758884468E-007,0.0041891079,0.0002926251,0.0016983458
img_02235.jpg,0.0047807944,0.0111758143,0.0006301532,0.9577403592,9.68740738008674E-007,0.0077289934,0.0011979769,0.0167449398
img_02252.jpg,0.9738897848,0.007044031,0.0032969387,0.002503486,1.01313101366885E-005,0.0046226699,0.0030784658,0.0055544924
img_02268.jpg,0.8300557308,0.0225237856,0.0263038293,0.0479271673,1.00735919125097E-005,0.0059159742,0.0045002108,0.0627632284
img_02270.jpg,0.8863876155,0.0173442028,0.0201387901,0.0066499987,0.0226923382,0.019070678,0.0063394301,0.0213769466
img_02281.jpg,0.0036533866,0.0005041939,0.0002567634,0.994724705,9.96885340047797E-007,0.000394817,0.000205272,0.0002598652
img_02282.jpg,0.0028180756,0.0023526088,0.0020204734,0.0020008916,0.000010022,0.0023102115,0.0024831533,0.986004564
img_02285.jpg,0.725839278,0.0104907318,0.0069288559,0.0083329177,0.1744707267,0.0072967123,0.0099124597,0.0567283178
img_02291.jpg,0.9776903745,0.0090626446,0.0020197488,0.002232239,1.00282919664007E-005,0.002676693,0.0020433483,0.0042649237
img_02299.jpg,0.7844725654,0.0685478176,0.0043448422,0.0209578198,1.00515310230524E-005,0.0212019028,0.0074293734,0.0930356272
img_02305.jpg,0.0027331567,0.0181789127,0.0005694625,0.9512174963,9.60898290310291E-007,0.0044488292,0.0010435383,0.0218076434
img_02307.jpg,0.727161114,0.014018892,0.0022108471,0.0027302609,1.00631203120218E-005,0.0784619617,0.017220605,0.1581862562
img_02309.jpg,0.9807697807,0.0050556821,0.0021159256,0.0028341121,1.00513023682479E-005,0.0023702792,0.002087987,0.004756182
img_02318.jpg,0.0180296752,0.0035635211,0.0023399307,0.0021618682,1.00283723264898E-005,0.0023620019,0.002291668,0.9692413066
img_02347.jpg,0.3274294676,0.0267617195,0.0123321302,0.0077840883,0.4215124966,0.0135381403,0.1280755322,0.0625664254
img_02356.jpg,0.0191995814,0.0029217992,0.003382798,0.0046439116,1.0020676690231E-005,0.0042110669,0.0040515377,0.9615792845
img_02367.jpg,0.9165360179,0.0348765091,0.0027507834,0.0034448474,1.01767402257146E-005,0.0200729896,0.0064362609,0.0158724149
img_02372.jpg,0.0050194378,0.0028610841,0.0013438413,0.0007561168,0.9841436645,0.0013861488,0.0007544967,0.0037352101
img_02379.jpg,0.1198260725,0.0079665795,0.0024830233,0.0021974615,1.00257800266599E-005,0.0036835409,0.0029918937,0.8608414029
img_02384.jpg,0.7509887142,0.0216089077,0.0028194008,0.0025555733,1.00287406716043E-005,0.0349598909,0.0065903668,0.1804671177
img_02398.jpg,0.9312274289,0.0193492592,0.0022277651,0.0037506544,1.00221532339227E-005,0.0264662896,0.0020938956,0.014874685
img_02400.jpg,0.9590405336,0.0069809406,0.0058955225,0.0021448505,1.00236111558439E-005,0.0186004564,0.0023081453,0.0050195274
img_02406.jpg,0.0033702264,0.0005380018,0.0006334314,0.9936494636,9.95777883572589E-007,0.0007088416,0.0002849438,0.0008140957
img_02412.jpg,0.7747409744,0.0031619268,0.0021998696,0.0023693683,0.000010055,0.0027229143,0.0029187705,0.2118761209
img_02416.jpg,0.4247311624,0.3674176406,0.037117197,0.0300808581,0.056939635,0.0350963142,0.0181123424,0.0305048503
img_02422.jpg,0.8092528233,0.0360154142,0.0042948758,0.0055803274,1.00347581567486E-005,0.0158070905,0.0219109849,0.1071284491
img_02479.jpg,0.0075702383,0.0046157364,0.0010141449,0.0068001446,0.9741413719,0.0009566347,0.0010503164,0.0038514128
img_02486.jpg,0.9624417264,0.0100749214,0.0027412503,0.002188934,1.00255502401488E-005,0.0060690071,0.0022808067,0.0141933285
img_02487.jpg,0.9452651039,0.0331467062,0.0020633379,0.0022178111,1.00250772927665E-005,0.002759561,0.0021617509,0.0123757039
img_02507.jpg,0.0213280452,0.0053252941,0.0035070482,0.0007491104,9.73131773596619E-007,0.9645855579,0.0003873136,0.0041166574
img_02522.jpg,0.9061318493,0.0235174883,0.0036024923,0.0136232532,1.00858892169287E-005,0.013948486,0.0027282233,0.0364381217
img_02540.jpg,0.473072941,0.0238708074,0.0997595881,0.0186618078,0.0535605206,0.2283242593,0.0106182111,0.0921318647
img_02546.jpg,0.4456698696,0.0125980676,0.0118512711,0.0085367102,0.0561652405,0.114592776,0.0105917605,0.3399943044
img_02556.jpg,0.0577205391,0.1170327074,0.0017000987,0.0023803877,1.0019266597001E-005,0.0024000446,0.0024092841,0.8163469191
img_02560.jpg,0.0113852913,0.0027954801,0.0030454125,0.003582364,0.9738929965,0.0032027953,0.000689297,0.0014063632
img_02563.jpg,0.0012243705,0.000893134,0.0012527866,0.0006799403,0.992749296,0.001259778,0.0008155959,0.0011250988
img_02565.jpg,0.8635880385,0.0053463879,0.0054471794,0.0027019169,1.00618690037114E-005,0.0335562169,0.0243627733,0.0649874252
img_02573.jpg,0.3788967381,0.3150805083,0.0415728429,0.0214128983,0.1099297751,0.0727970027,0.0257713725,0.0345388621
img_02574.jpg,0.1539804572,0.0037845867,0.0034637516,0.0048384191,1.03482351942349E-005,0.005462938,0.0028642879,0.8255952113
img_02602.jpg,0.921440634,0.0261187827,0.0023954065,0.002666143,0.000010031,0.0141966833,0.0043828732,0.0287894462
img_02607.jpg,0.0198124528,0.0035410668,0.0050492356,0.0015373575,0.9609395499,0.0066492033,0.0008805702,0.0015905639
img_02622.jpg,0.7771230147,0.0141691445,0.0026428359,0.0021602713,1.00409188208672E-005,0.0106481031,0.0061530776,0.187093512
img_02625.jpg,0.0083146193,0.0006818893,0.0003663526,0.0002350351,9.99051239592763E-007,0.9874304525,0.0005629769,0.0024076752
img_02636.jpg,0.5044915605,0.0241535616,0.0020550678,0.0020394058,1.00266036803554E-005,0.0022974735,0.0022887422,0.462664162
img_02638.jpg,0.9066593134,0.0452917129,0.0027156428,0.0246354218,1.00502074469042E-005,0.0116905857,0.002886148,0.0061111252
img_02641.jpg,0.6862899934,0.0425605575,0.0218498212,0.012225747,0.1472283216,0.0090765513,0.008073425,0.072695583
img_02646.jpg,0.0246006235,0.0077019135,0.0041391566,0.0025695218,1.00945301440702E-005,0.0636518779,0.0078882699,0.8894385423
img_02648.jpg,0.0339487923,0.015749548,0.1363992168,0.0138671651,0.0707364012,0.014170485,0.0177154521,0.6974129397
img_02651.jpg,0.9065064655,0.0028343548,0.0021268714,0.0030210573,1.00572292010578E-005,0.0038726414,0.0021208966,0.0795076558
img_02656.jpg,0.9007744474,0.010182867,0.0032504924,0.0027265275,1.00218215254436E-005,0.019157686,0.0021839966,0.0617139613
