"image","ALB","BET","DOL","LAG","NoF","OTHER","SHARK","YFT"
"img_00007.jpg",0.0506186613772327,0.0301664177148378,0.00624706547683051,0.009634811993485,0.000999011011536302,0.00225418497771169,0.00215182678188894,0.897928020666477
"img_00009.jpg",0.864602808872551,0.0667959234354734,0.0028695502976513,0.00245655158805429,0.000999011129306281,0.0566827543818419,0.00220252010655395,0.00339088018856833
"img_00018.jpg",0.772035777592387,0.051512861112046,0.00264178215842655,0.0151172822400336,0.000999011006613435,0.146398935916675,0.00330301355971011,0.00799133641410852
"img_00027.jpg",0.296426808248698,0.0251725920914527,0.00650823874239593,0.00251095737853204,0.000999011064351568,0.0942740623251665,0.0102644203699671,0.563843909779436
"img_00040.jpg",0.0880431729193575,0.0191543183105213,0.00373774792008065,0.00268083491341224,0.000999011037404721,0.0083920543220598,0.833013568838505,0.0439792917386585
"img_00053.jpg",0.910986093239336,0.0194441881732069,0.0112045776538835,0.00525011985784724,0.000999011122910079,0.0328446837115352,0.00558937911350412,0.0136819471277772
"img_00071.jpg",0.0016226716659472,0.000995747968933702,0.000995747968933702,0.992402840520451,0.000995747968933702,0.000995747968933702,0.000995747968933702,0.000995747968933702
"img_00075.jpg",0.806922633739837,0.0368349393713976,0.00853683760236647,0.00556853909192193,0.000999011163520552,0.125093916277946,0.00824117067289152,0.00780295208011917
"img_00102.jpg",0.446762678799655,0.0199298360948946,0.00289207788595003,0.00412069785883895,0.000999011063287488,0.0195653334877509,0.00515340067246838,0.500576964137155
"img_00103.jpg",0.815108788755403,0.0322637742210818,0.0588376694699393,0.00380814479353093,0.000999011003354931,0.0177665559701878,0.00224487670763041,0.0689711790788713
"img_00109.jpg",0.966321875750078,0.0097451243431205,0.00220440216938922,0.00216731767894014,0.000999011000901879,0.00987518277160643,0.00253359199239678,0.00615349429356733
"img_00120.jpg",0.708552289492842,0.0159527382429206,0.00318197904541459,0.00250230758426628,0.000999011008713888,0.00802762848507626,0.0440223808126588,0.216761665328108
"img_00125.jpg",0.830446706969735,0.00995516287556395,0.0109859496494611,0.00764409111312311,0.000999011011675772,0.0178144507782942,0.00816317120212573,0.113991456400022
"img_00128.jpg",0.0107151519192243,0.105763728903449,0.295980546419066,0.00221310592885898,0.000999011019167714,0.00587383474381512,0.00245102675059812,0.576003594315821
"img_00129.jpg",0.176264887228634,0.0168624051577072,0.0036676884600638,0.00284478592296901,0.000999011046309665,0.00824455581265215,0.714108141199022,0.0770085251726423
"img_00138.jpg",0.760751456128347,0.203913984822641,0.00520169833582178,0.00346445718012678,0.000999011032186385,0.00618160420275544,0.00477524253054993,0.0147125457675719
"img_00141.jpg",0.00327186788797048,0.00410025025775192,0.00583974145998935,0.00205417925999642,0.000999011002893376,0.00225151295944805,0.0021547286941388,0.979328708477812
"img_00152.jpg",0.0231081841467781,0.021852006968583,0.00506086423307226,0.00238220011916892,0.000999011050251199,0.0133629245632309,0.00503226085790825,0.928202548061007
"img_00161.jpg",0.00267300106478704,0.00205892680895381,0.00200295860036808,0.00199677840190951,0.000999010999088689,0.00201241003762762,0.00199914123918597,0.986257772848079
"img_00170.jpg",0.177020289168578,0.0158309825084542,0.0029399734912221,0.496491539640465,0.000999011007176538,0.00927744488116737,0.00218424521774298,0.295256514085194
"img_00171.jpg",0.508223982143456,0.0353304731497387,0.0555549862936879,0.0336592223050592,0.000999011164732521,0.345900449257901,0.0073301071641567,0.013001768521268
"img_00175.jpg",0.536193819721476,0.0166137532070752,0.0187264266513762,0.0151324222452975,0.000999011209315057,0.38209276381576,0.00360422954545637,0.0266375736042439
"img_00180.jpg",0.00818778610095426,0.00250374980450915,0.00269066735995626,0.00253478545901842,0.000999011002321411,0.0026294715754989,0.00268810081874263,0.977766427878999
"img_00212.jpg",0.182113415318923,0.00588973040707009,0.0022154012856301,0.0172203601677511,0.000999011001830858,0.00236960376356498,0.0021952014428694,0.78699727661236
"img_00223.jpg",0.855114966235194,0.0141331318675788,0.0653792865053345,0.00617663330157894,0.000999011015142092,0.030826987850647,0.00430237564825513,0.0230676075762691
"img_00230.jpg",0.77491407821305,0.116759769534096,0.00477696978007359,0.00591897434802863,0.000999011018714708,0.0581297349834251,0.00386972541942032,0.0346317367031915
"img_00232.jpg",0.003885514338159,0.00257338369356949,0.00207451625791024,0.00216617657657332,0.000999011024989843,0.0037545272718083,0.978633377896672,0.00591349294031821
"img_00244.jpg",0.770525148132458,0.096996764877459,0.00380058899899691,0.00672257312347698,0.000999011017392863,0.0599716650445063,0.00242766768121717,0.0585565811244923
"img_00272.jpg",0.844509574580757,0.0251763784182436,0.069210207903813,0.0186598668473705,0.000999011030304567,0.0103979214758437,0.0027692682723311,0.0282777714713369
"img_00280.jpg",0.9373917815261,0.00734927625644105,0.00572347811071245,0.00225407636744824,0.000999011385659287,0.00478102152737296,0.00276829223546619,0.0387330625907997
"img_00282.jpg",0.534591686217259,0.0753343872926144,0.0216965202809865,0.0400413580967045,0.000999011088847917,0.292760812280907,0.00576977967073061,0.0288064450719494
"img_00285.jpg",0.690330812013993,0.0200184437473147,0.00284825775622683,0.00226956533794874,0.000999011056034791,0.0059351079682048,0.0155748637888364,0.26202393833144
"img_00289.jpg",0.962603230511532,0.00752987054824872,0.00496485840004195,0.00251479738035744,0.000999011512197391,0.00423560729442328,0.00432516583292568,0.0128274585202735
"img_00292.jpg",0.79362203077955,0.0343454673806471,0.00326393729513518,0.00411848857683475,0.000999011070711539,0.0410890056180473,0.0144190905778541,0.10814296870122
"img_00302.jpg",0.105951458666717,0.0171993158419669,0.00374589799290136,0.00285615540787082,0.000999011077559596,0.00824840327603165,0.822750152225732,0.0382496055112204
"img_00311.jpg",0.984139866222747,0.00283192611561306,0.00201456143083533,0.0024522077059656,0.000999011016080581,0.00212440239998823,0.00200850930180255,0.0034295158069679
"img_00320.jpg",0.966816248085134,0.00640126760531451,0.00337513200721268,0.00205581944938059,0.000999011019618993,0.00667989813246631,0.0048262761011509,0.00884634759972167
"img_00331.jpg",0.876140865717801,0.018005187222204,0.00277636589949035,0.00300849792962692,0.000999011052060923,0.043128898449813,0.00966568995114671,0.0462754837778573
"img_00358.jpg",0.290801462623758,0.028461952716508,0.00324199060444454,0.003760624654463,0.000999011050065726,0.0224158489122761,0.0206074841469679,0.629711625291517
"img_00374.jpg",0.65182563085721,0.0289756696840141,0.00578872555564424,0.0112362808519206,0.000999011004250736,0.00430383816433506,0.00308615273306922,0.293784691149556
"img_00375.jpg",0.035528475335251,0.0323742647304434,0.86636788396647,0.016219494308459,0.000999011071166136,0.0140656565877144,0.00701921927157306,0.0274259947289229
"img_00376.jpg",0.855554962160387,0.0615709582761774,0.00761626137537404,0.00210638691963879,0.000999011046187142,0.0313102948531314,0.0101075624744994,0.0307345628946044
"img_00380.jpg",0.886312013790218,0.0311163242902121,0.00305929032541703,0.00389821606569533,0.000999011013126774,0.0663723634557043,0.0031689661975732,0.00507381486205294
"img_00383.jpg",0.82734792575454,0.0122536604567381,0.00230856535619685,0.00323777286885423,0.000999011026929846,0.0030083514396494,0.00226243083143491,0.148582282265656
"img_00398.jpg",0.945896640179809,0.0164087779868834,0.00225055153509181,0.00384724492891232,0.000999011033598709,0.00412852856035922,0.00241712958960895,0.0240521161857367
"img_00407.jpg",0.956998866774155,0.0115628080515365,0.00271730518690154,0.00770322907482837,0.00099901100949868,0.010752375085266,0.00294669301465693,0.00631971180315662
"img_00417.jpg",0.0877063131547321,0.00711387902186428,0.00219910473992253,0.00627206694134004,0.000999011001723486,0.00212793727775503,0.00208942932347724,0.891492258539185
"img_00442.jpg",0.00229849716781111,0.00210087920240567,0.00199669797842252,0.00198916367843722,0.000999010999029374,0.00202002796675949,0.00200293065856628,0.986592792348568
"img_00446.jpg",0.914171493281671,0.0142128908115105,0.00217821805809523,0.00842894280162589,0.000999011010106282,0.0116825123774077,0.00242553698099055,0.0459013946785924
"img_00469.jpg",0.920406534697589,0.0200189458633719,0.00493494396928134,0.00550615181331706,0.000999011019705016,0.00852461197518624,0.00299704624178972,0.0366127544197597
"img_00473.jpg",0.953433593340651,0.00685623804086479,0.00243353312407812,0.00281555228596037,0.00099901102479026,0.0028659696735609,0.00219086994740292,0.0284052325626916
"img_00483.jpg",0.934010861554144,0.0382453658136195,0.00204428424196474,0.00222672801274896,0.000999011007317133,0.00274666124294654,0.00215768471767444,0.0175694034095849
"img_00484.jpg",0.112981571606056,0.0607885879588057,0.00345857586742444,0.00995531297179924,0.000999011002073186,0.00515216074978218,0.00478417037138981,0.80188060947267
"img_00486.jpg",0.904145615236664,0.0376285743428276,0.0193482599823291,0.0158258879586237,0.00099901106295582,0.00406407989371358,0.0051672432979947,0.0128213282248919
"img_00518.jpg",0.820795737904059,0.0342248496096232,0.0028233818146474,0.00653857916350506,0.000999011140271295,0.00540469643583022,0.00253526492853388,0.12667847900353
"img_00533.jpg",0.494961656407436,0.0169062012700874,0.00283343951635432,0.00382053909329292,0.000999011105778433,0.0177198276696879,0.00836121326558694,0.454398111671776
"img_00538.jpg",0.757518092631876,0.0766692266856808,0.00313977537572126,0.00521513995929643,0.000999011014338477,0.00659140098919828,0.00259855276100856,0.147268800582881
"img_00543.jpg",0.978873410930082,0.00615130423999622,0.00218052383233555,0.00286814057301041,0.000999011046588372,0.00233636777949286,0.00205795454570173,0.00453328705279306
"img_00550.jpg",0.337146651770713,0.0288089607197561,0.0291780516392897,0.00962487979806388,0.000999011348835026,0.556609286857069,0.00399519084079153,0.0336379670254821
"img_00551.jpg",0.805436116159725,0.0112945405856365,0.00410812179884094,0.00534293847531302,0.000999011011561904,0.0800273784169175,0.0117784521552202,0.081013441396785
"img_00575.jpg",0.76683061085575,0.010227570477566,0.00311503164717872,0.00232064321796024,0.000999011046569005,0.0146787689402027,0.00825645011249042,0.193571913702282
"img_00582.jpg",0.869140023232671,0.034106367581635,0.0067432824721324,0.00373484373006369,0.000999011261806122,0.0527649229926115,0.00277408026849441,0.0297374684605853
"img_00584.jpg",0.944040048075425,0.00283829613278445,0.00461942269400212,0.00308608096068681,0.000999011419292023,0.0309121443933093,0.00408714274796942,0.0094178535765309
"img_00587.jpg",0.0772042019530227,0.018270812332171,0.00431496074187759,0.00232885691366267,0.000999011056495217,0.0226733132509651,0.0102210338143646,0.863987809937441
"img_00590.jpg",0.0584138384988378,0.0762827471157563,0.00825116453662851,0.00248649463281179,0.000999011017694212,0.00822093499254032,0.0114415831555885,0.833904226050143
"img_00591.jpg",0.0747612438870858,0.00637514476793634,0.00276542172554738,0.00407173696200686,0.000999011071744209,0.0188847664807294,0.0038830560421058,0.888259619062844
"img_00598.jpg",0.931925860607416,0.0210480656412069,0.00277693287645095,0.00873342060835023,0.000999011024102955,0.00739445135370831,0.00250335318486112,0.0246189047039034
"img_00599.jpg",0.763993353945974,0.0151580986615456,0.00417961742330277,0.0035639383219194,0.000999011063000074,0.00460525175704123,0.0292323071873286,0.178268421639888
"img_00612.jpg",0.914889011868662,0.00322954370485786,0.00266140443287748,0.00280274364199514,0.000999011042011158,0.0499660387109609,0.0107047107489921,0.0147475358496433
"img_00620.jpg",0.812423397898839,0.0276942172481212,0.0702719549017674,0.00528453400816899,0.000999011211659809,0.017715586217627,0.00413079944955577,0.061480499064261
"img_00642.jpg",0.00165972383733297,0.00109166459255769,0.00099613508023487,0.992267936168935,0.00099613508023487,0.00099613508023487,0.00099613508023487,0.00099613508023487
"img_00646.jpg",0.0127882363176602,0.00828183963930991,0.00468945160965223,0.00233168694136834,0.000999011012167443,0.00342534476074521,0.00388277653079474,0.963601653188302
"img_00648.jpg",0.979851711234356,0.00390598882877187,0.00226890258569499,0.00376104095907504,0.000999011052485273,0.00234361915512229,0.00208555641040628,0.00478416977408826
"img_00650.jpg",0.199277245680894,0.0143685221880954,0.00830390748005001,0.00496568237682235,0.00099901121646773,0.582884278242449,0.151152826644362,0.0380485261708603
"img_00664.jpg",0.922331654895844,0.0234674018007328,0.00245733442119478,0.00209313744439053,0.000999011012576308,0.00540672297377533,0.00504316502091476,0.0382015724305715
"img_00697.jpg",0.00279617298079834,0.00368247025700027,0.00304556017389387,0.00211854924001309,0.000999011015757666,0.00208487554230484,0.00289409270516529,0.982379268085067
"img_00708.jpg",0.748526328570378,0.0365380643497209,0.00452884974643848,0.0047239802409582,0.000999011026923918,0.0740845576481957,0.0249456669736979,0.105653541443687
"img_00716.jpg",0.0904682290944058,0.111374888595279,0.00857745373705466,0.00549371852664618,0.000999011199715365,0.56833390273455,0.0150770135813919,0.199675782530957
"img_00717.jpg",0.604266272948561,0.247801499209228,0.00679831660588397,0.0143147490796669,0.000999011005742686,0.109555311847708,0.00734673526119323,0.00891810404201621
"img_00718.jpg",0.946930916344,0.00262091515519127,0.00468981621103407,0.00468025138850919,0.000999011011676346,0.0159873362033264,0.00407475707207274,0.0200169966141903
"img_00724.jpg",0.0350158793535461,0.00281665702249031,0.0050121670463106,0.00240776157506735,0.000999011108191226,0.011183759877677,0.306945668253852,0.635619095762865
"img_00726.jpg",0.980296786453443,0.00619823082917623,0.00199475143236181,0.00200574568973124,0.000999010999494408,0.00310565039420698,0.00214448261731032,0.00325534158427591
"img_00729.jpg",0.937960312608737,0.0126562937156205,0.00425911135294751,0.00251881396113645,0.000999011697572024,0.00774800054079019,0.00766033712731843,0.0261981189958774
"img_00730.jpg",0.0105519326003469,0.00479766751202219,0.00225311204529456,0.00206533088982979,0.000999011011778181,0.00537530281951066,0.00709335580580383,0.966864287315414
"img_00757.jpg",0.887486667004639,0.0189363121725066,0.0245124201691994,0.0152658331042919,0.000999011092198397,0.0254956042025066,0.00590614978946312,0.0213980024651953
"img_00760.jpg",0.00299907472848088,0.000995907681516161,0.000995907681516161,0.991025479182422,0.000995907681516161,0.000995907681516161,0.000995907681516161,0.000995907681516161
"img_00764.jpg",0.00656475646298977,0.00734279359963879,0.00854845079393772,0.00236259777276337,0.00099901103049172,0.00224886760827979,0.00209705759542929,0.96983646513647
"img_00765.jpg",0.0472374452948128,0.487469946752309,0.00445803727078947,0.0205998017692301,0.000999011030382334,0.129707499382636,0.00777680475382435,0.301751453746016
"img_00772.jpg",0.0570132351651102,0.00966055082941797,0.332171236353796,0.00214423137941259,0.000999011065156096,0.245927390790721,0.00608776114669827,0.345996583269688
"img_00777.jpg",0.639850684055274,0.041222962264424,0.00360785713975747,0.0022024492116993,0.000999011101004411,0.299855985585139,0.009530783835946,0.00273026680675629
"img_00780.jpg",0.00988485201631385,0.00338810924979291,0.00412479264209567,0.00217365553929663,0.000999011055573552,0.013525020950945,0.0137275950213296,0.952176963524653
"img_00798.jpg",0.895302842895395,0.0414611415924837,0.00310065183499517,0.0291783740772634,0.00099901103569697,0.00669803319591952,0.00299330597308301,0.0202666393951629
"img_00808.jpg",0.814787445069121,0.133636988203361,0.00246040210611526,0.00451911971356043,0.000999011035910504,0.006237518252217,0.00227468182320471,0.0350848337965096
"img_00816.jpg",0.950042380649137,0.00938250090948043,0.00211560614247542,0.00213589565213876,0.00099901103828481,0.00333367159592512,0.00495503067298323,0.0270359033395748
"img_00833.jpg",0.74919040602859,0.0240740286617901,0.00411849577768398,0.00391448387102112,0.000999011022233732,0.0597008545482906,0.0265340810770717,0.131468639013319
"img_00837.jpg",0.783947443417406,0.12381191984824,0.00526715860282543,0.00462592654129879,0.000999011086733896,0.0536843951326629,0.00242717065432758,0.0252369747165063
"img_00855.jpg",0.826698693804195,0.0352721228503642,0.0131297405477495,0.00435893395954653,0.000999011263266776,0.0381889140622814,0.0101278993880467,0.0712246841245499
"img_00857.jpg",0.9652878091666,0.0136722273417818,0.00234147219370579,0.00204175150113066,0.000999011009189683,0.00689743217902071,0.00255221846768732,0.00620807814088386
"img_00858.jpg",0.945602595783866,0.00540046142137658,0.00227188725094441,0.00216203029860409,0.000999011126905309,0.00859258833634962,0.00376234615920833,0.0312090796227455
"img_00865.jpg",0.890056714214135,0.0673594451553722,0.00222697655813319,0.00290804383834552,0.000999011008036924,0.0167435732767769,0.00331767079203457,0.0163885651571654
"img_00902.jpg",0.00380622283652104,0.00319388846120618,0.00240200516112875,0.00223282935480008,0.000999011016740088,0.00349265186425219,0.977303485704462,0.00656990560088939
"img_00914.jpg",0.00229966242088636,0.00241004165391095,0.00201894157515134,0.00198506685093594,0.000999010999403452,0.00198895097998318,0.00199123917892841,0.9863070863408
"img_00921.jpg",0.821157990200238,0.00434376083179198,0.00388498673836517,0.00255793089682654,0.000999011093030182,0.0555847781260225,0.0522425449175527,0.0592289971961733
"img_00927.jpg",0.0651607765579028,0.051330362273247,0.00689022262485739,0.00253810454701953,0.00099901102216411,0.0133449332051988,0.0150095384641487,0.844727051305462
"img_00943.jpg",0.910376451742954,0.0619200586556281,0.00210437293297231,0.00247306489585276,0.000999011007232529,0.00267261944527025,0.00233134300327974,0.01712307831681
"img_00959.jpg",0.962835261178117,0.00342954664369627,0.00206924953705177,0.00200388861124189,0.000999011012071776,0.00549877918634315,0.00264693151666191,0.020517332314816
"img_00962.jpg",0.0956465782021265,0.0067265690647521,0.00510486180384674,0.002134680087454,0.000999011184159124,0.00896476290364863,0.0139131472083569,0.866510389545656
"img_00964.jpg",0.00232283564429715,0.0226695101875944,0.93514842043425,0.00557630268577837,0.000999011000354493,0.00230930191692915,0.00351722225862792,0.0274573958721687
"img_00974.jpg",0.922892334139028,0.0179759416406073,0.0046326357336717,0.0132376208800101,0.000999011000417758,0.0118474073713371,0.0022569555661141,0.026158093668814
"img_00979.jpg",0.00695029777128065,0.00660591873001436,0.0219851609052946,0.0021868022282737,0.000999011036995217,0.00456634550742984,0.00356960798068279,0.953136855840029
"img_00982.jpg",0.748400033639378,0.190581444573639,0.0066205954882203,0.00341542359683905,0.000999011213705861,0.0150437947663307,0.00603575985436997,0.0289039368675174
"img_00985.jpg",0.778129986832427,0.0326784538327478,0.00468315997590346,0.00389035938868129,0.000999011066995811,0.0214975024833523,0.0126040744887012,0.145517451931191
"img_00999.jpg",0.67587804913499,0.0679951652404039,0.00239885091310642,0.00295399444875241,0.000999011005948778,0.0167896444318089,0.0523480759508418,0.180637208874147
"img_01022.jpg",0.943083249908759,0.00456462714106445,0.00377830414370299,0.00802994111073878,0.000999011155441849,0.0180698621523749,0.00368691496766328,0.0177880894202551
"img_01031.jpg",0.756648647070041,0.0105271514779153,0.00747945249869913,0.00277211957307079,0.000999011042669687,0.211353888970851,0.00652407869161063,0.00369565067514238
"img_01035.jpg",0.729893466258032,0.0168295919242877,0.00330510326759689,0.00266632798547485,0.000999011098719382,0.236979530460654,0.0067741930095818,0.00255277599565347
"img_01058.jpg",0.91719742140962,0.0125285193080348,0.00393121185279356,0.00242745724241674,0.00099901145307451,0.00562364161785864,0.00280088879161776,0.0544918483245836
"img_01059.jpg",0.0222244763965176,0.0163267232660315,0.00731098253909917,0.00424417465950511,0.000999011024278431,0.0249558269689474,0.0108072203404428,0.913131584805178
"img_01102.jpg",0.202646185020859,0.472722915270486,0.00284844098627392,0.0594963317306644,0.000999011012498485,0.00402434055116414,0.00244024316892459,0.254822532259129
"img_01103.jpg",0.0143238096669506,0.0560335928571283,0.00740094065457168,0.00574151022472154,0.000999011051018916,0.00291206078745577,0.00955038745134592,0.903038687306807
"img_01116.jpg",0.818284378598506,0.0842403151030319,0.00838007061296452,0.0169961638608561,0.0009990110071968,0.0456164189906631,0.00309471285141393,0.0223889289753676
"img_01134.jpg",0.851758515873829,0.0109272128867434,0.00602556678571327,0.00626586181720401,0.000999011014161069,0.0608456448108702,0.00395065656737484,0.059227530244104
"img_01179.jpg",0.963974500586863,0.00668503608193542,0.00355277936626468,0.00765840424132104,0.000999011032675823,0.0113466975308338,0.0028607537359676,0.00292281742413921
"img_01188.jpg",0.0591094546853327,0.390871352593,0.00486635677612159,0.0212081739602852,0.00099901108907818,0.165195610399103,0.0139747686465076,0.343775271850572
"img_01211.jpg",0.934612991302585,0.0460369283955966,0.00220436077661773,0.00510943791904287,0.000999011035629468,0.00246851042940156,0.0021109346559609,0.00645782548516626
"img_01213.jpg",0.783900205071384,0.143039435463918,0.011653758337656,0.00989615521630078,0.000999011078450549,0.013548363585699,0.00559812186537703,0.0313649493812138
"img_01222.jpg",0.712175508925466,0.145162318716358,0.00467208744713764,0.0303959771761131,0.00099901103916431,0.0116178412762921,0.00690253832991833,0.0880747170895507
"img_01224.jpg",0.0133015444823481,0.0194657871956939,0.186511301588775,0.0039156106009394,0.000999011003521165,0.00703535463578451,0.00362759584412843,0.76514379464881
"img_01253.jpg",0.00266801632911632,0.00201974549915587,0.00199563347691234,0.00198573101807217,0.000999010998912122,0.00198535205045522,0.00198606394769909,0.986360446679677
"img_01286.jpg",0.0898325909354335,0.0111021794928834,0.00235459570951212,0.00671533448720789,0.000999011140838357,0.00587460141129516,0.00242153871926285,0.880700148103567
"img_01289.jpg",0.0284110303623795,0.0319663729927053,0.00588087202294736,0.00416175491444465,0.000999011018563923,0.0163213369698128,0.0076946154894016,0.904565006229745
"img_01328.jpg",0.917972073507953,0.0558294454842763,0.0022300870577587,0.00558635152541013,0.000999011022362069,0.00852260852459358,0.00272080230034771,0.00613962057729834
"img_01366.jpg",0.563352568697852,0.0167397163174779,0.0165807758456661,0.0113017194230314,0.00099901114302037,0.373905015283244,0.00303530657716743,0.0140858867125404
"img_01371.jpg",0.960564577582269,0.00682852340849624,0.00345028035297366,0.0021679015163734,0.00099901115406032,0.0039970187688999,0.00293223475394063,0.0190604524629864
"img_01379.jpg",0.884637412284692,0.0189326727280165,0.0226525578133192,0.0060601663880925,0.00099901104334952,0.0411820390168131,0.00371981399522722,0.0218163267304899
"img_01384.jpg",0.330349451008281,0.0522763899582467,0.0311131405256268,0.00651976207704087,0.000999011396527361,0.549460593110323,0.00250200691960248,0.0267796450043515
"img_01388.jpg",0.879554709684284,0.0413571247294439,0.00406001135458463,0.00212600461359571,0.000999011010587721,0.0402178065170082,0.00335397198641182,0.0283313601040838
"img_01392.jpg",0.00343352282275986,0.0189654040378349,0.904678663383475,0.00662895433790071,0.000999011030369292,0.00253659724899436,0.00305033528213653,0.0597075118565293
"img_01399.jpg",0.0086475202582159,0.871105218940747,0.00742369662194389,0.00230258416550847,0.000999011026562342,0.0161522419406831,0.00285551192394823,0.0905142151223906
"img_01404.jpg",0.929890271831002,0.0103337828200875,0.00220053764481057,0.0107399245606179,0.000999011003182637,0.0148875341833614,0.00208611889464494,0.0288628190622928
"img_01405.jpg",0.844792496169124,0.0125426464592005,0.00340786939422137,0.00322176242302933,0.000999011067156765,0.129496818242504,0.00280617437542463,0.00273322186933942
"img_01413.jpg",0.952299627410055,0.00612080385630997,0.00412209407886116,0.00712620260773305,0.000999011060684101,0.00862401440513516,0.00463426117277404,0.0160739854084474
"img_01426.jpg",0.0468978370734549,0.153968839479128,0.00298385501117217,0.00217866109588545,0.000999011018883075,0.00485815783834759,0.699316344518812,0.0887972939643166
"img_01431.jpg",0.00226774133655973,0.000995933863226824,0.000995933863226824,0.991756655484079,0.000995933863226824,0.000995933863226824,0.000995933863226824,0.000995933863226824
"img_01441.jpg",0.00312076286445527,0.00238347186332919,0.00206799889871026,0.00200805935944305,0.000999011001270207,0.00210920207499324,0.00229491077498846,0.98501658316281
"img_01444.jpg",0.269435603421604,0.0114973709087176,0.00239264238000693,0.004019540130107,0.000999011035623539,0.0155976488337377,0.0316084057617007,0.664449777528502
"img_01490.jpg",0.00790732154812362,0.00695401570166899,0.0394271424921284,0.00390127955981351,0.000999011020496515,0.00281564080698329,0.00226596576095872,0.935729623109827
"img_01495.jpg",0.616519611998326,0.0351795948656462,0.0114662079972113,0.00923879772327872,0.000999011007855601,0.0126405142591277,0.00338268478831441,0.31057357736024
"img_01511.jpg",0.895781455276869,0.0233224325815262,0.0479972213664242,0.00532152860562034,0.000999011019631485,0.0123103175588327,0.00361404538823404,0.0106539882028619
"img_01519.jpg",0.319588641452182,0.0580062670388893,0.00528772438096029,0.011199975915162,0.000999011054998871,0.169505677359792,0.110204844178642,0.325207858619374
"img_01530.jpg",0.933004201972306,0.0152562106110876,0.00311806254395385,0.00279767908929134,0.000999011320848006,0.00301939514587411,0.00256776104788474,0.0392376782687548
"img_01537.jpg",0.814663795898568,0.0251262968753971,0.0256523642697572,0.00215371108305806,0.000999011197449622,0.0729672186501391,0.00584716405789628,0.0525904379677341
"img_01538.jpg",0.883197764110442,0.033140644751157,0.00571802227093072,0.00274522717795886,0.00099901102958549,0.0571101214942755,0.00459514646659242,0.0124940626990584
"img_01543.jpg",0.955834452531862,0.0038110022888939,0.00204477832367812,0.00218280274919089,0.000999011059818776,0.00244849680517633,0.00215144891852523,0.0305280073228551
"img_01548.jpg",0.953589201250778,0.00338524306320714,0.00270116319362373,0.00207827225748897,0.000999011113936133,0.0224832034948357,0.00576993289663289,0.00899397272949727
"img_01552.jpg",0.953861883908949,0.00675595283600973,0.00400167658319694,0.00203826795099262,0.000999011025339593,0.023543654571024,0.00348444322597729,0.00531510989851094
"img_01562.jpg",0.716885307923998,0.0130229910969851,0.00410519684164217,0.00258464758626716,0.00099901102086289,0.00918243273235475,0.047500348218675,0.205720064579215
"img_01571.jpg",0.951826496839712,0.0277513140005295,0.00205529022336094,0.00212001152627457,0.000999011003048114,0.00216559029981555,0.00333991372535542,0.00974237238190374
"img_01593.jpg",0.624023972821703,0.198818279441344,0.00406092038345011,0.00399986441614814,0.0009990110280018,0.0192931540736843,0.0118953695527194,0.136909428282949
"img_01616.jpg",0.872615807984651,0.089311639886805,0.00285945259384794,0.00407954901055487,0.000999011061509383,0.00691862683128263,0.00500266364449002,0.0182132489868592
"img_01618.jpg",0.863721627071901,0.0100479815739373,0.00246591591051071,0.00257706072096581,0.00099901135510123,0.0963918841808761,0.0160674411346598,0.00772907805204785
"img_01627.jpg",0.904872003943191,0.0464173817040437,0.00208572679413279,0.00214424454359769,0.000999011000090876,0.0315031186740665,0.0025761163096695,0.00940239703120825
"img_01633.jpg",0.850873459764165,0.0119865658140877,0.0107089682702822,0.00521778173156653,0.000999011032341499,0.0745939237533648,0.00852164189750413,0.0370986477366878
"img_01640.jpg",0.979398869504894,0.00557184280769147,0.00207996878238999,0.0029125389724889,0.000999011035558081,0.00226666476534508,0.00204287396539011,0.00472823016624253
"img_01646.jpg",0.954214351541346,0.0165571160892806,0.00248422011980327,0.00424135927847289,0.000999011000129611,0.0131569336708156,0.00274240250628901,0.00560460579386317
"img_01649.jpg",0.907643734132103,0.0343510376566049,0.00414916509101311,0.00898183183838506,0.000999011488954736,0.0151809471033214,0.010221555567228,0.0184727171223901
"img_01657.jpg",0.0296485311257948,0.00430607818559731,0.221551851799118,0.00207408985715913,0.000999011032691258,0.0080419133058547,0.00237622472546615,0.731002299968319
"img_01669.jpg",0.00244489198497887,0.000995958391969238,0.000995958391969238,0.991579357663206,0.000995958391969238,0.000995958391969238,0.000995958391969238,0.000995958391969238
"img_01681.jpg",0.0814846188560267,0.0077442963834552,0.00472837950595604,0.00231287797591921,0.000999011019587878,0.00453397804670238,0.00529721429620217,0.89289962391615
"img_01684.jpg",0.912888575327813,0.024695359935339,0.00298697545209676,0.00682225036344916,0.000999011002886687,0.00918812065966739,0.00402803823812993,0.0383916690206181
"img_01687.jpg",0.747112382530223,0.00970729600737049,0.00254326541918396,0.00234522922693574,0.000999011009878059,0.00455674917041097,0.0104483732220032,0.222287693413995
"img_01688.jpg",0.0336228508605936,0.0272080521140471,0.00515634463365715,0.00414545759606762,0.000999011023079243,0.0124430041021741,0.00699223946823675,0.909433040202144
"img_01689.jpg",0.00514903918596613,0.00400280996489078,0.0114096242381049,0.00206711348898451,0.000999011012539626,0.0107747235518338,0.00415845811017583,0.961439220447504
"img_01724.jpg",0.877776052339059,0.00755860227116732,0.00831434309140189,0.00227378796280212,0.000999011359984271,0.0359650006513766,0.00568106602041964,0.0614321363037894
"img_01745.jpg",0.875301120087589,0.0588547205301724,0.0206436226472359,0.00998091456039397,0.000999011100721255,0.0208042358470379,0.00475776202153028,0.00865861320531941
"img_01771.jpg",0.916715142194288,0.0309560413282345,0.00419976893538375,0.00839628052808354,0.000999011124363248,0.00587422096040189,0.00732710067589169,0.0255324342533531
"img_01773.jpg",0.751759419491477,0.013240306084914,0.00254790938120282,0.00216497330086296,0.000999011003461062,0.00354602944967421,0.018116613616669,0.207625737671739
"img_01824.jpg",0.826398459599864,0.00784380428144785,0.0029881910241004,0.00437586462935792,0.000999011082846745,0.114159736103921,0.0129487846235844,0.0302861486548776
"img_01831.jpg",0.0171528828654457,0.0050271651923077,0.00099745850263717,0.963001980726973,0.00099745850263717,0.00099745850263717,0.00099745850263717,0.0108281372047246
"img_01834.jpg",0.00800838658555644,0.00650493851596991,0.299305243343628,0.00234055142784255,0.000999011039478012,0.0096634228393716,0.00269353817866846,0.670484908069485
"img_01847.jpg",0.220142700396528,0.020151426823091,0.00258085449741083,0.0035783672551045,0.000999011027098848,0.00740957243626951,0.0052614162338363,0.739876651330661
"img_01853.jpg",0.0601954888247048,0.0681294425492663,0.00655927382050218,0.00303798497140704,0.000999011036364739,0.0108932206120641,0.0166606429492053,0.833524935236485
"img_01856.jpg",0.920909897412497,0.00549077886664202,0.00366879295133327,0.00227818743526668,0.000999011100589301,0.00344734251271815,0.00243391651724136,0.0607720732037119
"img_01860.jpg",0.943754124745759,0.00297688203314163,0.0030919936310644,0.00213024284330348,0.000999011142795879,0.0143718004738916,0.00958345840348608,0.0230924867265577
"img_01862.jpg",0.798239993822933,0.00508372351269862,0.0415604324323797,0.00213701946104174,0.000999011251660784,0.0997186054809294,0.0250539900207563,0.0272072240176007
"img_01874.jpg",0.847791194391178,0.00433031343986351,0.00263979331272331,0.00218301445374304,0.000999011071785869,0.0136712643176139,0.0312142403154975,0.0971711686975943
"img_01888.jpg",0.0622143153770366,0.330159153177283,0.00516260687116978,0.0174949234974494,0.000999011021301351,0.313717833344461,0.00861712570900834,0.26163503100229
"img_01918.jpg",0.00369550347921516,0.00156508671559277,0.000996768839466497,0.989755565607859,0.000996768839466497,0.000996768839466497,0.000996768839466497,0.000996768839466497
"img_01930.jpg",0.899389364768566,0.0433261497130001,0.00581130025697412,0.00408020795738065,0.000999011007340122,0.0382862545608055,0.00354396608757579,0.0045637456483572
"img_01932.jpg",0.872485510219305,0.0148574258098545,0.00642256750840235,0.00766758117697256,0.000999011045304427,0.00863852737583825,0.00344532379181468,0.0854840530725084
"img_01955.jpg",0.0024451036531954,0.00220804916031938,0.00200247536846746,0.0019922481439112,0.000999010999220367,0.00198608261251959,0.00199161149527059,0.986375418567096
"img_01963.jpg",0.969396079640269,0.00790058927085714,0.00385108057161185,0.00367977548778583,0.000999011031031954,0.00481849761204958,0.00247460430247654,0.00688036208391855
"img_01966.jpg",0.938324942731174,0.0334023127084912,0.00202696430127867,0.00204464419972708,0.000999011000377449,0.0112006287593743,0.00207796893116694,0.00992352736841
"img_01983.jpg",0.912537749263175,0.0125394623859821,0.0166268517256405,0.00441035698020967,0.00099901143066976,0.0134134323828041,0.00374588654830508,0.0357272492832135
"img_01984.jpg",0.1539934924158,0.0113807788032834,0.00223794506953066,0.00305722429556309,0.000999011011793772,0.00659345927391493,0.00217185032477578,0.819566238805338
"img_01995.jpg",0.0366786769314059,0.203787017190914,0.0112598853728039,0.415007624200213,0.00099901109665332,0.100246561505156,0.0119802207776456,0.220041002925208
"img_01996.jpg",0.0844736708548286,0.0127499798440778,0.0026738984106207,0.00560608319083016,0.0009990111402975,0.79402771155466,0.0732046644305155,0.0262649805741693
"img_02001.jpg",0.4158313679623,0.00659028070667475,0.00646546023960308,0.00322954540645566,0.000999011075500433,0.238924490391983,0.145535263859343,0.18242458035814
"img_02006.jpg",0.439847875503468,0.0357813141738788,0.149098447872648,0.205280484917438,0.000999011027335198,0.0148190214393433,0.00614241877860127,0.148031426287287
"img_02066.jpg",0.946013999366687,0.00680097929947668,0.00278739306803912,0.00231136487474635,0.000999011024676557,0.0110054007789516,0.00308632283554513,0.0269955287518776
"img_02074.jpg",0.921271418144692,0.0166670271963757,0.00268118162930861,0.00478988031531222,0.000999011021155961,0.0484893663504024,0.00222781143149925,0.00287430391125334
"img_02076.jpg",0.194026097842311,0.75451612764228,0.00224861746780366,0.00249480064233474,0.000999011034559584,0.00241706018696537,0.00214468191741489,0.0411536032663306
"img_02077.jpg",0.00351544733414911,0.00126012062918313,0.000997984035548121,0.989319514698453,0.000997984035548121,0.00191298119602179,0.000997984035548121,0.000997984035548121
"img_02096.jpg",0.984108743682638,0.00260953764284236,0.00199447229837502,0.00202480872301659,0.000999010999663191,0.0030780674802688,0.00226525493488882,0.00292010423830733
"img_02119.jpg",0.83546925658681,0.0157120983092255,0.0740977782493233,0.00599519035794571,0.000999011029016987,0.0233986902277865,0.0037470170686231,0.040580958171269
"img_02124.jpg",0.0446664747084893,0.00513072369576761,0.00427417916256404,0.00283537245291704,0.000999011023967286,0.91906143097844,0.00925442343545212,0.0137783845424025
"img_02172.jpg",0.861631454980785,0.0193283659118686,0.0186356308808938,0.00217287651085025,0.000999011248783184,0.059875794586672,0.0054412564883738,0.031915609391773
"img_02180.jpg",0.888615773243378,0.0196280494283464,0.00481696220577616,0.00596451497888003,0.000999011099697892,0.0362549125271037,0.00744448787942261,0.0362762886373955
"img_02188.jpg",0.671368103758532,0.00931476738188828,0.00382651995757193,0.00292104194709782,0.000999011055512483,0.0533593883979306,0.0122252617279284,0.245985905773539
"img_02209.jpg",0.035667863518537,0.00619743661734943,0.00414743388655909,0.00290805886541738,0.000999011036889851,0.925650400383104,0.00930714944419335,0.0151226462479504
"img_02231.jpg",0.0243305093165034,0.000997755931264671,0.000997755931264671,0.966847338681029,0.000997755931264671,0.00302494384364597,0.000997755931264671,0.00180618443376255
"img_02235.jpg",0.00414191818347078,0.012208338659678,0.00099879189381809,0.960674990555153,0.00099879189381809,0.00708866641589473,0.00129864217010589,0.012589860228061
"img_02252.jpg",0.970525951946273,0.00703313738571226,0.00330248129552366,0.00251143781573233,0.00099901110975816,0.00460799976532471,0.00308474619810839,0.00793523448356747
"img_02268.jpg",0.816836733052482,0.0239284905927705,0.0348485548794562,0.0518628546750872,0.000999011078796222,0.0074011711079859,0.00453016594849946,0.0595930186649222
"img_02270.jpg",0.940019049285593,0.0174744958533642,0.00993936103433478,0.00443399138464953,0.000999011139814291,0.0156892214018201,0.00399913066752508,0.00744573923289924
"img_02281.jpg",0.00238261090618164,0.00099573296616695,0.00099573296616695,0.991642991296817,0.00099573296616695,0.00099573296616695,0.00099573296616695,0.00099573296616695
"img_02282.jpg",0.00264616095847642,0.00234019460530284,0.00201526912611936,0.00199570111277955,0.000999011000516758,0.00214272211626554,0.00248616341844169,0.985374777662098
"img_02291.jpg",0.97512054977195,0.0104731121666687,0.00203554534488062,0.00227889827491083,0.000999011006979031,0.00269994654251607,0.00205637153823394,0.00433656535386067
"img_02299.jpg",0.830713893308473,0.0650254650958462,0.00530189095401281,0.0205412030963768,0.000999011036829673,0.0144133714104266,0.00555237916053667,0.0574527859374979
"img_02305.jpg",0.0289556284323486,0.176237105379144,0.00729612221997349,0.496620557141157,0.000999011096885799,0.0437348972413034,0.0124342814319005,0.233722397057288
"img_02307.jpg",0.745236822684822,0.0175310517276065,0.00217071266075677,0.00279633038843382,0.000999011061710396,0.069219424571364,0.0176210032686892,0.144425643636618
"img_02309.jpg",0.978991778850284,0.00476537905313655,0.00208437523041739,0.00264751211338725,0.000999011026806611,0.00250170088331339,0.00213675558203607,0.00587348726061835
"img_02318.jpg",0.0144279721093097,0.00351500102990066,0.00232416032198769,0.00214274346080304,0.00099901100700235,0.0022435933116041,0.00224556873164121,0.972101950027751
"img_02356.jpg",0.0190006858838197,0.00281164399658661,0.00275461559985823,0.00476613540922086,0.00099901100162366,0.00325749406847925,0.0029947185227727,0.963415695517639
"img_02367.jpg",0.912346724468238,0.0326427075220418,0.00453938549589957,0.00662289906184857,0.000999011167259602,0.0156406192888128,0.0090897040840104,0.0181189489118896
"img_02379.jpg",0.110107065887141,0.00715958531447455,0.00249588853137503,0.002209512367958,0.000999011023329816,0.00325694218909684,0.00332417966253457,0.87044781502409
"img_02384.jpg",0.718316801279178,0.0171021923856522,0.00356446185657764,0.00301224388516739,0.000999011056836734,0.0493734755122509,0.00604452653094549,0.201587287493392
"img_02398.jpg",0.892726396460875,0.0279245930647973,0.00719939523078512,0.0130838300632155,0.00099901101629845,0.0292399680953674,0.00284854201334628,0.0259782640553151
"img_02400.jpg",0.940504520153804,0.00881863361944348,0.0134200000511138,0.00358974978606597,0.000999011002599428,0.0213980715241056,0.00239514905537948,0.00887486480748815
"img_02406.jpg",0.00250545694356283,0.000997493110658738,0.000997493110658738,0.991158493001203,0.000997493110658738,0.00134858450193999,0.000997493110658738,0.000997493110658738
"img_02412.jpg",0.704478306299465,0.00325762565716223,0.00266608028360025,0.00234713898223114,0.000999011038293048,0.00244138835128503,0.0035448436717189,0.280265605716245
"img_02422.jpg",0.833127492786808,0.0304367431049481,0.00361735811324706,0.00515295593552104,0.00099901102240031,0.0118367438408924,0.0184467800536153,0.0963829151425678
