"image","ALB","BET","DOL","LAG","NoF","OTHER","SHARK","YFT"
"test_stg2/image_00001.jpg",0.0239776918603738,0.0251131743393218,0.0109232128787364,0.0608668378614132,0.139503541824024,0.378181363791428,0.146337493901998,0.215096683542705
"test_stg2/image_00002.jpg",0.746248066491687,0.00853522730168745,0.00475249198365288,0.0045242300215664,0.000116074149546293,0.00834642551236374,0.012792521474225,0.214684963065271
"test_stg2/image_00003.jpg",0.949573348047803,0.00572041415692645,0.00325948296463659,0.00312349877868403,0.000107828789744807,0.0317988834289185,0.00312355155843927,0.00329299227484692
"test_stg2/image_00004.jpg",0.61770070738136,0.0097042667379728,0.0097042667379728,0.0105704936163184,0.161208906471149,0.0097042667379728,0.0122137280646734,0.169193364252581
"test_stg2/image_00005.jpg",0.925478561138094,0.0190814891042625,0.00464479535132539,0.00302548553423468,0.000100763039417625,0.00922516963336313,0.00768850279157344,0.0307552334077291
"test_stg2/image_00006.jpg",0.795121555846665,0.00847775281892676,0.00354913436816844,0.003656795759869,0.00010299352967962,0.0290103270740797,0.0388877392603356,0.121193701342276
"test_stg2/image_00007.jpg",0.28455210104019,0.0131393128642043,0.0163014704203511,0.0101993225293964,0.635314371682334,0.00981942978469777,0.0144822194104786,0.0161917722683478
"test_stg2/image_00008.jpg",0.453118482178958,0.0174780036331615,0.0185413898301988,0.113340296209784,0.248153575196841,0.0114377539949494,0.0327847963504681,0.105145702605639
"test_stg2/image_00009.jpg",0.553476396224285,0.0665790064062812,0.110398217369357,0.00317090621800642,0.000102294026833574,0.00411699039103885,0.00300743357661227,0.259148755787586
"test_stg2/image_00010.jpg",0.617821223111542,0.0182892796556027,0.0108775582172615,0.0236406739334565,0.0222041612857875,0.0471308403219027,0.0380509588435303,0.221985304630917
"test_stg2/image_00011.jpg",0.371011914744762,0.0131833262639538,0.0153396714055719,0.0274131366157889,0.520836554157209,0.0098118144953756,0.0199653009703199,0.0224382813470198
"test_stg2/image_00012.jpg",0.644170814462409,0.0144891168726535,0.0156097840808656,0.0585071091698595,0.0930629644414139,0.00988388785139206,0.0257022628107861,0.138574060310621
"test_stg2/image_00013.jpg",0.806928750929066,0.00387204254868436,0.0472622643725,0.00737314486687115,0.000100754074921984,0.0194871329029105,0.0225870441594092,0.0923888661456369
"test_stg2/image_00014.jpg",0.0497217807580202,0.0107122305548892,0.00962436341532386,0.00962436341532386,0.881161232314111,0.0150228019467521,0.0145088641802555,0.00962436341532386
"test_stg2/image_00015.jpg",0.931432124477199,0.0155468914850894,0.00325530586711789,0.0293448873270851,0.000104726805559988,0.0106149029528155,0.00533730920710656,0.00436385187802606
"test_stg2/image_00016.jpg",0.870987367249078,0.0137373046381573,0.0884517053908212,0.00860854084331524,0.000102795330972098,0.00794873635340669,0.00493375190732102,0.00522979828692798
"test_stg2/image_00017.jpg",0.570877996171859,0.0140383333308935,0.00987119543637753,0.0353987564547083,0.0522815452744963,0.0251262438993418,0.0348644478766466,0.257541481555677
"test_stg2/image_00018.jpg",0.548974690760269,0.0140330002921691,0.0124321355543605,0.00972023283677046,0.37793917018282,0.0150630653656365,0.0121174721712038,0.00972023283677046
"test_stg2/image_00019.jpg",0.59366668684856,0.0151652846597507,0.0641497213583685,0.149810609281309,0.000101307661656187,0.0222225505212215,0.0148555072837701,0.140028332385364
"test_stg2/image_00020.jpg",0.354047839425236,0.0172020355563412,0.00304070158404373,0.00561428350962937,0.000101802187586167,0.106743205685081,0.0484500382739005,0.464800093778182
"test_stg2/image_00021.jpg",0.861239259754049,0.0319017390906636,0.0240066267886456,0.0100375742985006,0.000100402873201217,0.0108064185272414,0.00659563269384664,0.0553123459738523
"test_stg2/image_00022.jpg",0.502946131502293,0.00982782993745623,0.0119733954251313,0.00982782993745623,0.126962928191049,0.0387361470598388,0.0103863645503704,0.289339373396405
"test_stg2/image_00023.jpg",0.549158850179142,0.382178599682494,0.0029473167745583,0.00294276926358432,0.000100450060170756,0.0170845627455166,0.00294309221938575,0.0426443590751479
"test_stg2/image_00024.jpg",0.220922629928119,0.023285431138582,0.0225737628329654,0.0543793939296941,0.597596366533062,0.0226806309376842,0.0246790357412848,0.0338827489586084
"test_stg2/image_00025.jpg",0.913425768800814,0.0212053361969023,0.0046546166825931,0.00294439629353698,0.000100279403404936,0.00412001473528329,0.00438433828190622,0.0491652496055587
"test_stg2/image_00026.jpg",0.364638564491044,0.204256093074306,0.022603640069386,0.0029470964973875,0.000101162945637072,0.0087763758007283,0.00294701409546375,0.393730053026048
"test_stg2/image_00027.jpg",0.974624629857091,0.00640731251674154,0.00291442572722662,0.00290715862930935,0.000100555122053158,0.00367866885071762,0.00378025395815981,0.0055869953387011
"test_stg2/image_00028.jpg",0.0169349351397759,0.00288187496759728,0.000997728990885178,0.00156702780879155,0.0058699661885083,0.95095296186671,0.008701853640189,0.0120936513975424
"test_stg2/image_00029.jpg",0.707238509589979,0.0285862830520821,0.176847098850121,0.00306048126487194,0.000104068320594605,0.0222823893751415,0.0030417666226076,0.0588394029246025
"test_stg2/image_00030.jpg",0.760299882799049,0.00973758355171451,0.0146728963196763,0.0110790537686403,0.156702968793208,0.015198381551799,0.0165034356609112,0.0158057975550013
"test_stg2/image_00031.jpg",0.67814925691943,0.0369863153639558,0.0122428558053969,0.0101737322388598,0.219674528872619,0.0209799563753139,0.0119717836583321,0.00982157076609196
"test_stg2/image_00032.jpg",0.905154991111697,0.010904782250021,0.00684591266559294,0.00394022377658443,0.0001028830726486,0.0475692975254331,0.0164372492786644,0.00904466031935854
"test_stg2/image_00033.jpg",0.749924113919263,0.152991195710801,0.00334170844802164,0.0144776939977054,0.000102178609695015,0.0340070894720711,0.00803740027299831,0.0371186195694443
"test_stg2/image_00034.jpg",0.915367141614333,0.0105177311455168,0.00851189088296361,0.00339873491736911,0.00010306051402865,0.032401399901201,0.0184365641396491,0.0112634768849391
"test_stg2/image_00035.jpg",0.460582023735631,0.0143491527508421,0.0239017545988492,0.0279974140432503,0.346922295767512,0.0110774781308237,0.0176317494559664,0.0975381315171249
"test_stg2/image_00036.jpg",0.654072276357256,0.0210943086866091,0.0226126834937333,0.0799674259864113,0.105072006040037,0.00985291178954856,0.0176850181601556,0.0896433694862491
"test_stg2/image_00037.jpg",0.0147018862516268,0.00107304164033526,0.00101387867553966,0.00343840258162121,0.0113845263631296,0.947295763640895,0.00716593165315233,0.0139265691937006
"test_stg2/image_00038.jpg",0.94611988693888,0.0118014157908123,0.00430429338723814,0.00296723292635001,0.000101242782152423,0.0120727287306028,0.00919274774129575,0.0134404517026681
"test_stg2/image_00039.jpg",0.932552181997224,0.00969545589126474,0.00348242601423634,0.00299703524812568,0.000101862993763416,0.00695441759090863,0.00350752657720442,0.0407090936872726
"test_stg2/image_00040.jpg",0.681975812147022,0.00979599663702008,0.0129502256410657,0.0209555831093653,0.203704113679708,0.0101307067381579,0.0186771612019854,0.0418104008456759
"test_stg2/image_00041.jpg",0.202977147193869,0.0169334619641022,0.00397880204544554,0.00459163316374225,0.000101579939602519,0.129161773309705,0.0582467070434039,0.58400889534013
"test_stg2/image_00042.jpg",0.692487946938327,0.0101789081339789,0.0256836876103695,0.0738858993710917,0.10418642384494,0.013900414577735,0.0183516594990321,0.061325060024526
"test_stg2/image_00043.jpg",0.326448095066169,0.0185360729752661,0.475961488259688,0.00503225833076307,0.000102892859764816,0.00616726230928795,0.00303993287173169,0.164711997327329
"test_stg2/image_00044.jpg",0.966485144051683,0.00670947731043548,0.00290751941189544,0.00290738062202027,0.000100575820129001,0.00871230423559987,0.0045375230176682,0.00764007553056891
"test_stg2/image_00045.jpg",0.198517724871631,0.0133541892282738,0.0244779230561162,0.0595286691094393,0.190549917519226,0.164554615505059,0.10571044869732,0.243306512012936
"test_stg2/image_00046.jpg",0.921871866163549,0.00640551177530174,0.00350956757556707,0.00297953861727194,0.000100826225079863,0.00364707759059915,0.00636415414472962,0.0551214579079019
"test_stg2/image_00047.jpg",0.913918441762073,0.0646966288465361,0.00290887536462375,0.00353123552795175,0.000100305273435856,0.00825648726134749,0.00337289789299561,0.00321512807103612
"test_stg2/image_00048.jpg",0.727708796883065,0.00978680926513641,0.00978680926513641,0.0185090046100834,0.137362516520986,0.0104974302710136,0.00978680926513641,0.0765618239194421
"test_stg2/image_00049.jpg",0.873518068312103,0.0076101034020119,0.0116989203149489,0.00339908113485052,0.00010321187894149,0.0323233121075519,0.0228401492828478,0.048507153566744
"test_stg2/image_00050.jpg",0.519640794828572,0.00976662587349145,0.0172551919326277,0.00976662587349145,0.275813613213531,0.0803105081744612,0.0776320587991788,0.00981458130464657
"test_stg2/image_00051.jpg",0.402468385607048,0.0110330891673083,0.0147753477880226,0.0368483364191141,0.107610947264197,0.00993750780669255,0.0633481756292015,0.353978210318416
"test_stg2/image_00052.jpg",0.752480244991757,0.00503235025510508,0.116043869759147,0.00594100345885514,0.000100813925503498,0.0147844621906191,0.0233706924318492,0.0822465629871638
"test_stg2/image_00053.jpg",0.736563935719485,0.0907281947825793,0.00867979479955352,0.00625207873165866,0.000100718579611332,0.0139643689028308,0.0110537975146815,0.1326571109696
"test_stg2/image_00054.jpg",0.0220550718648063,0.000391107835787291,0.000443554891138606,0.973247573511541,1.01377322644138e-05,0.000364072771473158,0.000827983981868711,0.00266049741112099
"test_stg2/image_00055.jpg",0.608746645283493,0.00979810925750612,0.00979810925750612,0.0235813310312706,0.0109054140755104,0.0182493791616219,0.0180310685363218,0.30088994339677
"test_stg2/image_00056.jpg",0.70540283336693,0.0213838866191281,0.0186866885009009,0.0284037419903192,0.0485930034778869,0.0447153232923537,0.0337898792584212,0.09902464349406
"test_stg2/image_00057.jpg",0.857286412357907,0.0332490547282233,0.0032409858477291,0.0456153904070541,0.000100902268721812,0.0101294043706035,0.00371570174514631,0.0466621482746153
"test_stg2/image_00058.jpg",0.690386234434282,0.00922438331961024,0.270028851172043,0.00319202900865233,0.000109260043155514,0.00663334734277564,0.00344823088068058,0.0169776637988005
"test_stg2/image_00059.jpg",0.630386412761117,0.161260177073643,0.00348834102645807,0.00672467426972682,0.00010059412929519,0.167018857426571,0.00836731431596159,0.0226536289972274
"test_stg2/image_00060.jpg",0.840857059110848,0.0100435399326216,0.0096492379638336,0.0147395046124817,0.0168011981498978,0.0096492379638336,0.0187220892131304,0.079538133053353
"test_stg2/image_00061.jpg",0.368923281527171,0.0326908429314086,0.0174615075220727,0.0341534324491972,0.0615709186896358,0.0183225879055388,0.0452642474617712,0.421613181513205
"test_stg2/image_00062.jpg",0.341961625628413,0.0113557873807919,0.027101009762367,0.0224033624067237,0.0524139453951262,0.00990108039580319,0.0855517647314248,0.44931142429935
"test_stg2/image_00063.jpg",0.3616716812681,0.0160139728746711,0.0137247340306355,0.0357776622984296,0.507953224910782,0.0329829849158891,0.0141834993384376,0.0176922403630556
"test_stg2/image_00064.jpg",0.697157229408358,0.0121462463075158,0.010197313901608,0.00977095117010743,0.197706146273989,0.0161338172732391,0.0102232933774887,0.0466650022876943
"test_stg2/image_00065.jpg",0.673410690286577,0.00984295254427241,0.0194120617779414,0.054980837437448,0.15217306724565,0.015553799828728,0.0396459338158031,0.0349806570635802
"test_stg2/image_00066.jpg",0.679716825246345,0.0347333265487445,0.0985979920398883,0.0114982221416908,0.000100286473076692,0.0175730808742412,0.0102938259519977,0.147486440724016
"test_stg2/image_00067.jpg",0.849760287811532,0.0226028833403449,0.00288966206826573,0.00316180306694262,0.000100278937687975,0.0033622846219759,0.00288993326666236,0.115232866886588
"test_stg2/image_00068.jpg",0.747858682690275,0.0532561571311602,0.0212670293829378,0.012286970276799,0.0696334247161706,0.0173391395900879,0.0444500881659004,0.0339085080466687
"test_stg2/image_00069.jpg",0.904879109044078,0.00671480739145657,0.0055814952892,0.00381654667078878,0.000106651765097619,0.00996159043642878,0.0104155398083757,0.058524259594575
"test_stg2/image_00070.jpg",0.100592223350251,0.00409608127239295,0.00475888511796112,0.00414337458542257,0.000100517551765789,0.0104286830630056,0.0113160214557953,0.864564213603406
"test_stg2/image_00071.jpg",0.932485490967266,0.0483011604010308,0.00288818441221578,0.00300812544845039,0.000100764749713213,0.00310651740862024,0.00288944000506687,0.00722031660763639
"test_stg2/image_00072.jpg",0.0926333743335037,0.0156776315750741,0.0161553702598595,0.10909557464021,0.67775493269597,0.0277833849153632,0.0270574971899244,0.0338422343900945
"test_stg2/image_00073.jpg",0.908517770895741,0.0213720967809754,0.00541791595425764,0.0047492764438918,0.000107390144494506,0.0109915986539344,0.00331114699510309,0.0455328041316021
"test_stg2/image_00074.jpg",0.763646711383579,0.0192394118013199,0.00992672244276204,0.0112934862920928,0.165928180364194,0.0101056178688534,0.0101468032816681,0.00971306656553088
"test_stg2/image_00075.jpg",0.977316961035259,0.00335299917839412,0.00288741912140668,0.0028838081624471,0.000100419879737242,0.00717225327735348,0.00287985104496357,0.00340628830043904
"test_stg2/image_00076.jpg",0.551581164682543,0.0191894201833082,0.00360271451673058,0.0151413075804191,0.000104061148738512,0.207593249718872,0.0173050485914982,0.185483033577891
"test_stg2/image_00077.jpg",0.510770826544859,0.0590928371329462,0.010517394223851,0.17890127443977,0.0744193495965367,0.0685722511313336,0.0260423033141886,0.0716837636165155
"test_stg2/image_00078.jpg",0.672502349598937,0.0103280314239719,0.0205335389780496,0.0698684780170572,0.146858952249315,0.0100863890652506,0.0191975269063666,0.0506247337610523
"test_stg2/image_00079.jpg",0.586368924212077,0.0520974265186472,0.0153389937612518,0.0216844300650089,0.246613869633945,0.0302499428289919,0.0262524181819228,0.0213939947981555
"test_stg2/image_00080.jpg",0.859769058728223,0.0342842585341323,0.0170519777207159,0.00294498055487697,0.000100280879070515,0.0040244627862592,0.00387525320299329,0.0779497275937289
"test_stg2/image_00081.jpg",0.972206706587514,0.00967105505689588,0.00293778487038922,0.00293778479367202,0.000101794344624114,0.00626862666626591,0.00293778454843174,0.00293846313220715
"test_stg2/image_00082.jpg",0.0320223039680509,0.0147137144331698,0.0129019647146124,0.0567080474975013,0.378727261923899,0.333208067190928,0.0854416634163997,0.0862769768554392
"test_stg2/image_00083.jpg",0.00875093890837593,0.00144273439974613,0.00107213919448468,0.00313677832442692,0.0278022349939429,0.950701091334707,0.00339228349481696,0.00370179934949916
"test_stg2/image_00084.jpg",0.095556331207072,0.0101864740737931,0.0106708523948755,0.0376747152138841,0.233753554323166,0.342279645587816,0.0375819401164632,0.232296487082931
"test_stg2/image_00085.jpg",0.213729277192358,0.0171110544907078,0.0728781073991111,0.00628140974872718,0.000105890902201781,0.0062418992773491,0.00313767675262123,0.680514684236924
"test_stg2/image_00086.jpg",0.126431255502788,0.0211380805461599,0.00292925429225652,0.00290530290339316,0.000100279498293948,0.00525049668214523,0.0353029887332346,0.805942341841728
"test_stg2/image_00087.jpg",0.917834062787701,0.00396956031280058,0.00698057581897099,0.00425210740718458,0.0001047626634626,0.054328244435671,0.00401463432595462,0.00851605224825472
"test_stg2/image_00088.jpg",0.0143537656166713,0.00784860270001362,0.000935027689991834,0.00186140923239396,0.00366152556151888,0.963957503576586,0.00228391047452518,0.0050982551482992
"test_stg2/image_00089.jpg",0.753149525383227,0.00967753540213801,0.00967753540213801,0.0164104560619346,0.163185954321887,0.0118022454136114,0.0130616096030959,0.0230351384119674
"test_stg2/image_00090.jpg",0.786736434419141,0.0140883694970043,0.00491088218449615,0.0108625917402331,0.000104106930202155,0.141649610243958,0.0218739257371463,0.0197740792478193
"test_stg2/image_00091.jpg",0.910638629469586,0.00733211615625635,0.00317702948968734,0.00350521329334159,0.000100413108812878,0.0209454620282896,0.00610475555818675,0.0481963808958391
"test_stg2/image_00092.jpg",0.831047584045757,0.0377597165766646,0.00799033396572561,0.00589888275919765,0.0001036344275498,0.0947658230071844,0.00308387972726677,0.0193501454906545
"test_stg2/image_00093.jpg",0.615743654831656,0.0261439792172469,0.0312220534558375,0.0281135829288318,0.204846698519953,0.00979244607729215,0.0290109475695926,0.0551266373995903
"test_stg2/image_00094.jpg",0.800608341494329,0.0216204913292262,0.0104081031051997,0.0197266511690564,0.000102155878622008,0.00686077909446798,0.011397953478106,0.129275524450993
"test_stg2/image_00095.jpg",0.0225174912400938,0.00698146228701377,0.00611290363857323,0.00291822961897814,0.000100287949319964,0.0414525845799125,0.00778175407464019,0.912135286611468
"test_stg2/image_00096.jpg",0.449349696128633,0.0338098889008563,0.0386113150865562,0.21271763266291,0.119595925091528,0.0102390993716936,0.0339049741437831,0.101771468614041
"test_stg2/image_00097.jpg",0.0898074179127415,0.0220362298900914,0.0120548145812044,0.0521241188207399,0.164988407231862,0.354666181688592,0.0577716831696409,0.246551146705128
"test_stg2/image_00098.jpg",0.0417262614918977,0.0230941481309859,0.00992184986600499,0.0645057776675335,0.229121510348094,0.399538675151103,0.0818757538666107,0.15021602347777
"test_stg2/image_00099.jpg",0.694442715007822,0.0704367457922148,0.00297923088779023,0.00591775437726661,0.00010100736626058,0.0169704600909719,0.0101380429042313,0.199014043573442
"test_stg2/image_00100.jpg",0.610224789637658,0.0103621818776858,0.0295926041639255,0.0413704787224125,0.200160357815634,0.00985906607550365,0.0304506735282913,0.0679798481788896
"test_stg2/image_00101.jpg",0.688143706559472,0.00904752829516893,0.00313740687520828,0.0054957147756867,0.000101260224272993,0.0201350527683687,0.002980514803325,0.270958815698498
"test_stg2/image_00102.jpg",0.923182459035203,0.0321194803309946,0.00292612360259407,0.00292674444289012,0.000101145013377276,0.0305139524804687,0.00292927997218753,0.00530081512228445
"test_stg2/image_00103.jpg",0.390889110406864,0.0116210781221279,0.0101650049723658,0.0175285722801469,0.363011692186806,0.0101513664527029,0.011862019637095,0.184771155941892
"test_stg2/image_00104.jpg",0.493278672057254,0.0171891954835276,0.00415897894999814,0.0033011408868162,0.000103630588365917,0.00715821670290834,0.0244751528219615,0.450335012509168
"test_stg2/image_00105.jpg",0.717077108115118,0.123849826822343,0.0295108677567016,0.0115656699971005,0.000100556513117011,0.0178676338189625,0.0111412916413247,0.0888870453353331
"test_stg2/image_00106.jpg",0.682201974714349,0.203259995034953,0.0155153589632383,0.00974018885315095,0.00974018885315095,0.0459061130010999,0.0110328631767933,0.0226033174032641
"test_stg2/image_00107.jpg",0.663129382183876,0.0112370991807263,0.0269836440586197,0.0145303875514339,0.0577695787285153,0.0363554806279936,0.0345461267071975,0.155448300961638
"test_stg2/image_00108.jpg",0.282416135684847,0.0123608081402713,0.0119672801241752,0.0118366728464627,0.642635672624518,0.0193488113553643,0.0097173096121808,0.0097173096121808
"test_stg2/image_00109.jpg",0.030292715802093,0.00179630333834963,0.00289073835381776,0.000921493649064596,0.00415350522216616,0.944002230817354,0.00790581900007438,0.00803719381708028
"test_stg2/image_00110.jpg",0.478723312643772,0.0178121693465647,0.0365484612469256,0.0383217497856354,0.17991015604359,0.103061392969468,0.031862148324578,0.113760609639466
"test_stg2/image_00111.jpg",0.0520617134925164,0.0142657831613428,0.0101749001488407,0.024048688014286,0.0413452841988521,0.273901171817301,0.0626628827717978,0.521539576395063
"test_stg2/image_00112.jpg",0.344123574316478,0.025828947479709,0.0235150275085733,0.146302243238019,0.0957963543262386,0.0813773440099928,0.0928073115949936,0.190249197525996
"test_stg2/image_00113.jpg",0.122043648775708,0.01081984087939,0.0104749607159349,0.00965838079506643,0.0187194415494473,0.00965838079506643,0.0213786245864875,0.797246721902899
"test_stg2/image_00114.jpg",0.425352183884702,0.0145618209369072,0.077712999276911,0.00995490834838043,0.013510228534301,0.123655679962297,0.057770278022361,0.27748190103414
"test_stg2/image_00115.jpg",0.696209152958093,0.0491071622918305,0.106758838315026,0.00300520167849607,0.000101632510623257,0.0613975181547574,0.00358015072334987,0.0798403433678245
"test_stg2/image_00116.jpg",0.317994499216422,0.0298999288557428,0.028700634558959,0.00995644186574332,0.49434248509918,0.0138296521028591,0.027110006216242,0.0781663520848509
"test_stg2/image_00117.jpg",0.757996625222685,0.028466695207436,0.00682982107968374,0.00818430081184763,0.00010042524048108,0.0127099114327581,0.0172080779747151,0.168504143030394
"test_stg2/image_00118.jpg",0.161824461341244,0.0153010451751494,0.0136900554530285,0.0752768125338678,0.171489367768369,0.0870077268275057,0.0763415135657691,0.399069017335067
"test_stg2/image_00119.jpg",0.858415336896272,0.0128704875487554,0.0847888352923997,0.010260780559711,0.000102038597836101,0.0148146434164309,0.0056729624210952,0.0130749152674998
"test_stg2/image_00120.jpg",0.12077325267561,0.0154678687144962,0.0100818071213579,0.0269139287959937,0.0957628323869991,0.339937299007271,0.0483237883513414,0.34273922294693
"test_stg2/image_00121.jpg",0.939265437624275,0.0123554889887697,0.00529677596852174,0.00515118196094583,0.000109333608223706,0.0182485481279866,0.0105293421608562,0.00904389156042109
"test_stg2/image_00122.jpg",0.505803640009875,0.00692519072611112,0.00322289162157425,0.00601698323319339,0.000101571175528945,0.0183796578083155,0.00418222136532748,0.455367844060075
"test_stg2/image_00123.jpg",0.909392222865685,0.0117387496916454,0.0104557619983765,0.00410309885169065,0.000102587472213027,0.029595870208884,0.0228424999408215,0.0117692089706836
"test_stg2/image_00124.jpg",0.828083711346034,0.0422827936561084,0.047262651328161,0.00306265144675139,0.000100281227253313,0.00439676576434268,0.0037514095814005,0.0710597356499482
"test_stg2/image_00125.jpg",0.261612899306577,0.0116943338020296,0.0134271609396265,0.0187668834723116,0.621383836257522,0.0401039289666129,0.0138977109647206,0.0191132462905991
"test_stg2/image_00126.jpg",0.574033130577789,0.0126959511537619,0.0190493859106324,0.0539386146093582,0.246012651492967,0.0210205629326648,0.0199538214187213,0.0532958819041056
"test_stg2/image_00127.jpg",0.630949867043715,0.00989020565079993,0.0176389928590716,0.0417086238651013,0.159425172310519,0.0152013574870614,0.0204093003864332,0.104776480397299
"test_stg2/image_00128.jpg",0.591818209319335,0.0149202315039281,0.0192020173326279,0.0343411850799093,0.252124415256767,0.0288772864018043,0.0267152452471587,0.0320014098584706
"test_stg2/image_00129.jpg",0.628408637005415,0.0166013487933323,0.00423636960554167,0.00328976459514996,0.000112589759351571,0.336197259032288,0.00715453254045194,0.00399949866846961
"test_stg2/image_00130.jpg",0.0023821674536126,0.00167349796130808,0.000385239416675461,0.993689609974326,1.08304869393897e-05,0.000682200312024383,0.000685086993337888,0.000491367401776551
"test_stg2/image_00131.jpg",0.154409364376057,0.0163063416434894,0.00991469287648399,0.0285042938500002,0.105371516885893,0.276076078466258,0.100792850985183,0.308624860916635
"test_stg2/image_00132.jpg",0.382486989160412,0.0649829435732262,0.00308104746698951,0.00290148654642043,0.000100280119067719,0.00290656966933584,0.00292369563551305,0.540616987829036
"test_stg2/image_00133.jpg",0.924621122482359,0.0198831142066462,0.00489590116952402,0.0065527458677166,0.000108287909548361,0.00704299629559451,0.0049888115624948,0.0319070205061164
"test_stg2/image_00134.jpg",0.00283378291246668,0.00177469642166799,0.000996617960153549,0.00408043609228068,0.0121014684935698,0.944324683962193,0.0122691557547631,0.0216191584029049
"test_stg2/image_00135.jpg",0.592315244601173,0.00994404535691761,0.0130308282474718,0.0213164312286143,0.0187693027205688,0.0101753476926417,0.0237471867938652,0.310701613358748
"test_stg2/image_00136.jpg",0.674661289055263,0.00360572454503805,0.020011511997416,0.250851294452347,0.000100924985711704,0.0113482295293828,0.00729165657445348,0.0321293688603879
"test_stg2/image_00137.jpg",0.946627492227503,0.00738491051077752,0.00438324089055045,0.00327444526535086,0.000100381568794873,0.00489430570844534,0.0107686589338799,0.0225665648946985
"test_stg2/image_00138.jpg",0.375691976043148,0.0110940541123374,0.0200252546124615,0.0294930240139334,0.0302545808802137,0.0098366124707813,0.073978331858956,0.449626166008169
"test_stg2/image_00139.jpg",0.754095661140941,0.0116046141248244,0.00971215496805813,0.0136348876053948,0.0171444701722934,0.0105765885783059,0.0150789668534059,0.168152656556777
"test_stg2/image_00140.jpg",0.794855947272677,0.00979477263954708,0.0110978518877264,0.0172222165302865,0.037352124456778,0.0163491265677008,0.0305060968419764,0.082821863803308
"test_stg2/image_00141.jpg",0.505190359098097,0.00544768738402119,0.00311212092917818,0.00288206883637387,0.00010056961394494,0.00380152313778585,0.00288354869593334,0.476582122304666
"test_stg2/image_00142.jpg",0.359948392747967,0.0272413461876086,0.0573491701720627,0.00477211905939089,0.000100696027634861,0.211423371331783,0.00410879235874526,0.335056112114807
"test_stg2/image_00143.jpg",0.0464925383383729,0.0194573530951627,0.0106721089130502,0.0287924140576926,0.0883753966963859,0.251086535730511,0.0679066775376695,0.487216975631155
"test_stg2/image_00144.jpg",0.499975432991368,0.024500825140028,0.00983959866653063,0.0122646033647414,0.399760099782762,0.0261077933516982,0.0102952733762477,0.0172563733266236
"test_stg2/image_00145.jpg",0.789155137946844,0.00960712434386673,0.00960712434386673,0.00960712434386673,0.153202115989956,0.00960712434386673,0.00960712434386673,0.00960712434386673
"test_stg2/image_00146.jpg",0.846253258258915,0.0340951037325045,0.044861832624121,0.0100944042487889,0.00010058873073868,0.0126118376086704,0.00753752672049078,0.044445448075771
"test_stg2/image_00147.jpg",0.458321139615246,0.015049072008085,0.00290619951301616,0.00290610998426648,0.00010034201336569,0.00400497116034443,0.00335917036610677,0.513352995339569
"test_stg2/image_00148.jpg",0.143483250682107,0.0324934231451021,0.0135625757331291,0.102465779189245,0.186837915220309,0.303250010189231,0.0591288190925783,0.158778226748299
"test_stg2/image_00149.jpg",0.257519477434856,0.0382318908444122,0.0299139434141198,0.128050259039094,0.285835766766402,0.00989633896801004,0.0244972925956738,0.226055030937434
"test_stg2/image_00150.jpg",0.209293106284311,0.0132628736056341,0.0118635561463419,0.0475637227366852,0.66253292501922,0.0227359397153061,0.0130623780253303,0.0196854984671713
"test_stg2/image_00151.jpg",0.0410187387268812,0.000847677928736558,0.000298032277986412,0.00033379565735896,9.74543090972071e-06,0.947534788834744,0.0015282236614222,0.00842899748196068
"test_stg2/image_00152.jpg",0.837716909719157,0.012974790421117,0.004707492165925,0.00609814373673516,0.000107866862819531,0.0179114238591014,0.0113774508723631,0.109105922362781
"test_stg2/image_00153.jpg",0.946670039402717,0.00412551686940677,0.003462248612578,0.00301618630175975,0.000103931000885107,0.0214369900321835,0.014090354541216,0.00709473323925423
"test_stg2/image_00154.jpg",0.00260176358148237,0.00130874757550374,0.00116662249067495,0.00177024738642419,0.0193256815435268,0.950111036685046,0.00916796311778695,0.0145479376195551
"test_stg2/image_00155.jpg",0.706047941654151,0.0192428540364996,0.0172387792022631,0.0234682491277354,0.176343947349679,0.0192273745242053,0.0228891373926399,0.0155417167128267
"test_stg2/image_00156.jpg",0.686188151381767,0.0301890260873848,0.0195574817306192,0.0188045725998521,0.161266227252127,0.0628461436817653,0.0109494354943009,0.0101989617721842
"test_stg2/image_00157.jpg",0.341657794942128,0.00948349597109616,0.504544378020915,0.00456113281672061,0.000101637965547094,0.00328203163507916,0.0118751665391985,0.124494362109315
"test_stg2/image_00158.jpg",0.491211102344493,0.0324954246514836,0.0184369978842072,0.0511778772535783,0.0772615698158289,0.239914414082525,0.0102766073342011,0.0792260066336833
"test_stg2/image_00159.jpg",0.785748324399792,0.0698397596843221,0.00431010905613293,0.0186111251577097,0.000101595037929816,0.0138152989070745,0.0236048658915721,0.0839689218654668
"test_stg2/image_00160.jpg",0.864349375918228,0.00973551559148537,0.0115214120376632,0.0189564573110826,0.0110202350078687,0.023457552718823,0.0319194544497044,0.029039996965145
"test_stg2/image_00161.jpg",0.466889250885846,0.0217406560474494,0.0132309865291904,0.0123155453257316,0.362234505813731,0.103043729299712,0.0107195790283764,0.00982574706996368
"test_stg2/image_00162.jpg",0.842532394477446,0.0516329628084855,0.00419078773193004,0.00668630361010914,0.000106700660747001,0.0447341651535845,0.0126877892275522,0.0374288963301457
"test_stg2/image_00163.jpg",0.504886899325398,0.0123415773209681,0.0169888659655745,0.027304883666544,0.370916037668306,0.0118424894509005,0.011893264228217,0.0438259823740927
"test_stg2/image_00164.jpg",0.00654179963731841,0.000657424801849939,0.000753723078732822,0.000351773995848343,9.89423814692619e-06,0.972180091171794,0.0134021168979527,0.00610317617835682
"test_stg2/image_00165.jpg",0.405077067805855,0.14641064142867,0.0210596729883864,0.00298066035097083,0.000102819741504572,0.00792341668091702,0.00298055599635683,0.41346516500734
"test_stg2/image_00166.jpg",0.00324806481631103,0.00124306134383706,0.00115184015490601,0.00341501300568645,0.0157652563148322,0.948471414944449,0.00708087187562096,0.0196244775443569
"test_stg2/image_00167.jpg",0.966004521128758,0.00401931505538978,0.00370726998649495,0.00347909036421354,0.0001106967556619,0.0127359179835555,0.00580887004037652,0.00413431868555004
"test_stg2/image_00168.jpg",0.658408875756933,0.0259704780220046,0.03593994361439,0.0827558575261726,0.0955701522759285,0.0142912713279449,0.0276175783663071,0.0594458431103195
"test_stg2/image_00169.jpg",0.425570963425882,0.0111665317890394,0.0237570392590492,0.0817555726634006,0.137259168102983,0.23547912032906,0.0619808452046415,0.0230307592259444
"test_stg2/image_00170.jpg",0.576397563928776,0.0731117333657426,0.0284326333438282,0.146589813637188,0.0279637631909098,0.0172219055241688,0.0503762567131995,0.0799063302961877
"test_stg2/image_00171.jpg",0.65584441878857,0.00980023421151278,0.00995497857745808,0.00980023421151278,0.246709645188124,0.0156274717519029,0.0106477845419273,0.0416152327289929
"test_stg2/image_00172.jpg",0.471120729338058,0.0198943709116685,0.0585302435231513,0.0320635963733789,0.322521866634683,0.0184710945424087,0.0418985272009375,0.0354995714757139
"test_stg2/image_00173.jpg",0.00205941706744043,0.00116402509048713,0.0003630248127582,0.000838774297612793,1.05626252715368e-05,0.99292184536157,0.00201283228446526,0.000629518460394107
"test_stg2/image_00174.jpg",0.0893428532368064,0.0175916066360378,0.00383821152358723,0.00554809213873005,0.000104235005419503,0.203896572895711,0.0208409234963557,0.658837505067352
"test_stg2/image_00175.jpg",0.893591332991884,0.0233339753669484,0.00345528432161791,0.0029890245995299,0.000101777636014766,0.0145865000551953,0.00358804221196051,0.0583540628168494
"test_stg2/image_00176.jpg",0.925308190842781,0.0519039117777224,0.00304041681085833,0.00295477258097327,0.000101533825365127,0.0040364231435291,0.00293256280394356,0.0097221882148271
"test_stg2/image_00177.jpg",0.489870051442904,0.0802650392629656,0.00369113808243963,0.0270564616240284,0.000108968972882508,0.352702935351798,0.0179441839556716,0.0283612213073105
"test_stg2/image_00178.jpg",0.293564947083158,0.054729918683893,0.0403646345388001,0.194947795813107,0.136746378886394,0.0156722539995748,0.0344035532918314,0.229570517703242
"test_stg2/image_00179.jpg",0.75634811035714,0.0283144046761786,0.0786290963148154,0.00397270507694283,0.000100524908681269,0.00535770847984137,0.00393897283867536,0.123338477347725
"test_stg2/image_00180.jpg",0.773840402027185,0.0302570536147981,0.0169193859246201,0.0303826736688302,0.061320543207801,0.0677648896526642,0.0097575259520507,0.0097575259520507
"test_stg2/image_00181.jpg",0.191399521056003,0.034530775428565,0.0113885669798308,0.0118604178343167,0.674857135816554,0.0533971336480441,0.0127672969115993,0.00979915232508709
"test_stg2/image_00182.jpg",0.183385093266793,0.0106109765701151,0.011977425312077,0.0116756470131278,0.746904225385038,0.0119611541763241,0.0137435071086771,0.00974197116784801
"test_stg2/image_00183.jpg",0.085309045709254,0.0148676906099114,0.00994823445256048,0.0161759664814618,0.0673098154925577,0.0437394382328661,0.0559382828707546,0.706711526150634
"test_stg2/image_00184.jpg",0.338013789832471,0.00763195090368267,0.306451415149485,0.00630625445942413,0.000100820492615058,0.00400494223922287,0.263320269001468,0.0741705579216306
"test_stg2/image_00185.jpg",0.499941419226738,0.0129545685320358,0.0150168559901815,0.00976679937187353,0.384084903390975,0.0445188139684677,0.0184650699795171,0.0152515695402121
"test_stg2/image_00186.jpg",0.779233456520118,0.0108692117295525,0.00833837109492835,0.00570074580152447,0.000103187299766718,0.0240925772233254,0.0421544811477416,0.129507969183043
"test_stg2/image_00187.jpg",0.00794748397927641,0.00143369430896039,0.000992495859823011,0.00216158954030739,0.0328155725192677,0.948218513624826,0.00495690717602957,0.00147374299150956
"test_stg2/image_00188.jpg",0.0602589214013995,0.0346540323364251,0.0168876181728711,0.104281271503545,0.0943841338733937,0.147292276059258,0.0660810216734627,0.476160724979645
"test_stg2/image_00189.jpg",0.757749743209977,0.0189911802376333,0.00845534541975134,0.0029794047006273,0.000101075121112873,0.00451822197132334,0.0111518737856454,0.196053155553929
"test_stg2/image_00190.jpg",0.358300339703697,0.0143016581082802,0.301216177114442,0.0113899792763888,0.0214119849934787,0.109917832496179,0.061649988972881,0.121812039334653
"test_stg2/image_00191.jpg",0.823611490783762,0.0129230533544556,0.00970050171973974,0.0111642278700301,0.0160663787754141,0.0163132984648469,0.00980486735636565,0.100416181675386
"test_stg2/image_00192.jpg",0.416254164102697,0.0107416444361594,0.0212700560470471,0.0468381891109821,0.228825985430206,0.0126064027788915,0.0147154873156092,0.248748070778408
"test_stg2/image_00193.jpg",0.416160423760204,0.0117330712750551,0.0275989783256609,0.0449515505214639,0.441867147810695,0.0241768245821065,0.0185486400094559,0.0149633637153589
"test_stg2/image_00194.jpg",0.510468476979926,0.0452169241461877,0.0406717458928749,0.00567749053394454,0.000103541834350366,0.0213520553857594,0.00636997846304087,0.370139786763916
"test_stg2/image_00195.jpg",0.68310265985627,0.0184964028025778,0.0192793440292351,0.0701052007975849,0.0783793982854899,0.0127367622687959,0.0260369555969362,0.0918632763631101
"test_stg2/image_00196.jpg",0.977679335018272,0.00318489411463363,0.00287611786534861,0.00287611782723695,0.000100277580602219,0.00750504330400947,0.00287611770905879,0.00290209658083803
"test_stg2/image_00197.jpg",0.00472772028447395,0.00685620863738986,0.00106269528521094,0.00312165850682529,0.0139247394325017,0.960030795604249,0.00596957155197442,0.00430661069737489
"test_stg2/image_00198.jpg",0.236821809136371,0.0274072701408925,0.0865328504974481,0.00305734230114531,0.000100869154481297,0.00721620390438658,0.0120852928118303,0.626778362053445
"test_stg2/image_00199.jpg",0.251787841213598,0.163529806130653,0.121709516633613,0.0576746240353726,0.000101169690250311,0.0787125421155867,0.0350755901688131,0.291408910012113
"test_stg2/image_00200.jpg",0.829598675366031,0.00973639689786414,0.0159365721389929,0.0171710878905002,0.0338563765258918,0.0154757623630303,0.0237940949715768,0.0544310338461133
"test_stg2/image_00201.jpg",0.00527372256166008,0.00183612457950173,0.00102490580342685,0.00124866413874479,0.0110854523946963,0.957207945430908,0.00430724570888806,0.0180159393821745
"test_stg2/image_00202.jpg",0.865769730038039,0.00925074132164453,0.00962566071068626,0.00432064189808933,0.000101797956883579,0.0145819410977848,0.0170708103586544,0.0792786766182178
"test_stg2/image_00203.jpg",0.221063291268741,0.00310301300451671,0.00298628310576598,0.00430719051681577,0.000100429675927712,0.0110762163971794,0.00607499147675257,0.7512885845543
"test_stg2/image_00204.jpg",0.512202071542491,0.0104454480817485,0.0323359404235703,0.108388327206112,0.0746293003121076,0.0149162203152147,0.0304102135838343,0.216672478534921
"test_stg2/image_00205.jpg",0.0869940313224541,0.0215190113221342,0.0165144186236515,0.118354418615288,0.228783998318899,0.203219250957767,0.188659663979909,0.135955206859897
"test_stg2/image_00206.jpg",0.831170555444903,0.00851018768945785,0.0682377989477135,0.0103065874873201,0.000102406725686545,0.00696275910204844,0.0129734353804212,0.061736269222449
"test_stg2/image_00207.jpg",0.00944312924259516,0.00164244114407482,0.00156747611786699,0.00190531985877552,0.0109926171706445,0.949868465587635,0.0099387228235804,0.0146418280548277
"test_stg2/image_00208.jpg",0.778320857108143,0.0121826717672687,0.0611311101977735,0.00303604059460059,0.000103870363006916,0.00359855285830338,0.00309391019595337,0.138532986914951
"test_stg2/image_00209.jpg",0.860266793199896,0.0174316102362159,0.00293106557951337,0.00293094011366717,0.000100928174720727,0.010329485379435,0.00414537864612296,0.101863798670429
"test_stg2/image_00210.jpg",0.63817936661789,0.00355481569904941,0.0179759447654827,0.00384294305732961,0.00011162330278879,0.175861469166659,0.0332791433644731,0.127194694026327
"test_stg2/image_00211.jpg",0.907707296454033,0.0205015132395326,0.0033744463998132,0.0111753275792601,0.000100552060078684,0.0204041239402308,0.0205624187868869,0.0161743215401646
"test_stg2/image_00212.jpg",0.853887987542319,0.0100784438254276,0.00964759048031301,0.00964759048031301,0.0676491260980155,0.029005807777479,0.0104358633158196,0.00964759048031301
"test_stg2/image_00213.jpg",0.799443642239723,0.0107605933932209,0.0104909033320662,0.00961938657338984,0.135040578514847,0.00961938657338984,0.0103997708575891,0.0146257385157735
"test_stg2/image_00214.jpg",0.734803424328592,0.0115800991333095,0.00966563150684507,0.0132428135088093,0.0144198287352791,0.00966563150684507,0.0187392703914247,0.187883300888895
"test_stg2/image_00215.jpg",0.582514320419227,0.0372290879197661,0.026078689645353,0.0339915355847888,0.181100055183204,0.00991468321435779,0.0470812807891651,0.082090347244138
"test_stg2/image_00216.jpg",0.697338417511836,0.114426115581607,0.00511273468051357,0.0501110490135447,0.000100494535874119,0.00337049611933279,0.0226811173066833,0.106859575250609
"test_stg2/image_00217.jpg",0.584037656141344,0.0142326904957788,0.00979469394006532,0.0123824766338025,0.341763773264268,0.0160994106534728,0.0100098932511568,0.0116794056201122
"test_stg2/image_00218.jpg",0.422894909961756,0.0143628899134517,0.0288318784219146,0.0630885953089839,0.228670058611379,0.00997387911682023,0.0314109364539468,0.200766852211748
"test_stg2/image_00219.jpg",0.273543375456465,0.00986095816880343,0.0180247751324386,0.00986095816880343,0.466964883852829,0.143633691059022,0.0582515511354659,0.0198598070261732
"test_stg2/image_00220.jpg",0.731609283123101,0.0176757540344823,0.163157929033727,0.00420693616539844,0.000100701099295666,0.010878468652453,0.00616055265657449,0.0662103752349677
"test_stg2/image_00221.jpg",0.855026196824689,0.00975074515686257,0.00679370233196521,0.00848218522654764,0.000103547914583096,0.111092981697393,0.00354039489063846,0.00521024595732094
