"image","ALB","BET","DOL","LAG","NoF","OTHER","SHARK","YFT"
"img_00005.jpg",0.000937207060342254,0.000937207060342254,0.000937207060342254,0.000937207060342254,0.993439550577604,0.000937207060342254,0.000937207060342254,0.000937207060342254
"img_00007.jpg",0.0415743193097853,0.0152471844181231,0.00526997686845384,0.00480527375202411,1.00292631995561e-05,0.00324475545767921,0.00293679985771092,0.926911661073024
"img_00009.jpg",0.876618216256093,0.0646903961289553,0.00525987639567417,0.00297496940593962,1.00288934175513e-05,0.0427797695142235,0.00289930079667797,0.00476744260901836
"img_00018.jpg",0.768585145139464,0.0649841031745537,0.0029913829210938,0.010537659991015,1.00295038055632e-05,0.141921162779209,0.00296085332430286,0.00800966316655628
"img_00027.jpg",0.232779301589052,0.0322351867676755,0.00922334805556719,0.00345228373661233,1.01039051748763e-05,0.204072267419574,0.0109045460308722,0.507322962495472
"img_00030.jpg",0.00143879521121365,0.000943459458995786,0.000943459458995786,0.000943459458995786,0.992900448034812,0.000943459458995786,0.000943459458995786,0.000943459458995786
"img_00040.jpg",0.163221598880492,0.00927878860952771,0.00435832682367263,0.0030053864041526,1.00743354025423e-05,0.0063864510371348,0.767920135038154,0.0458192388714636
"img_00046.jpg",0.695498477833725,0.00950627539220801,0.00950627539220801,0.00950627539220801,0.247463869813027,0.00950627539220801,0.00950627539220801,0.00950627539220801
"img_00053.jpg",0.946805731085416,0.0160173305736589,0.0134381175472675,0.00393983573420167,1.00696285555186e-05,0.00955258262742292,0.00310861914014371,0.00712771366333326
"img_00071.jpg",0.000565056662623077,0.000285186462187988,0.000284993796291611,0.998008753480705,1.00084874605891e-06,0.000284992622177736,0.00028499021730941,0.000285025909959076
"img_00075.jpg",0.939831927227847,0.0121424034140531,0.00299006810980712,0.00317464164182538,1.01963194757325e-05,0.0357621696470172,0.00298883887501906,0.00309975476495514
"img_00102.jpg",0.25839892267591,0.0139522297165945,0.00338153305709943,0.00300518200206097,1.00296033192301e-05,0.0366812085923414,0.00926504169927246,0.675305852653402
"img_00103.jpg",0.810199640888419,0.0584106823996581,0.067357885812123,0.00291881975468328,1.00289229034013e-05,0.0131027225284155,0.00301735839925508,0.0449828612945426
"img_00109.jpg",0.976850787804722,0.00744457632381415,0.00286857523660981,0.00286736240407401,1.00285527537108e-05,0.00339073754642663,0.00288829318073758,0.00367963895086179
"img_00119.jpg",0.000951076479742733,0.000951076479742733,0.00128053150868325,0.000951076479742733,0.986979137469394,0.00128728350824362,0.00131494340022624,0.00628487467422502
"img_00120.jpg",0.614073978391839,0.0134728747786738,0.00310760094270696,0.00298199331390153,1.00341120871572e-05,0.0154742022562011,0.0499221287274613,0.300957187477129
"img_00125.jpg",0.784096463961117,0.00547189459446949,0.00879677925486905,0.00560572192267501,1.00297470992003e-05,0.0202333594887925,0.00581104579181601,0.169974705239162
"img_00128.jpg",0.003559891622278,0.0296020650031904,0.215867228061782,0.00291551345214167,1.00290749173108e-05,0.00405131938581512,0.00336025210661825,0.740633701293257
"img_00129.jpg",0.226109364864107,0.00946728409674567,0.00373056487612797,0.00301334232711051,1.00900782847522e-05,0.00921509825073157,0.639792143434341,0.108662112072552
"img_00133.jpg",0.00372778425021057,0.000948269733342509,0.00095316330281442,0.000948269733342509,0.990131607774298,0.00139436573930705,0.000948269733342509,0.000948269733342509
"img_00138.jpg",0.799197717360181,0.157139527146099,0.00553984050292907,0.00480693089144475,1.00353755645215e-05,0.00317206000886798,0.00304631721267131,0.0270875715022427
"img_00141.jpg",0.00287781645898106,0.00819709253975933,0.00738951253735678,0.00287767513293948,1.00286762793529e-05,0.00287767646586946,0.0028776990480203,0.972892499140794
"img_00152.jpg",0.00891090415315856,0.00545816556102207,0.00290042173673663,0.00289425960186608,1.00360551836959e-05,0.00420359398240873,0.00327015141963639,0.972352467489988
"img_00161.jpg",0.00283820935615387,0.00283823086779287,0.00283819838919707,0.00283819291758869,1.00282813402263e-05,0.00283819317140841,0.00283819337512117,0.982960753641398
"img_00164.jpg",0.000942153574512504,0.000942153574512504,0.000942153574512504,0.000942153574512504,0.992957496409586,0.000942153574512504,0.000942153574512504,0.00138958214333934
"img_00170.jpg",0.00958802713971078,0.00101416743626197,0.000281447756222371,0.954269121356298,9.57253061856045e-07,0.00129917594924388,0.000453048891577326,0.0330940542176236
"img_00171.jpg",0.552468269240749,0.0106755341014407,0.0625548800812582,0.0245475903437837,1.01151947642072e-05,0.339471667017009,0.00485927411708731,0.00541266990390823
"img_00172.jpg",0.000937207060342254,0.000937207060342254,0.000937207060342254,0.000937207060342254,0.993439550577604,0.000937207060342254,0.000937207060342254,0.000937207060342254
"img_00175.jpg",0.0367243038501717,0.000683713654875835,0.00108916767488398,0.000918219715500186,9.65106981598938e-07,0.959309453265998,0.00033360138357503,0.000940575348014019
"img_00180.jpg",0.00667150886089513,0.00356730343212237,0.003448461846126,0.00291660934752132,1.00293093328632e-05,0.00352029694463817,0.00370562338022104,0.976160166879143
"img_00196.jpg",0.00209582939423607,0.00135396855343228,0.00109495296703713,0.000961508075503169,0.991489777027426,0.00101412423901785,0.000965179847321073,0.00102465989602682
"img_00212.jpg",0.307741221802365,0.00436880307499747,0.00295401627325303,0.0136352250648284,1.00287575698606e-05,0.00339157321530383,0.00305397798052756,0.664845153831155
"img_00223.jpg",0.828859116169857,0.014257566455757,0.0946104023479054,0.00841102117299466,1.00297810043785e-05,0.0282445736534093,0.00631980344980737,0.0192874869692646
"img_00230.jpg",0.81924618442858,0.0949125652787974,0.00304536757792534,0.00291691419994974,1.002906565402e-05,0.0398411439781996,0.00294211434579568,0.0370856811250982
"img_00232.jpg",0.00421201529435487,0.00301936220086219,0.00289988786389003,0.00289948988421214,1.00317812947033e-05,0.00424989933483193,0.979387425429043,0.00332188821151088
"img_00244.jpg",0.720715737199901,0.126010059737877,0.00312136947964731,0.00345023216832257,1.0029482849991e-05,0.0360754461712928,0.00382889768919881,0.10678822807091
"img_00272.jpg",0.833241471555589,0.0159104978981942,0.0868812767500242,0.0170237003008704,1.01018041052337e-05,0.0166180171136821,0.00303498355987871,0.0272799510176559
"img_00280.jpg",0.975102391645416,0.00313113459611773,0.00323792172764539,0.00300415480304154,1.02814037609521e-05,0.00482901282081633,0.00376889509887427,0.00691620790432798
"img_00282.jpg",0.572809789452525,0.0132566045907161,0.0106601858832124,0.0312046790887999,1.01009298262693e-05,0.35279229869973,0.0036477415872358,0.0156185997679545
"img_00285.jpg",0.455043406477288,0.0132181921395096,0.00475492567920607,0.00329076003077579,1.00606895753159e-05,0.00995530132356802,0.0126104070816063,0.501116946578471
"img_00289.jpg",0.95129689907431,0.0143904937379316,0.00700630955812382,0.0028454645157217,1.00359355448437e-05,0.00284901860089594,0.00287273039320677,0.0187290481842652
"img_00292.jpg",0.606522505398738,0.0544790716419959,0.054272375954454,0.00407791205367173,1.0081685532112e-05,0.104204476555804,0.012242476387483,0.164191100322321
"img_00302.jpg",0.22473478487507,0.00890223566101177,0.00348284927548192,0.00302153688396969,1.01279082864355e-05,0.00862927381321048,0.715938958091482,0.0352802334914869
"img_00311.jpg",0.982906592002489,0.00284968292971906,0.00284599367649395,0.00284605961560316,1.00357986543981e-05,0.00284606157078623,0.00284599470780559,0.00284957969844871
"img_00320.jpg",0.980169805762731,0.00343486581279955,0.00288482517962562,0.00288474587501024,1.00367423405844e-05,0.00442848227891512,0.0032774569576077,0.00290978139096966
"img_00331.jpg",0.910756189252975,0.00496468527756559,0.00312308451052851,0.00295699875409242,1.00612001599742e-05,0.0343405274931158,0.0252201357475987,0.0186283177639636
"img_00358.jpg",0.301386328348167,0.0387576815954265,0.00302424476252956,0.00295238135081392,1.00293844286554e-05,0.0220388632652645,0.0207805806967739,0.611049890596596
"img_00374.jpg",0.697110898564222,0.0304852143176092,0.0034031455786156,0.00352335808125468,1.00292323117139e-05,0.00822882942668036,0.00325925386138522,0.253979270937921
"img_00375.jpg",0.0210658972836157,0.0216241428000725,0.915676301121236,0.00547597565759837,1.00334902551793e-05,0.0152171914334887,0.00502468206342136,0.0159057761503125
"img_00376.jpg",0.95569007806099,0.00762680692437312,0.00666308826668432,0.00297577694670271,1.0043377353835e-05,0.0142637791947685,0.00613520528611668,0.00663522194301094
"img_00380.jpg",0.955808463838733,0.00751117235626497,0.00291450992862022,0.00332486248441374,1.00287879047892e-05,0.0241041390615974,0.00288981894427399,0.00343700459819208
"img_00383.jpg",0.949551745903499,0.00505025218115595,0.0028512932981541,0.0028639466352694,1.00284086100155e-05,0.00285107615222094,0.00285099760587514,0.0339706598152157
"img_00398.jpg",0.967206009968269,0.00590510562977989,0.00288349161414168,0.00288404531935804,1.00434002593138e-05,0.00353642954132306,0.00289281487863942,0.0146820596482291
"img_00407.jpg",0.962676477444003,0.020418501616748,0.00289028515275218,0.00288469114764452,1.00287345689441e-05,0.00456233050044555,0.00292969384192043,0.00362799156191761
"img_00417.jpg",0.148295230807837,0.00363125611543412,0.00285430958762495,0.00453436760588106,1.0028371527921e-05,0.00285848088059846,0.00284802868021437,0.834968297950882
"img_00432.jpg",0.32966746851473,0.0192347628582816,0.0771851534157729,0.0238427812710879,0.117845194462818,0.356508885562987,0.00995264753381058,0.0657631063805121
"img_00442.jpg",0.00283892756294137,0.00283914922804507,0.00283874759591957,0.00283874651527555,1.00282869929293e-05,0.00283874652791837,0.0028387514848023,0.982956902798105
"img_00446.jpg",0.949953694333827,0.00440096634354483,0.00294388672065913,0.0048208570878145,1.00363618680387e-05,0.0183514637125329,0.00294613336226873,0.0165729620774849
"img_00469.jpg",0.937865931120386,0.00529665412880645,0.00293952040281473,0.00328924584356058,1.00380632215953e-05,0.0149969290667743,0.00324324599066081,0.0323584353837756
"img_00473.jpg",0.94383406750083,0.00763837599248024,0.00291056065497957,0.00291225402475704,1.00508898917198e-05,0.00307719940555852,0.00290598535640818,0.0367115061750946
"img_00483.jpg",0.939301253715416,0.0144143334773362,0.00288135104066576,0.00288240844333456,1.00287119917303e-05,0.00304833063967871,0.00308246673594787,0.0343798272356295
"img_00484.jpg",0.175330684422589,0.0626496981856738,0.00803199290140212,0.0241310613097195,1.00297206005281e-05,0.00870133924711571,0.00437943963941714,0.716765754573483
"img_00486.jpg",0.942582957029918,0.0230712465134137,0.0183105333549153,0.00612548632193777,1.00841509433238e-05,0.00306049672550704,0.00330724490041478,0.00353195100295015
"img_00487.jpg",0.000937207060342254,0.000937207060342254,0.000937207060342254,0.000937207060342254,0.993439550577604,0.000937207060342254,0.000937207060342254,0.000937207060342254
"img_00493.jpg",0.0017038168358648,0.000950023284945207,0.000950023284945207,0.000950023284945207,0.991968313569529,0.00157775316988056,0.000950023284945207,0.000950023284945207
"img_00518.jpg",0.824448513429373,0.0152183099783719,0.00339880488691806,0.00351789619177302,1.02286377357879e-05,0.00310422839685164,0.00314564986360721,0.14715636861537
"img_00533.jpg",0.296361023069022,0.0144557208137592,0.00303039251263816,0.00301461010383188,1.00319033680667e-05,0.0120856725727411,0.00613842513035075,0.664904123894289
"img_00538.jpg",0.855713684722568,0.0560102127836637,0.00300568954510792,0.00329026613533387,1.00292757571935e-05,0.0161606848399064,0.0031355119956689,0.0626739207019944
"img_00543.jpg",0.982915453586769,0.00285216091481424,0.00284378209933979,0.00284380074542894,1.0028337196402e-05,0.00284379701690499,0.00284378242315827,0.00284719487638827
"img_00550.jpg",0.0310693395530366,0.00205995107059946,0.00277015828511358,0.000879781117145158,9.89023762195525e-07,0.961429926609923,0.000321058838136378,0.00146879550228329
"img_00551.jpg",0.888138795318257,0.00564608503082741,0.00307221408924787,0.00378792729114231,1.0031439386067e-05,0.0769666005900271,0.00437692898727461,0.0180014172538377
"img_00564.jpg",0.00103602507440044,0.000949451808892978,0.00109397182288664,0.000949451808892978,0.992399430795403,0.00167276507173808,0.000949451808892978,0.000949451808892978
"img_00575.jpg",0.78715800389221,0.009503588298671,0.00300531324432297,0.00293924758746834,1.00561090399407e-05,0.0111826493072142,0.00609268455010544,0.180108457010968
"img_00582.jpg",0.917745336876183,0.044224204306638,0.00573650571665521,0.00311477508706844,1.05004159116411e-05,0.0189004772766998,0.00345341599261842,0.00681478432822573
"img_00584.jpg",0.953836222323597,0.00301699569093971,0.00769296116049722,0.003015989307741,1.03934309546536e-05,0.0237869731133379,0.00304578143673897,0.00559468353619374
"img_00587.jpg",0.0547128562720963,0.0078011328522622,0.00406502881700329,0.00293650660162088,1.00425769649648e-05,0.0272104673287254,0.012304624052779,0.890959341498548
"img_00590.jpg",0.1076487799585,0.0517274865817828,0.00716554185885587,0.0029832219470878,1.00391623535979e-05,0.00819972843751317,0.014118922243808,0.808146279810098
"img_00591.jpg",0.0365038210181516,0.00321561371026003,0.00289888761488656,0.00289829788809753,1.00288701638901e-05,0.0167099534264714,0.00289719557282351,0.934866201899145
"img_00598.jpg",0.936438687936974,0.0162411532472041,0.0037534592180243,0.0123075749917921,1.00567007263388e-05,0.017145301866434,0.00403913230828239,0.0100646337305631
"img_00599.jpg",0.678736441439557,0.0213600206944171,0.00993399664917793,0.00301580896053402,1.00843656021194e-05,0.00553959920713945,0.0953630898250648,0.186040958858508
"img_00612.jpg",0.898288786131769,0.00873700448204176,0.00381977883349406,0.00298019087295415,1.0094084019917e-05,0.0701705987854119,0.00941609312672195,0.00657745368358767
"img_00618.jpg",0.924831709508226,0.00944391956038781,0.00944391956038781,0.00944391956038781,0.0185047731294471,0.00944391956038781,0.00944391956038781,0.00944391956038781
"img_00620.jpg",0.888359164218996,0.00833112460557992,0.0409747763000161,0.00352642726987092,1.00295978620696e-05,0.0206398784927779,0.0042105581633327,0.0339480413515641
"img_00642.jpg",0.000984932732003884,0.000664640988576528,0.000289190648311942,0.997088278318464,9.9996803526424e-07,0.000289817795614778,0.000288673563447239,0.000393465985546063
"img_00646.jpg",0.00766872330076864,0.00338207712668491,0.00311530153064085,0.0028584003886961,1.00284836275903e-05,0.00307922593687382,0.00354009701307423,0.976346146219634
"img_00648.jpg",0.9828545613703,0.00288601085674837,0.00284897700274304,0.00284900788096793,1.0034926052874e-05,0.00284900711021334,0.0028489766233489,0.0028534242296252
"img_00650.jpg",0.0128494008595076,0.000928603628977165,0.000501074194116617,0.000520474053256349,9.88332381687156e-07,0.979608047056362,0.00422690009254424,0.00136451178285427
"img_00654.jpg",0.712919655079926,0.0292310569987004,0.0510735968641471,0.015862873482089,0.0871617872151868,0.0298963658948624,0.0263620931769665,0.0474925712881217
"img_00664.jpg",0.956183570701492,0.0168082861589753,0.00291630076599914,0.00291418163580881,1.00290416647032e-05,0.00506545442192299,0.00388017428534255,0.0122220029887948
"img_00667.jpg",0.000949735621542831,0.000949735621542831,0.000972329759821805,0.000949735621542831,0.992628928474472,0.000949735621542831,0.000949735621542831,0.00165006365799254
"img_00676.jpg",0.00095232621739336,0.000990574889615168,0.00117585705383616,0.00095232621739336,0.988198861349615,0.00116770721563376,0.0012892174187703,0.00527312963774282
"img_00697.jpg",0.00284350179701442,0.00291165451796252,0.00284343648820029,0.00284337513421393,1.00283331916442e-05,0.00284337546284208,0.00284339587460559,0.98286123239197
"img_00708.jpg",0.686214884753561,0.016559819180663,0.01085703121773,0.00633241782780535,1.00844295359254e-05,0.202125712102226,0.0458082979255834,0.0320917525628952
"img_00716.jpg",0.00490245325675497,0.00690542232998787,0.00179853468293002,0.00032851199531104,9.8170664978103e-07,0.975723646465913,0.00126226994194871,0.0090781796205043
"img_00717.jpg",0.653727558089802,0.199480004032318,0.00313893706979088,0.00637941675865908,1.00296389149494e-05,0.12300467620455,0.00946479881172593,0.00479457939423975
"img_00718.jpg",0.976930968688144,0.00315257228089378,0.00287045398150775,0.00293742106629932,1.00286038451639e-05,0.00690772790834107,0.00287063716496899,0.00432019030600036
"img_00723.jpg",0.00882590065126203,0.000933977793113765,0.000933977793113765,0.000933977793113765,0.985570232590055,0.000933977793113765,0.000933977793113765,0.000933977793113765
"img_00724.jpg",0.0482736990931781,0.00384456882104098,0.00498944506114525,0.00331182054681648,1.01636088810333e-05,0.0205458719214659,0.315885119744933,0.603139311202539
"img_00726.jpg",0.945685195075959,0.0391389321751704,0.0028477503693369,0.00284488015024193,1.00283364209953e-05,0.00323947090735226,0.00329213338211709,0.00294160960340146
"img_00729.jpg",0.857292607853619,0.094118284868292,0.00316028213383187,0.00312726889445357,1.08763162779783e-05,0.00792286312696095,0.00381788704581574,0.030549929760749
"img_00730.jpg",0.0135392226922684,0.00559064380339844,0.00320390666319615,0.00291878702311394,1.00290875642501e-05,0.00384884102288959,0.00616324671214146,0.964725322995428
"img_00757.jpg",0.955038652470204,0.00336426629035217,0.00813143719466715,0.00714799349501541,1.00314755155484e-05,0.0169639228454312,0.0029293918471927,0.0064143043816219
"img_00760.jpg",0.00504220534168771,0.000468987981613803,0.000429881353954004,0.992969674856174,9.96483918644824e-07,0.000307842130764209,0.00029287136671606,0.000487540485171341
"img_00763.jpg",0.000946181474976341,0.000946181474976341,0.000946181474976341,0.000946181474976341,0.993097011810117,0.000946181474976341,0.000946181474976341,0.0012258993400252
"img_00764.jpg",0.00382889139172685,0.00536213864402408,0.00596417435203699,0.0028603235994031,1.00285009615036e-05,0.00286541340196064,0.00286019076401679,0.97624883934587
"img_00765.jpg",0.0512440501344565,0.371413217525676,0.00328214399428717,0.0199085065760516,1.00306422645292e-05,0.187770424815293,0.012627249488291,0.353744376823681
"img_00772.jpg",0.0441812587003097,0.0142342750728514,0.488226607897647,0.0029012355567537,1.00291741765238e-05,0.11404182605259,0.00377431469763908,0.332630452848032
"img_00773.jpg",0.912170289885081,0.00968084879023737,0.025754029832593,0.0107399453284094,0.00968084879023737,0.0126123397929671,0.00968084879023737,0.00968084879023737
"img_00777.jpg",0.726727518999332,0.0162824745144376,0.00390630336645525,0.00295785026232291,1.00953603513968e-05,0.241393218012208,0.0056872971869957,0.00303524229789709
"img_00780.jpg",0.00369973426867638,0.00292126015181233,0.00476878163299731,0.00287837125146136,1.00286830938969e-05,0.0257129240227387,0.00437207499355295,0.955636824995667
"img_00798.jpg",0.912310809637724,0.0359230636820152,0.00556789231769811,0.0289045269273129,1.01224108894031e-05,0.00667683763788365,0.00398906819411887,0.0066176791923578
"img_00808.jpg",0.917077817913824,0.0509635595426621,0.002905492699684,0.00293048034196483,1.00288152921556e-05,0.00425451419218699,0.00289194556410935,0.0189661609302764
"img_00816.jpg",0.947365840748924,0.00319053147178781,0.00290913412341593,0.00290329836310029,1.00474855250762e-05,0.00394705222938546,0.00437076950124421,0.0353033260766174
"img_00828.jpg",0.000943016545079258,0.000943016545079258,0.000990802922946392,0.000943016545079258,0.993351097806578,0.000943016545079258,0.000943016545079258,0.000943016545079258
"img_00833.jpg",0.704665779102832,0.0117155395198764,0.00865783972731043,0.0045629545759312,1.00869414680489e-05,0.14471493008161,0.0470551091040628,0.0786177609469092
"img_00837.jpg",0.856396328841859,0.0801604389225326,0.00463186507909804,0.00343472294338345,1.00703491636666e-05,0.0457586842677961,0.00299358589553634,0.00661430370063114
"img_00855.jpg",0.902828317385876,0.0126386878363365,0.00643930949385305,0.00298888533282489,1.00872407927148e-05,0.046261974294546,0.0057082374330083,0.0231245009827627
"img_00857.jpg",0.979022069582802,0.00539628111145371,0.002894360140223,0.00289383943022614,1.00473015311223e-05,0.0029655685507245,0.0029922168374589,0.0038256170455804
"img_00858.jpg",0.968609558666016,0.00397290586390696,0.0029124252579898,0.00291067877597448,1.00353280779455e-05,0.00542397965544856,0.00354317692232184,0.0126172395302643
"img_00865.jpg",0.931892244608347,0.0464092659461157,0.00316187462928452,0.00289078521729554,1.00288042628872e-05,0.00688266006569706,0.00324719804866801,0.00550594268032908
"img_00876.jpg",0.000950169026938995,0.000950169026938995,0.00100508243795715,0.000950169026938995,0.99025336427108,0.00140586938601412,0.0011951005144534,0.00329007630967791
"img_00889.jpg",0.00956090727112374,0.00956090727112374,0.183319474245042,0.00956090727112374,0.00956090727112374,0.00956090727112374,0.00956090727112374,0.759315082128216
"img_00894.jpg",0.588269633158606,0.0133649163691661,0.0145602095160316,0.0199810239906161,0.290465644770444,0.012062577704569,0.0100198855599369,0.0512761089306311
"img_00902.jpg",0.00350908822016019,0.0033798580228999,0.00296601712614088,0.00290553588230216,1.00367549235117e-05,0.00452012823321333,0.979620182998133,0.00308915276222744
"img_00914.jpg",0.00283820837257876,0.00283924937084121,0.00283819293220843,0.00283819286925537,1.00282813218263e-05,0.00283819288373146,0.00283819287242662,0.982959742417636
"img_00921.jpg",0.892937009804965,0.00312508072029924,0.00410036803400748,0.00297042922422301,1.00909070391656e-05,0.0473565105707455,0.0181959894389588,0.031304521299762
"img_00927.jpg",0.0942593826577368,0.0298131708958692,0.00577975538232751,0.00320273685928364,1.00413953029497e-05,0.0101861057813991,0.0197194436421802,0.837029363385901
"img_00943.jpg",0.954763666759082,0.0229654064645461,0.00286780046716039,0.00290274478074302,1.00285770880693e-05,0.00288602217606137,0.00359869598083684,0.0100056347944821
"img_00948.jpg",0.497808740684129,0.0112468560556511,0.0166087776796503,0.00992122506359673,0.356983405228706,0.0397064799288424,0.0140232910480515,0.0537012243113727
"img_00950.jpg",0.000937207060342254,0.000937207060342254,0.000937207060342254,0.000937207060342254,0.993439550577604,0.000937207060342254,0.000937207060342254,0.000937207060342254
"img_00959.jpg",0.961545570188003,0.00298076024060631,0.00284853052389958,0.00284836845782614,1.0045892394492e-05,0.00853431451870602,0.00289989133869576,0.018332518839869
"img_00962.jpg",0.0702278001922013,0.00334566867742279,0.00434499700725598,0.00285353244188407,1.00284358576049e-05,0.00299883764834834,0.00336335141037798,0.912855784186652
"img_00964.jpg",0.00288923503311575,0.0108458951062067,0.964167641590456,0.00288923429154206,1.00287917059836e-05,0.00288923487653671,0.00346786797017396,0.0128408623402625
"img_00966.jpg",0.777971295099841,0.00971342103328463,0.00971342103328463,0.00986293882145423,0.123877013229411,0.00971342103328463,0.00971342103328463,0.049435068716155
"img_00974.jpg",0.898947491828804,0.00826704216251957,0.00336588047169829,0.00292650584153019,1.00290253852596e-05,0.0701882187147099,0.00292416233872264,0.0133706696166307
"img_00979.jpg",0.00521683302781689,0.00306197930435581,0.0125807479808049,0.00288938921217126,1.00287931591723e-05,0.0043933245099178,0.00292912507587613,0.968918572095898
"img_00982.jpg",0.68827246527506,0.182958386759901,0.010574332048955,0.00499699504603648,1.04302900374346e-05,0.0158336178763458,0.0081764942056149,0.0891772784980494
"img_00985.jpg",0.682905414983831,0.0312361091808414,0.00409747383563326,0.00451087913577628,1.00537823959018e-05,0.0838794647354475,0.0131299022553284,0.180230702090747
"img_00999.jpg",0.711654046944221,0.0180221104805453,0.00324084763504543,0.00293840075590103,1.00292320293471e-05,0.00781988291877092,0.0289642703477135,0.227350411685774
"img_01022.jpg",0.960528336600309,0.00353915005850274,0.00315758423757918,0.0042796206718364,1.01479585960487e-05,0.022289492389016,0.00296380486390169,0.00323186322025845
"img_01031.jpg",0.837460149886726,0.00330602858543898,0.00465633143931687,0.00302077006827266,1.00667243772568e-05,0.144473489055799,0.00401657858186512,0.00305658565820326
"img_01035.jpg",0.742096745203372,0.00570508043203568,0.00546801938030541,0.00300640682714555,1.00596402472799e-05,0.23449574488925,0.00624723307744771,0.0029707105501964
"img_01043.jpg",0.000937857360433812,0.000937857360433812,0.000937857360433812,0.000937857360433812,0.993434998476963,0.000937857360433812,0.000937857360433812,0.000937857360433812
"img_01058.jpg",0.953525743421932,0.00319424593669696,0.00315041669607578,0.00314672560848825,1.07225128998342e-05,0.00314876797382563,0.00314692489907915,0.0306764529510028
"img_01059.jpg",0.0490467969054995,0.0139141317037911,0.00294799504446104,0.00294778662806887,1.00339369748094e-05,0.0317211216813704,0.00854306885333734,0.890869065246497
"img_01090.jpg",0.000950092512912571,0.00247451628951728,0.00120073359820234,0.000950092512912571,0.990413822311615,0.00097305864164995,0.00177688797498828,0.0012607961582024
"img_01102.jpg",0.180972479731401,0.681893916890209,0.003481107046552,0.0295417660705314,1.00363902375874e-05,0.00293883376635673,0.00293730922996383,0.0982245508747488
"img_01103.jpg",0.0194643282686983,0.0408763378002059,0.00382683445396569,0.00298737019326684,1.00291800298707e-05,0.00374253493492085,0.00335525171212218,0.92573731345679
"img_01116.jpg",0.831880514319762,0.0868750103409511,0.00401173334335504,0.00402119942548805,1.00290515558901e-05,0.0245188260398083,0.00295103579187089,0.0457316516872083
"img_01134.jpg",0.934888622478463,0.00302264046356501,0.00431487594012523,0.00415474158115883,1.0029225701086e-05,0.0172564561879983,0.00297194852158154,0.0333806856014069
"img_01142.jpg",0.909642735290013,0.00968634672847635,0.0108108211925495,0.00968634672847635,0.023348490010013,0.0174525665935186,0.00968634672847635,0.00968634672847635
"img_01168.jpg",0.00303380517055318,0.00624131800110361,0.00164772454571949,0.00273902105100306,0.00235530037835333,0.978593710403192,0.0033561300215534,0.00203299042852246
"img_01171.jpg",0.000947622982263912,0.000947622982263912,0.000947622982263912,0.000947622982263912,0.992691442174954,0.000947622982263912,0.000947622982263912,0.00162281993146279
"img_01177.jpg",0.903970468389232,0.00975017469928923,0.0216925504633607,0.0116519460825331,0.0192997671986221,0.0130272389583965,0.0103553439095621,0.0102525102990039
"img_01179.jpg",0.975963558814278,0.00293301451645224,0.00291602790094729,0.00341909103913042,1.00612240282313e-05,0.00892218321708557,0.00291540541668732,0.00292065787139115
"img_01188.jpg",0.102164589289879,0.359900612988162,0.0036005681849354,0.0117762313202242,1.00425104374963e-05,0.2959924141367,0.00864761834678765,0.217907923222875
"img_01198.jpg",0.00120689805873124,0.00132336268995339,0.00154045480652335,0.000936710446664766,0.974295142037945,0.000981562934420696,0.0183042137927294,0.00141165523303221
"img_01204.jpg",0.000948118513394132,0.000948118513394132,0.000948118513394132,0.000948118513394132,0.992564407043042,0.000948118513394132,0.000948118513394132,0.00174688187659278
"img_01208.jpg",0.000937207060342254,0.000937207060342254,0.000937207060342254,0.000937207060342254,0.993439550577604,0.000937207060342254,0.000937207060342254,0.000937207060342254
"img_01211.jpg",0.977098042820691,0.00858232254120582,0.00284851387030465,0.00290897008564749,1.00283837131177e-05,0.00284860959419653,0.00284840962007635,0.00285510308416487
"img_01213.jpg",0.881996202808624,0.0605366610016574,0.003318885259809,0.00899399979404876,1.00411898665724e-05,0.0160675798241803,0.00295602583873328,0.0261206042830804
"img_01222.jpg",0.764506620942649,0.0939056660611135,0.00340272124390473,0.019062666740923,1.00296663664123e-05,0.0137468982023108,0.00799652590348276,0.0973688712392501
"img_01224.jpg",0.0126019116458518,0.00776129856822006,0.145659674588208,0.00292360342604491,1.00291403640023e-05,0.00414061271999689,0.00332505277180781,0.823577817139506
"img_01237.jpg",0.00223512655509495,0.000945167969250857,0.000945167969250857,0.000945167969250857,0.988623468696906,0.000961005422323242,0.000983984726775145,0.00436091069114774
"img_01249.jpg",0.00257475532193698,0.00132352991669098,0.0017330692853833,0.000991367672466206,0.990512021349815,0.000955085484569035,0.000955085484569035,0.000955085484569035
"img_01253.jpg",0.00283819404019388,0.00283820524827922,0.00283819376778471,0.00283819288134386,1.00282813589631e-05,0.00283819292754613,0.00283819291924589,0.982960799934247
"img_01286.jpg",0.0674974959969047,0.00637669271363307,0.00303116542210933,0.00303117324069455,1.03218530941048e-05,0.00616862244249493,0.00303116604489728,0.910853362286172
"img_01289.jpg",0.0519967027595947,0.0329714192775018,0.00297573402705231,0.00347652211387781,1.00295134740297e-05,0.0269692300781175,0.00927881222950436,0.872321550000878
"img_01325.jpg",0.00120532813650082,0.00298529003840594,0.0012157105476597,0.000952303803915403,0.989585709630291,0.00098345078394752,0.00166968697886598,0.00140252008041365
"img_01328.jpg",0.931615216057768,0.0469834551983779,0.0028965332308011,0.00441224407259245,1.00288320657699e-05,0.00557056322661866,0.00289331787046894,0.00561864151130712
"img_01366.jpg",0.0342074606545343,0.000550545066742966,0.00119191450827448,0.000855350001795732,9.66787115440012e-07,0.961557680827016,0.000338639164456614,0.00129744299006433
"img_01371.jpg",0.965634667580911,0.0046579276178858,0.00449808822456833,0.00298062578432722,1.02390559176312e-05,0.00399517989847959,0.00351530623043512,0.0147079656074751
"img_01373.jpg",0.00145857113422924,0.000956802771522269,0.00267102453673712,0.000956802771522269,0.990569204884261,0.00147398835868395,0.000956802771522269,0.000956802771522269
"img_01377.jpg",0.00215887747664493,0.000944518377906068,0.00105181571963009,0.000944518377906068,0.992066714914195,0.000944518377906068,0.000944518377906068,0.000944518377906068
"img_01379.jpg",0.889616841601441,0.0131273619854135,0.0202703867753624,0.00300146948832338,1.00290139093594e-05,0.0450845860561251,0.00293957237746068,0.0259497527019647
"img_01384.jpg",0.0274508338471382,0.00148739044068274,0.00221067408710029,0.000560392735786013,9.92205721596984e-07,0.966492164673748,0.000303043320435314,0.00149450868938815
"img_01388.jpg",0.931290611854481,0.0455904030137122,0.00292587193794141,0.00292586954537461,1.0034806449554e-05,0.0061303389867186,0.00292937248488842,0.00819749737043432
"img_01392.jpg",0.002917764527574,0.0133002514692985,0.925386034668257,0.00289436848524845,1.00288466093944e-05,0.00289625702717313,0.00356975352243001,0.0490255414534092
"img_01399.jpg",0.00320060711735749,0.850599973652191,0.00382907220510277,0.00287443148677466,1.00286760530115e-05,0.00343909760474243,0.00289123285389299,0.133155556403886
"img_01404.jpg",0.973625073873215,0.00578518055512214,0.00291469973338302,0.00539199478355929,1.00434435569818e-05,0.00639612807875626,0.0029145491942368,0.00296233033817087
"img_01405.jpg",0.925452174961921,0.00701383267194508,0.0031201605207102,0.0036095552910244,1.00791701184762e-05,0.0549378000312294,0.00291805387533896,0.0029383434777124
"img_01413.jpg",0.979518270259757,0.0032423364420816,0.00294089238409512,0.00294088852841021,1.01355808623734e-05,0.00540458322640757,0.00294089717432316,0.00300199640406314
"img_01426.jpg",0.183417867211877,0.303813136314869,0.00344706099500439,0.00293392294844438,1.00290622424019e-05,0.0468913048648488,0.368286466738536,0.0912002118641782
"img_01431.jpg",0.00322988936851958,0.000468076814208008,0.000491588793358843,0.994637702225297,9.99268511416172e-07,0.000291239763351516,0.000291239695362009,0.000589264071391599
"img_01441.jpg",0.00287064949122369,0.00284850560087222,0.00284765743496003,0.00284620766873257,1.00283615865731e-05,0.00284620761156471,0.00284640095800907,0.982884342873051
"img_01444.jpg",0.189618222961883,0.00363232886508562,0.00297835718714689,0.00291848193183191,1.00290758794339e-05,0.00989361124617552,0.0042001998754016,0.786748768856596
"img_01490.jpg",0.00356306220947592,0.00291172161199476,0.0162073788124813,0.00286592349145208,1.00285588924612e-05,0.00316977234218139,0.00286638645229013,0.968405726521232
"img_01495.jpg",0.744587283730718,0.0150249303801773,0.00331227849532608,0.00323836844058786,1.00291476172745e-05,0.0105268227606485,0.00302460409996131,0.220275682944964
"img_01505.jpg",0.00094626184824689,0.00094626184824689,0.00094626184824689,0.00094626184824689,0.992964162987471,0.00094626184824689,0.00094626184824689,0.00135826592304736
"img_01511.jpg",0.937723935591202,0.00928647919941023,0.0335975807929035,0.00290352500602003,1.00321191585464e-05,0.00588306017844889,0.00290342503574044,0.00769196207711623
"img_01519.jpg",0.424473583673141,0.0255615715903727,0.00465259403930251,0.00429767899848522,1.00430492366988e-05,0.235753567050249,0.0351301056587164,0.270120855940497
"img_01530.jpg",0.952258457228707,0.0189997745134716,0.00300205254365758,0.00311183368676328,1.01924054109022e-05,0.0041024414032424,0.00319232674007533,0.0153229214786717
"img_01537.jpg",0.896037017877459,0.00523863014274711,0.0117557178635473,0.00293499849344272,1.0067392428658e-05,0.046915326850311,0.00472731970370172,0.0323809216763623
"img_01538.jpg",0.936671921557537,0.017850788685427,0.00344636742442021,0.00289855940152396,1.00288844451015e-05,0.0306045701702161,0.0029429324830278,0.00557483139340291
"img_01541.jpg",0.000941062414606501,0.000941062414606501,0.000941062414606501,0.000941062414606501,0.993412563097754,0.000941062414606501,0.000941062414606501,0.000941062414606501
"img_01543.jpg",0.978214263685075,0.00288922778562265,0.00286321681211822,0.00286317689554854,1.00590170116594e-05,0.00290259278195146,0.00286316334137843,0.00739429968129381
"img_01548.jpg",0.967237259932597,0.00292608114866869,0.00293360286118296,0.00292474182542662,1.0106985407835e-05,0.0143261388902031,0.00316276817847542,0.00647930017803813
"img_01552.jpg",0.982314059993577,0.00299485103643428,0.00285961672698025,0.00285936207838122,1.00284931984245e-05,0.00323976708273429,0.00285938053924534,0.00286293404944949
"img_01561.jpg",0.000944272927635731,0.000944272927635731,0.000944272927635731,0.000944272927635731,0.993357827313032,0.000976535121154005,0.000944272927635731,0.000944272927635731
"img_01562.jpg",0.711415552261403,0.0089581587642765,0.00344406329363166,0.00301039179328717,1.00544944141064e-05,0.0175856822699903,0.0580347212997769,0.19754137582322
"img_01571.jpg",0.970984541630081,0.0106643671380583,0.00288207928378645,0.00288132812401804,1.00287125218312e-05,0.00289040183437661,0.00383903036825675,0.00584822290890104
"img_01593.jpg",0.572823467951394,0.205513354772907,0.00642486168453067,0.00306582569199839,1.00349169131463e-05,0.0306449109769705,0.0160627534710086,0.165454790534277
"img_01595.jpg",0.00237486580611449,0.000939329837390491,0.000939329837390491,0.000939329837390491,0.991989155169543,0.000939329837390491,0.000939329837390491,0.000939329837390491
"img_01616.jpg",0.950491221039968,0.0260133324764882,0.00292958803623622,0.00292521866699793,1.00758901952839e-05,0.00466115558360293,0.00301088051827833,0.00995852778823349
"img_01618.jpg",0.946005275509049,0.00398130552355942,0.00295512820253833,0.00312772505231425,1.00311226303545e-05,0.0353297891113281,0.00318538110339087,0.00540536437519005
"img_01627.jpg",0.919323840513683,0.0412323482539552,0.00293432587254842,0.00342341753376404,1.00290606522997e-05,0.0231058160730146,0.00312766473464175,0.00684255795774028
"img_01632.jpg",0.919650941055786,0.00948927147163733,0.00948927147163733,0.00948927147163733,0.0234134301143896,0.00948927147163733,0.00948927147163733,0.00948927147163733
"img_01633.jpg",0.853100778808254,0.00467375289494002,0.00377011330478494,0.00390180739871969,1.00767865634868e-05,0.108727876496759,0.00965379574469343,0.0161617985652853
"img_01640.jpg",0.98288455322899,0.00286521116751307,0.00284675993247996,0.00284677497360276,1.0039784397159e-05,0.00284692140822284,0.00284675923681708,0.0028529802679774
"img_01646.jpg",0.962397354018512,0.0156594455187981,0.00290018201695153,0.0029001566674254,1.00289013280378e-05,0.00697616330972366,0.00290030874088789,0.0062563608263736
"img_01647.jpg",0.00203063908907507,0.000939047052838169,0.000939047052838169,0.000939047052838169,0.992335078593896,0.000939047052838169,0.000939047052838169,0.000939047052838169
"img_01649.jpg",0.905376463646503,0.0542512168954954,0.00445829997251663,0.00494626053835588,1.05639306952393e-05,0.0145079881442499,0.0122896018500011,0.00415960502218314
"img_01657.jpg",0.103316837113971,0.00918040239349659,0.437472031968906,0.00288283080152715,1.00287290571594e-05,0.00622349640703779,0.00291129655011287,0.438003076035891
"img_01669.jpg",0.00380136905334669,0.00054509991952589,0.000515275626075519,0.993931664218506,9.99929549410055e-07,0.000291160037611476,0.000346470095472459,0.000567961119912831
"img_01673.jpg",0.67041873697742,0.0106970863043321,0.00984318318133426,0.0102039298152044,0.242195430297171,0.0197254735287369,0.0203709168579828,0.0165452430378184
"img_01681.jpg",0.0733375188034758,0.00889579472085987,0.00290746994232528,0.00289889544029928,1.00541740148644e-05,0.00601749498177077,0.0032514187866042,0.90268135315065
"img_01684.jpg",0.930055111104259,0.0120341259704496,0.0029875882443749,0.00495085277303259,1.00292772194066e-05,0.0156409493490228,0.00293790281448943,0.0313834404671523
"img_01685.jpg",0.158139994419799,0.0298762287836706,0.114998388565046,0.0363909327174461,0.209468665274851,0.374247212768875,0.0109674037830807,0.0659111736872317
"img_01687.jpg",0.629748182886289,0.00387838380913153,0.00381963434191447,0.00294171132732659,1.00293107222138e-05,0.00296437712276915,0.00674088476046698,0.34989679644138
"img_01688.jpg",0.0482571860810683,0.034921143073636,0.00295041739813042,0.00319320681940798,1.0029403773412e-05,0.0247549594950403,0.00742885936664751,0.878484198362296
"img_01689.jpg",0.00396469276742202,0.00408922789241072,0.0113433486370675,0.00290690271642281,1.00289690147268e-05,0.0161946660779216,0.00567632946582529,0.955814803473915
"img_01716.jpg",0.000938770128062917,0.000938770128062917,0.000938770128062917,0.000938770128062917,0.99342860910356,0.000938770128062917,0.000938770128062917,0.000938770128062917
"img_01717.jpg",0.00943273221642512,0.000933275392141661,0.000933275392141661,0.000933275392141661,0.984967615430725,0.000933275392141661,0.000933275392141661,0.000933275392141661
"img_01724.jpg",0.941432759804184,0.0034934063499759,0.00727886482030763,0.00293436275103299,1.00715078473133e-05,0.0100090486012034,0.0033863356708169,0.031455150494632
"img_01745.jpg",0.912521838034006,0.0260016829856562,0.023836937734804,0.00987202151795962,1.01320722624656e-05,0.0193502531932262,0.00354065624933434,0.00486647821275157
"img_01771.jpg",0.935320458838014,0.0270875241098332,0.00314994250632642,0.00753173789389963,1.00294622895195e-05,0.00641203701067806,0.00295628581493382,0.0175319843640252
"img_01773.jpg",0.778433925364194,0.0083906459642805,0.00362223448899164,0.00295852594469101,1.00310363602689e-05,0.00536108299571436,0.0186209021855225,0.182602652020246
"img_01781.jpg",0.00400294404569998,0.00112852048331633,0.00102458101719,0.00095052259287453,0.989975130907295,0.00101725576787461,0.00095052259287453,0.00095052259287453
"img_01782.jpg",0.00151393047167837,0.000937378043693835,0.000937378043693835,0.000937378043693835,0.992861801266159,0.000937378043693835,0.000937378043693835,0.000937378043693835
"img_01802.jpg",0.705119701374265,0.00959119320024824,0.00959119320024824,0.00959119320024824,0.237053432287766,0.00959119320024824,0.00959119320024824,0.00987090033672736
