"image","ALB","BET","DOL","LAG","NoF","OTHER","SHARK","YFT"
"img_00005.jpg",0.00325620732165811,0.00148869061312526,0.00223696113561076,0.000840587192884355,0.986916319455486,0.00164250240924652,0.00155805000451399,0.0020606818674752
"img_00007.jpg",0.0501988218662966,0.0109414344548348,0.00373110792813253,0.00358562095534077,0.00324437090789108,0.00235323257905518,0.0021392946293821,0.923806116679067
"img_00009.jpg",0.817309113881091,0.0838814586610416,0.00565097611915422,0.00240051284516608,0.0148300163288033,0.0700599164482943,0.0020829426674254,0.00378506304902438
"img_00018.jpg",0.717908873790386,0.070561262843117,0.00215030210923532,0.00742477055544459,0.00270611722435844,0.191145663486093,0.00211646138549583,0.00598654860587063
"img_00027.jpg",0.253551756286747,0.0338411786517301,0.00881088389210352,0.00263763527400635,0.0079562657337127,0.119958552263926,0.0100030656007669,0.563240662297007
"img_00030.jpg",0.0162388380586193,0.00197807901900708,0.00103025213780934,0.00463261098177666,0.97036811293061,0.00383599771648585,0.000727514995870097,0.00118859415982156
"img_00040.jpg",0.122663436441125,0.00664824108868856,0.00351157938494848,0.00215384081719142,0.00618132491589691,0.00662043382401618,0.819385983731673,0.0328351597964602
"img_00046.jpg",0.562752588374765,0.0097248869315265,0.012074351699627,0.00691359781619816,0.371583072889122,0.0124659842849666,0.01002085575887,0.0144646622449251
"img_00053.jpg",0.908534556444352,0.020952365549204,0.0154177301998861,0.00284639456660673,0.01440108829233,0.0273072748612505,0.0033381345927705,0.00720245549360063
"img_00071.jpg",0.000460946543962485,0.000217951359417582,0.000201060283519011,0.998290605343502,0.000213338642998291,0.000200867501343961,0.000199424856304025,0.000215805468952266
"img_00075.jpg",0.876512164258075,0.0298205361224596,0.0026304472672283,0.00235515557190914,0.0136914150260827,0.0697950292653884,0.00207756352479715,0.00311768896405947
"img_00102.jpg",0.338435631193203,0.0119408479076157,0.00278302076764206,0.00327161971022874,0.00815148054583018,0.0452020492166989,0.0115521369303075,0.578663213728474
"img_00103.jpg",0.804743417056813,0.0767895839885665,0.0726290457418082,0.00289841871336823,0.00241231610347694,0.0141264261460297,0.00213606580172115,0.0242647264482157
"img_00109.jpg",0.966557065387396,0.0091892321224354,0.00220638556424324,0.00216479950335899,0.00216008357263114,0.00990988550628518,0.00244761865006296,0.00536492969358758
"img_00119.jpg",0.000758626109227199,0.000677450893102548,0.00092198590276763,0.000677565758508764,0.990677627714435,0.000920727572576016,0.000937842867155568,0.0044281731822269
"img_00120.jpg",0.735119387739438,0.0137700349816261,0.00220067722680662,0.00215858053294753,0.00245983672751284,0.0110306153086977,0.0349422227233689,0.198318644759602
"img_00125.jpg",0.830733740921904,0.00638237166884921,0.00621005932329971,0.00395884434354086,0.00326679098312923,0.0191308376280531,0.00425134367197032,0.126066011459254
"img_00128.jpg",0.00650793809932888,0.0405704417553418,0.271200038142765,0.00220155266443532,0.00372834113826518,0.00348661769197033,0.00247411051766667,0.669830959990226
"img_00129.jpg",0.154322114026292,0.00634302946465062,0.00285833062728638,0.00211262822903848,0.00769762328688048,0.00739805386866947,0.777982199824585,0.041286020672597
"img_00133.jpg",0.0100659801093774,0.00218617748280612,0.00149705543018441,0.00111372583341111,0.979219964089413,0.00319253340356278,0.000754117567622387,0.00197044608362248
"img_00138.jpg",0.755095929147833,0.225873701736753,0.00347406946576533,0.00353737131523293,0.00321458815649303,0.00298805451080796,0.00254076150699053,0.00327552416012474
"img_00141.jpg",0.002459286104059,0.00690135192488431,0.00703103465285247,0.00206002482701068,0.00239399454289499,0.00208204652790893,0.00216046517036737,0.974911796250022
"img_00152.jpg",0.0180475511992807,0.0212144658163345,0.00386073005624917,0.0023105143904667,0.00675690360780754,0.0120462979337227,0.00445740377606737,0.931306133220071
"img_00161.jpg",0.00201277007840768,0.00204665891148701,0.00199110519624615,0.00198514893340915,0.00199615374845856,0.00198362187241026,0.00198750227444415,0.985997038985137
"img_00164.jpg",0.00113234120166969,0.000711199149361246,0.00068942046742469,0.000679515930785813,0.994132984276469,0.000718834580762519,0.000769203464230563,0.00116650092929604
"img_00170.jpg",0.0090286125300107,0.00120924188811313,0.000265043766833523,0.961065147241763,0.000246473869819805,0.000960480765261579,0.000321909768740406,0.0269030901694577
"img_00171.jpg",0.571564440740039,0.0138854121770142,0.0606170026956102,0.017069105623717,0.0183193707758454,0.30366429024214,0.00608141569372427,0.00879896205190968
"img_00172.jpg",0.00814146556080494,0.0100892603580783,0.0025223521002149,0.000873271775391059,0.968142401114568,0.00728009955059234,0.000764702319028865,0.00218644722132129
"img_00175.jpg",0.0471662967027392,0.000621961721293951,0.000911941676841397,0.000635695602599605,0.00209287674930445,0.947312745097702,0.000279836163483986,0.000978646286035302
"img_00180.jpg",0.00478078760539033,0.00255028088738225,0.00242576198520597,0.00205438161514596,0.00209182218959749,0.00246335392141654,0.00259799652688632,0.981035615268975
"img_00196.jpg",0.0019201549894815,0.000975272606128433,0.000790076709287164,0.00068422799685379,0.993231709640642,0.000763885627592859,0.00070814526717313,0.000926527162841555
"img_00212.jpg",0.381354901596677,0.00609231993475884,0.00229806310124751,0.0179157381695208,0.00230809802099261,0.00256970478890419,0.00226320366675361,0.585197970721146
"img_00223.jpg",0.848092360234324,0.0205501059905355,0.0670249502758336,0.00599114845785929,0.00359122161172251,0.0256329302201454,0.00515833585542619,0.0239589473541539
"img_00230.jpg",0.769407536399323,0.133813688358084,0.00233976467826741,0.00224581326380081,0.00394681759268971,0.0607919762283043,0.00227986056389845,0.0251745429156317
"img_00232.jpg",0.00398291952522118,0.00252146427628297,0.00206014601258337,0.00214795963538637,0.00479301842297197,0.00369188796004061,0.976855148085534,0.00394745608197912
"img_00244.jpg",0.79538064278042,0.0620507278412142,0.00236040443214218,0.00424366547836705,0.00382348756068747,0.0527690842998103,0.00279203869799563,0.0765799489093627
"img_00272.jpg",0.865726007619267,0.0184986896242919,0.0604598003354694,0.0120069012430699,0.00721372634045205,0.0144566070438853,0.00213161414376468,0.0195066536497994
"img_00280.jpg",0.951522148401308,0.00520306881891088,0.00227132065086598,0.00212593835756915,0.0198328998778626,0.00412288721735089,0.00270720924295764,0.0122145274331751
"img_00282.jpg",0.594464936876264,0.0126706871197112,0.00953394899389547,0.0217197789557658,0.0108465506464015,0.32803060587998,0.00400101960094155,0.0187324719270409
"img_00285.jpg",0.507726308341223,0.0141460080728716,0.00339232015720769,0.00238320910368481,0.00526620361328604,0.00871041792388773,0.0147084436335149,0.443667089154324
"img_00289.jpg",0.902929944459463,0.0166998146960981,0.0085189822300438,0.00235552995509951,0.0389611777064071,0.00400093396021922,0.00290069158944653,0.0236329254032227
"img_00292.jpg",0.728883963920662,0.0498438300114539,0.0124712478230006,0.0029911685088318,0.007821747786533,0.0545641680698288,0.0155084200000567,0.127915453879634
"img_00302.jpg",0.178247774519516,0.0062277102642564,0.00247703089524377,0.00210470651643757,0.00999747985779046,0.0070576354301973,0.768917828694744,0.024969833821815
"img_00311.jpg",0.983082692144928,0.00280210767606261,0.0019956027080764,0.00243144178235069,0.00311156007521754,0.00210510492225473,0.00198957270269527,0.00248191798841466
"img_00320.jpg",0.973284498364581,0.00350940377853339,0.00211296451623573,0.00202489797454151,0.00287085327470207,0.00692110998482837,0.00236298778116576,0.00691328432541223
"img_00331.jpg",0.898272637472572,0.0164661765339948,0.00262991389249238,0.00259160431326141,0.00476541111064674,0.0506585860556723,0.00461062785864471,0.0200050427627158
"img_00358.jpg",0.332593244251202,0.0344481274465346,0.00291308528196197,0.00287914378675455,0.00523912047650985,0.0192369048413502,0.0181249931294004,0.584565380786286
"img_00374.jpg",0.720705145229336,0.0305225354064573,0.00286973760850941,0.00312261962902057,0.00250420872788994,0.00657565597110028,0.00265810189577928,0.231041995531908
"img_00375.jpg",0.0160565817758934,0.0172075233227176,0.928407424521213,0.00388707953648592,0.00796560034654382,0.0113097331399004,0.00357805569747796,0.0115880016597682
"img_00376.jpg",0.942160130608605,0.00690541346700316,0.00478919934900829,0.00209020349225395,0.00456784586886662,0.0286723999190829,0.00487923738848076,0.00593556990669964
"img_00380.jpg",0.939503183157386,0.0150058408967382,0.00213095062878738,0.00250536364050626,0.00320901465156809,0.0317698621509023,0.00208064698643038,0.00379513788768094
"img_00383.jpg",0.897952845210046,0.0075644638199176,0.00228847567195035,0.0031744008862554,0.00472033498745395,0.00275784066752572,0.00224240481815242,0.0792992339386986
"img_00398.jpg",0.952444282902416,0.0138195263166231,0.00223713717104922,0.00382731524622706,0.00563933476065552,0.00468504443384783,0.00241503254465411,0.0149323266245276
"img_00407.jpg",0.953118468884822,0.0254480118761691,0.00230685013667508,0.00203634117811385,0.00298505274982953,0.00724458012036013,0.00239041760027903,0.00447027745375123
"img_00417.jpg",0.187261054062655,0.0074701447033438,0.00220728028939496,0.00614312930914904,0.00227089818293446,0.00212348615352847,0.00208829542784907,0.790435711871145
"img_00432.jpg",0.510603798342895,0.0390338425354131,0.0439387430948701,0.0130688773622264,1.06847166972031e-05,0.332613919325082,0.00564717611960649,0.0550829585032087
"img_00442.jpg",0.00202653376616898,0.00204367482068582,0.00199144821585147,0.00198392052006884,0.00199663096688579,0.00198430300446739,0.00199765784268055,0.985975830863191
"img_00446.jpg",0.934631151156589,0.0047126913014833,0.00208971799147082,0.00341170105758656,0.00330857862736185,0.0158551424271792,0.00235390329630487,0.0336371141420245
"img_00469.jpg",0.92035211947354,0.0140267053847916,0.00245148048960148,0.00560926025891904,0.00310313095260164,0.0126509897399135,0.00300370895576728,0.0388026047448651
"img_00473.jpg",0.956040176035587,0.0115988195898628,0.00244912278124966,0.00282912670408447,0.00532221884139317,0.0030385164042532,0.00219631761080348,0.0165257020327663
"img_00483.jpg",0.957240396023199,0.0239600175287719,0.00203646236741476,0.00221873318549876,0.00279824337106525,0.00252150050618474,0.00223241664948998,0.00699223036837554
"img_00484.jpg",0.137511677837551,0.0570370832321123,0.00570175736583058,0.0172956060163186,0.00231441670075401,0.00685172051868046,0.00371777838657037,0.769569959942182
"img_00486.jpg",0.903361976788898,0.0404819092313711,0.0196582871318812,0.00931896277364861,0.00906864005543245,0.00324578275531386,0.00423748468594279,0.0106269565775117
"img_00487.jpg",0.00451753061246339,0.0053846163471578,0.00205387309664482,0.00488559890961728,0.974817398359098,0.000910059912285033,0.00186723723155769,0.00556368553117551
"img_00493.jpg",0.00145608816180399,0.000753279202615288,0.00110965224419578,0.000675416926932412,0.990451893947828,0.00361134831076038,0.00109368921905138,0.000848631986813236
"img_00518.jpg",0.789497912278276,0.0188403843253047,0.00326644413526746,0.00362444100616725,0.0183628378154014,0.00526433655732693,0.00247877204823325,0.158664871834023
"img_00533.jpg",0.424608806509527,0.0123249184016514,0.00255214237743788,0.00338732968186751,0.0122064099972389,0.0164280466078968,0.00541892571943366,0.523073420704947
"img_00538.jpg",0.802724738161386,0.0674445218091526,0.00232786760012603,0.00243363216203526,0.00240470521465387,0.0191375925094571,0.0024363385338219,0.101090604009368
"img_00543.jpg",0.975062149057799,0.00610723922429005,0.00215325748539741,0.00283685368066848,0.00602611443283503,0.00229131335715354,0.00203139495040307,0.00349167781145371
"img_00550.jpg",0.0377623034928022,0.00208118390874014,0.00189221797587278,0.000601524326423991,0.00196473411376592,0.954149452136469,0.000222096191659355,0.00132648785426653
"img_00551.jpg",0.849990170970526,0.0110388561159205,0.00234547436882058,0.00265151288149194,0.00242261195187778,0.0959892003320072,0.00694279981520691,0.0286193735641488
"img_00564.jpg",0.00413694478127175,0.00177599299424993,0.00214461721301465,0.00233788820667846,0.982659552247751,0.00308773037641169,0.0010422442988034,0.00281502988181919
"img_00575.jpg",0.727938864065895,0.0117771793590794,0.00236296143800605,0.00219148201971951,0.00420604283424548,0.0170991539786638,0.00568043947200977,0.228743876832381
"img_00582.jpg",0.909322825084498,0.0166727328633704,0.00412833079543012,0.00247912561176283,0.0342139388477995,0.0220623341497374,0.00236496531473115,0.00875574733267071
"img_00584.jpg",0.907883255369461,0.00261228294556001,0.00913543871640094,0.00216971797258212,0.0367555846050374,0.0290208127283228,0.00319738763476477,0.00922552002787094
"img_00587.jpg",0.0906147777729247,0.0135259785516691,0.00299827640132208,0.00225397040630583,0.00308360837336781,0.0203187091336229,0.00865177887017335,0.858552900490614
"img_00590.jpg",0.0786194459499665,0.0642893237419669,0.00510090999571573,0.00220529299681082,0.00301075037617989,0.00588823559236873,0.00997717901451169,0.83090886233248
"img_00591.jpg",0.0587778295818674,0.00576489880951688,0.00270390671163525,0.00402595200302128,0.00919101169072154,0.0173619660340252,0.00340435351496705,0.898770081654245
"img_00598.jpg",0.942582795866313,0.0184360478733123,0.00263827306955972,0.0086151841343928,0.00415022637753063,0.0129029027152055,0.00283142939290136,0.0078431405707844
"img_00599.jpg",0.78292628426766,0.0165457847537758,0.00698242499673812,0.00230719935671158,0.00628005398724969,0.00401196819777593,0.019839461708691,0.161106822731398
"img_00612.jpg",0.901526714201403,0.00985763545418162,0.00268969344190913,0.00213274763357742,0.00661599755223825,0.0638640427772807,0.0081935770625114,0.00511959187689877
"img_00618.jpg",0.817086283767716,0.050553698699184,0.0279399243434392,0.0163950013518533,1.04972456432754e-05,0.0208502337462952,0.0151791840511411,0.0519851767947278
"img_00620.jpg",0.848838433464417,0.0255946497931044,0.05799651879247,0.00288051932469167,0.0201933921892349,0.0248534612186742,0.00368216674895458,0.0159608584684534
"img_00642.jpg",0.000781596979797291,0.000538899809723692,0.00021046069100594,0.997510883071442,0.000225989471098079,0.000219797250353268,0.000202258586364126,0.000310114140215521
"img_00646.jpg",0.0135132581408363,0.00842158444205908,0.00375685094805696,0.00233156349523748,0.00331463775158302,0.0031496456988002,0.00476398524225947,0.960748474281167
"img_00648.jpg",0.975626865305521,0.00388169369356142,0.00224349799823607,0.00372577048087682,0.0061812708554052,0.00229745138191652,0.00206130972431335,0.00398214056016916
"img_00650.jpg",0.0149605194405762,0.000760490994021851,0.000389100124637001,0.000372025024099649,0.00231737511896524,0.971938246235322,0.00687914331563652,0.00238309974674193
"img_00654.jpg",0.738034472963566,0.0308764796473519,0.0492656056502935,0.00856852395642172,1.04608552205216e-05,0.0706787871076795,0.0175133168527633,0.0850523529667039
"img_00664.jpg",0.95512073615854,0.0156286254310774,0.00207792872107209,0.00205860982804519,0.00230178264821804,0.00459222044528796,0.00272719944998059,0.0154928973177783
"img_00667.jpg",0.000699299590920216,0.000669850932497301,0.000691513744524657,0.000666958434948549,0.99475724621692,0.000684348234356971,0.00066860369449372,0.0011621791513388
"img_00676.jpg",0.000705272460366303,0.000698572183482703,0.000832287614137023,0.000672128192041784,0.991638429350216,0.000832725183566096,0.000911299351926827,0.00370928566426305
"img_00697.jpg",0.00253561178346979,0.00371823847424578,0.00292445037703741,0.0021137891840692,0.00366744007623473,0.00208020351213184,0.00288709131799607,0.980073175274815
"img_00708.jpg",0.752389347372868,0.0356507965944387,0.00452022128352589,0.00569353337399357,0.00684919305146361,0.118512950574468,0.0324813884040088,0.0439025693452327
"img_00716.jpg",0.00742830829397614,0.00932199486561846,0.00193276146455032,0.000250869800002697,0.0018302953766327,0.967254312086369,0.000928637314988268,0.0110528207978628
"img_00717.jpg",0.631356316292265,0.261568211747314,0.00310855937947312,0.00469017589892552,0.00266887587473325,0.0843149443104465,0.00670960878824308,0.0055833077085989
"img_00718.jpg",0.967703411497067,0.00293587446823545,0.00225347707198917,0.00222429812304629,0.00246526123574409,0.0063209140915618,0.00216599207784916,0.013930771434507
"img_00723.jpg",0.0136981812537265,0.00259312986601834,0.000930003467473971,0.00074951425609872,0.976194135059246,0.00254950146073565,0.000748916694461745,0.00253661794223884
"img_00724.jpg",0.0363499914075971,0.00343601920638631,0.00358137904734213,0.00231462064015822,0.0129358310707668,0.0143668975853722,0.265238037828245,0.661777223214133
"img_00726.jpg",0.979442511690504,0.00589811152897462,0.00198965445702659,0.0020006031099422,0.00204327467110142,0.00316160746683261,0.00231152963934945,0.00315270743626883
"img_00729.jpg",0.766350320885905,0.0902482134553959,0.00379549893692928,0.00232806531936038,0.0798800896422623,0.0098259183399288,0.00581001647117844,0.0417618769490399
"img_00730.jpg",0.0110423137764949,0.0043507938923857,0.00224491413113795,0.00204304528300857,0.00207949142186553,0.0027022892174724,0.00433414241078555,0.971203009866849
"img_00757.jpg",0.921941193635826,0.0161121974360501,0.00795808686807846,0.0051043923875053,0.00874677033041903,0.0244358528205782,0.00331232975914375,0.0123891767623988
"img_00760.jpg",0.00354860171614177,0.000336731944025221,0.000302359346062474,0.994780476647728,0.000251225937334003,0.000218405541370746,0.000204773535031632,0.000357425332306517
"img_00763.jpg",0.00074621773212938,0.000683554071897469,0.000918507800219061,0.000665170199269372,0.994211919987449,0.00118984062661246,0.000678892157771146,0.000905897424652249
"img_00764.jpg",0.00489505122645484,0.00643134544557568,0.00559445227174449,0.00208493727070949,0.00227549104539687,0.00219951907074731,0.00205295353449424,0.974466250134877
"img_00765.jpg",0.0599353843384736,0.392096410737683,0.00271275976553718,0.0188157157299344,0.00501415019791112,0.129381569950596,0.0140890641585007,0.377954945121363
"img_00772.jpg",0.0626649378175646,0.00950239699785315,0.476015276952554,0.00212334837758558,0.00814896955695755,0.169614745345724,0.00394539916303276,0.267984925788729
"img_00773.jpg",0.790973103003038,0.100982130219924,0.0196061260536212,0.00760499307184064,0.00863834288489364,0.056349872331235,0.00743104330031419,0.00841438913513316
"img_00777.jpg",0.6938875514184,0.0291824562663817,0.00367407739544824,0.00214287000420014,0.0140939215512502,0.248320036643011,0.00592351838230179,0.00277556833900707
"img_00780.jpg",0.0100160422049519,0.00323315207383736,0.00408121560412856,0.00216409202603986,0.00761606247049206,0.0345920967553039,0.00898749515207589,0.92930984371317
"img_00798.jpg",0.898416819824036,0.043995631706247,0.00419315064187722,0.0254279154907967,0.00890468674374163,0.00627691206675694,0.0028165051605235,0.00996837836602056
"img_00808.jpg",0.912250768978617,0.0508198414901219,0.0021501640805836,0.00211997748753016,0.0056469495492704,0.00649518937666492,0.00224446153711688,0.0182726475000954
"img_00816.jpg",0.929663234185185,0.00815310508183296,0.00209506118726849,0.0021222043945171,0.00433410869660569,0.00388486995966606,0.00387558772094525,0.0458718287739796
"img_00828.jpg",0.000995231281644008,0.000695402036225734,0.00465377866483726,0.000668914725159077,0.990635058341199,0.000931725740052101,0.000684289033228262,0.000735600177655042
"img_00833.jpg",0.744969871420356,0.0217000264947193,0.00484523762021203,0.00457695381088329,0.00725231210843662,0.0869957741352501,0.0369342007814457,0.0927256236286975
"img_00837.jpg",0.799610268755926,0.105203989159377,0.00398751596805833,0.00247536449870393,0.0112079269315897,0.0699992975113175,0.00219376331269827,0.00532187386232878
"img_00855.jpg",0.850936761658071,0.02529308434356,0.00480149229403712,0.00224252320282124,0.0293895996602125,0.06206252871095,0.00486578736981006,0.0204082227605385
"img_00857.jpg",0.972760302854471,0.00723341025760757,0.00203382757403846,0.0020228715364177,0.00347796381556874,0.00689082262062538,0.00218196264927568,0.00339883869199571
"img_00858.jpg",0.951640635083351,0.00530305900241512,0.0022500070421642,0.00208443893796918,0.0122889260958995,0.00524209110494715,0.00375675472216571,0.0174340880110877
"img_00865.jpg",0.905914113120964,0.0591220919481605,0.00255640621001241,0.00289257314471051,0.00288824472918329,0.0178624511383682,0.00275502322425924,0.00600909648434136
"img_00876.jpg",0.000677464206764156,0.000669696218690607,0.000710790438496558,0.000667437305866879,0.993108791094694,0.000996827795977569,0.000855524249602126,0.00231346868990804
"img_00889.jpg",0.0554629380773572,0.0149571245556705,0.13129432501191,0.00727781262726299,0.193066587325315,0.00971564077689516,0.0309511752021206,0.557274396423469
"img_00894.jpg",0.653766135872318,0.0110608203082272,0.0104846796351829,0.0140122207055544,0.245136286909725,0.00917816340399733,0.00712130113155119,0.049240392033444
"img_00902.jpg",0.00350534430714669,0.00351656461873442,0.00211134332718907,0.00215474062546315,0.0042681734227706,0.00367470385793762,0.976071051504127,0.00469807833663196
"img_00914.jpg",0.00204361040413714,0.00231389760626791,0.0020155234017512,0.00198168389114535,0.0020358717816884,0.00198556398672609,0.0019878498084141,0.98563599911987
"img_00921.jpg",0.853897406891439,0.00415237847284179,0.00299346928943068,0.00209904455082233,0.00655473918587607,0.0502890294424913,0.0392827491300742,0.040731183037025
"img_00927.jpg",0.0721776091765196,0.0538757899793644,0.00418677904328396,0.0023557555611414,0.00303063958394707,0.00725824974943657,0.0137661901790907,0.843348986727216
"img_00943.jpg",0.930713003791945,0.0477839467894689,0.00209848745118307,0.00250828830979802,0.00281580190074891,0.00260395697967917,0.00232247891738521,0.00915403585979205
"img_00948.jpg",0.0384246131087347,0.00106308505350125,0.00156709087685655,0.000719090161577493,0.948048683956453,0.00440343872403859,0.00142309011229636,0.00435090800654208
"img_00950.jpg",0.00214305451550365,0.000956195805399909,0.00141098087206568,0.000712590171991033,0.991057837745276,0.00124840170663537,0.0010667519657933,0.00140418721733555
"img_00959.jpg",0.944636812972177,0.00323269111634476,0.00206111856749051,0.00199589580644184,0.0033724684651818,0.0118783313276082,0.00260076301866431,0.0302219187260918
"img_00962.jpg",0.110415140685716,0.006963426032754,0.00410861811188096,0.00208567382681192,0.0201323523488578,0.00877874131527836,0.0135212366011157,0.833994811077585
"img_00964.jpg",0.00204097053473505,0.00767461240251973,0.97258840022252,0.002034273979254,0.00211430655474346,0.0020280189310175,0.00242537829339459,0.00909403908181601
"img_00966.jpg",0.704974031160881,0.0100537887681062,0.00883412748567951,0.00691552686384967,0.164495417458942,0.0392162986653263,0.00740039363721518,0.0581104159600005
"img_00974.jpg",0.933602485095519,0.0106517633907357,0.0027359408778614,0.0022152921158687,0.00211368364081708,0.0223273704969488,0.00220795845227795,0.0241455059299712
"img_00979.jpg",0.00682146474171856,0.00660003883201031,0.0110819152385007,0.00217729878681957,0.00577544755425129,0.00428616203351799,0.00356648080029181,0.95969119201289
"img_00982.jpg",0.697078813719329,0.14412299451739,0.0084064117945417,0.00365384567587392,0.0313931854851844,0.0211172515155417,0.00642464091780185,0.0878028563743375
"img_00985.jpg",0.765219899635406,0.0262361829896207,0.00334396503314759,0.00322899898310019,0.00537630268552936,0.038278930355041,0.0114780427687035,0.146837677549452
"img_00999.jpg",0.785039516959609,0.0117637791492007,0.00273268426073507,0.00293350757387474,0.00255320770216312,0.0104053237224793,0.0384697502897416,0.146102230342196
"img_01022.jpg",0.951447075937673,0.00422990766982674,0.00226843725817629,0.00298694512169457,0.0107283232419396,0.0216414212009209,0.00215150314380394,0.00454638642596499
"img_01031.jpg",0.776325178219267,0.00398545691435932,0.00315430257879852,0.00210946915786664,0.00505892118137688,0.202274924775971,0.00381922950574868,0.00327251766661213
"img_01035.jpg",0.678958685442463,0.0159301445370755,0.00412128360099137,0.00234585847009962,0.0125199363748387,0.277572635617748,0.00602590195370068,0.00252555400308288
"img_01043.jpg",0.00963533693222989,0.00107568782404483,0.00137100167728146,0.000704314726617703,0.972938137938499,0.00363090358132937,0.0086597792661811,0.00198483805381707
"img_01058.jpg",0.886493926317266,0.0072098630663974,0.00291959374852894,0.00230550658905717,0.0550132635901053,0.00326225985446156,0.00256654496343505,0.0402290418707482
"img_01059.jpg",0.0368611700806096,0.0100119143553799,0.00213823974142466,0.00207221579067881,0.00345694732865728,0.0259944943027898,0.0060092268907659,0.913455791509694
"img_01090.jpg",0.74282575621976,0.0432331936135426,0.0334539062672449,0.0135884325702647,2.80267464520185e-05,0.0206246681639774,0.0251190963079286,0.121126920110829
"img_01102.jpg",0.220607665908971,0.585061792123946,0.00263594210502116,0.0367474229365056,0.00331247104553113,0.00210262022249096,0.00219976076733298,0.147332324890202
"img_01103.jpg",0.0200801797728761,0.0338375132458653,0.00438909562437682,0.00405797897997199,0.00715567136878255,0.00321523840350854,0.00690544927073659,0.920358873333882
"img_01116.jpg",0.796308599964783,0.0968918628094423,0.00516087313729314,0.0113077760339461,0.00245478668432701,0.0610982150813772,0.00207443348673458,0.024703452802097
"img_01134.jpg",0.924251687428727,0.00966114814072022,0.00339166400040602,0.00306432828687123,0.00259767813879284,0.0159778021394287,0.00263719543681773,0.0384184964282362
"img_01142.jpg",0.651399646488852,0.028782488000793,0.0398223976560185,0.0109431222261983,0.234769848251862,0.0141162038124242,0.00751666668716539,0.0126496268766868
"img_01168.jpg",0.00943877049373556,0.00511048308442353,0.000988723831830018,0.00151201217453882,9.85495214436755e-07,0.968498500410134,0.00425942635665848,0.0101910981534656
"img_01171.jpg",0.000793608721157935,0.000689263004196466,0.000754513774962486,0.000666534406077837,0.994514670454022,0.000751747380810406,0.000669386540814385,0.00116027571795856
"img_01177.jpg",0.783437971941929,0.0449284854380836,0.0205977587967228,0.00976290118837371,0.0537426938592108,0.0391906798585711,0.0171105916290034,0.0312289172881057
"img_01179.jpg",0.972101248576068,0.00356082075513526,0.00209975598301855,0.00239373876590166,0.00436458725836634,0.0110276042880966,0.00211347699866308,0.00233876737475072
"img_01188.jpg",0.088504901485436,0.40827770167676,0.0035646104902193,0.0169851817460335,0.0113412787400572,0.220171791246718,0.0110972499971879,0.240057284617588
"img_01198.jpg",0.612454595895506,0.0712389172030968,0.0255376095513923,0.0203370979038475,1.82585350892338e-05,0.0251017655230586,0.172748990761251,0.0725627646267585
"img_01204.jpg",0.000678470632532492,0.000667361569420228,0.000669542589107103,0.000665341410176812,0.994739498082883,0.000673138733199898,0.0006773243608694,0.001229322621811
"img_01208.jpg",0.00318812835994998,0.000894159165028747,0.00107632429098257,0.000745643159593312,0.990359981604423,0.00150632107961981,0.00107219566815427,0.00115724667224805
"img_01211.jpg",0.934868198384796,0.0470953125087068,0.00215611681160309,0.00302910370508646,0.00411245947410318,0.00230339976235092,0.00206303041133985,0.00437237894201343
"img_01213.jpg",0.826276690968093,0.106134707450018,0.00262850692396583,0.00654934391932908,0.00479200874100892,0.0140448391655723,0.0024101521015307,0.0371637507304832
"img_01222.jpg",0.762088743905083,0.0830936550990338,0.0032548283513875,0.0395927392923788,0.00599021890589238,0.0104151253016021,0.00641443718564171,0.0891502519589804
"img_01224.jpg",0.0125786461791279,0.00952975061457078,0.152777498635966,0.00390348270434002,0.00244161479378573,0.00319265811789571,0.00377804575172552,0.811798303202589
"img_01237.jpg",0.0149907804672931,0.00159867348305607,0.00106608195952197,0.000668791616931726,0.968957757715997,0.00235709643465235,0.000856430918617295,0.0095043874039301
"img_01249.jpg",0.0128823826445571,0.00408294187930326,0.00272744856128594,0.00108791268082238,0.972779059899675,0.00317822683163504,0.000891857665038729,0.00237016983768293
"img_01253.jpg",0.00199018495047858,0.00201695409990883,0.00199285888724645,0.00198297017283877,0.00198738341850164,0.00198259158601944,0.00198330275216687,0.986063754132839
"img_01286.jpg",0.0480007005316266,0.00647653890960944,0.00214691044630414,0.00213624736984226,0.0219611826895514,0.00449474250875271,0.00206877411097178,0.912714903433342
"img_01289.jpg",0.0388013104369193,0.0259867124281255,0.00222869891238132,0.00246244261186882,0.00353871325822618,0.0211592824225575,0.00666322525551483,0.899159614674407
"img_01325.jpg",0.0102994476563711,0.00254063703836178,0.0014052408795505,0.000673634994992172,0.979069693028739,0.000905623970899156,0.00231193236547745,0.00279379006560907
"img_01328.jpg",0.91796977036611,0.0578153267570473,0.00214100476557663,0.0033084938610379,0.00406698548185546,0.00620944307908795,0.00204765282734702,0.00644132286193802
"img_01366.jpg",0.0448470794115608,0.000512571010973617,0.00121024934605544,0.000596467441808493,0.00150793719049822,0.949569848389108,0.000274772277007434,0.00148107493298797
"img_01371.jpg",0.952998410479901,0.00462389785667478,0.0030919403676781,0.00212096424350995,0.0168972435379939,0.00338823070588476,0.00242881870023709,0.0144504941081204
"img_01373.jpg",0.447700511956434,0.0358051570806877,0.0786587783324876,0.00985108279265876,2.0340334661816e-05,0.332817760517969,0.0131394072695531,0.0820069617155478
"img_01377.jpg",0.00658778055053203,0.00321951349670159,0.00098845056350034,0.000668992410036228,0.980574428899752,0.00609472937461657,0.000811340043866353,0.00105476466099542
"img_01379.jpg",0.83893314954559,0.0261485716548137,0.0328073602431869,0.00453852376789709,0.00297573607596948,0.0553849892144054,0.00221096405506762,0.0370007054430696
"img_01384.jpg",0.0313474003329175,0.001453196696142,0.0015292003287822,0.000380840168352901,0.00189426813080587,0.961984162383833,0.000210192270206042,0.00120073968896074
"img_01388.jpg",0.91343676889041,0.0613986101386365,0.00209178377984617,0.00210067147294588,0.00276433838362971,0.00925091719322301,0.00235724911306518,0.00659966102824319
"img_01392.jpg",0.002995909943912,0.0110538446365012,0.935377545461702,0.00220603966367035,0.00500844570190141,0.00238142647815382,0.00274264609674359,0.038234142017416
"img_01399.jpg",0.00644297326932913,0.903812897557815,0.00472217094461894,0.00226547498595958,0.00473116969103891,0.0155351867585912,0.0028366862812204,0.0596534405114273
"img_01404.jpg",0.951274401734314,0.00505446764133736,0.00208284769755034,0.00386618600382432,0.00310166292308508,0.0103705684841245,0.00204394256704774,0.0222059229487165
"img_01405.jpg",0.882228985875102,0.0139145310873856,0.00317338529073703,0.00253811314672479,0.00653588166264452,0.086877175431046,0.00211476571700757,0.00261716178935225
"img_01413.jpg",0.974100122665024,0.0033779012523934,0.00205849558912343,0.00206519613158068,0.00960304176182696,0.00427221337946678,0.00212934586902798,0.00239368335155671
"img_01426.jpg",0.104365835664453,0.269094828020221,0.00225948137549521,0.00216279738596174,0.00396655822561941,0.00650192990840642,0.529660328188725,0.0819882412311181
"img_01431.jpg",0.0023518571832824,0.000350023289323489,0.00034530339782541,0.995777538406851,0.000328161723700391,0.000211324134093832,0.000203402037466432,0.000432389827457229
"img_01441.jpg",0.00248321313811188,0.00238241942388759,0.00200967315013999,0.00200462306792117,0.00222249344028605,0.00199867879191346,0.00229137389955612,0.984607525088184
"img_01444.jpg",0.255730762716501,0.00438628772227469,0.00227029930477756,0.00220527964889317,0.00367397742472984,0.00958572329774504,0.00924311374617783,0.712904556138901
"img_01490.jpg",0.00601942070215237,0.00391087652147883,0.0149095393525686,0.00215253844518916,0.00410467943604548,0.00309262956735702,0.0021983235810564,0.963611992394152
"img_01495.jpg",0.700993056640274,0.0267110807242523,0.00324154577642847,0.00273375854079007,0.00287018127295426,0.00984168645655528,0.00260317337132119,0.251005517217424
"img_01505.jpg",0.00105963378650884,0.000711358838210689,0.000751561352431702,0.000695833175441631,0.994210089559387,0.000721715261343875,0.000743111642366628,0.00110669638430952
"img_01511.jpg",0.894869049023171,0.0233443186720585,0.05325543918989,0.00237247313584828,0.00403310446380779,0.00896163713515519,0.00291871949148638,0.0102452588885824
"img_01519.jpg",0.406007629315365,0.0326597883136776,0.0050097954500104,0.00556472174246863,0.00735202268410045,0.174052981855074,0.0522031141886374,0.317149946450666
"img_01530.jpg",0.941910056976502,0.0195428296587054,0.00209440296701665,0.00239651339104383,0.0134621765157609,0.00311100635138798,0.00226204735830075,0.0152209667812824
"img_01537.jpg",0.83614954524182,0.0256627118688941,0.0125263720225963,0.00208710102714258,0.0105148679987599,0.0696719184496919,0.00517321562768069,0.038214267763415
"img_01538.jpg",0.887837229206411,0.0449165019886583,0.00525755299179953,0.00242014452598767,0.00492429404367837,0.0430402111492716,0.00247181634215667,0.00913224975203658
"img_01541.jpg",0.000965881574069121,0.000704854353387705,0.00696921472476472,0.000657253152076312,0.987510352901623,0.00176799039390024,0.000671131875377503,0.000753321024801802
"img_01543.jpg",0.973795136628258,0.00370728201574198,0.00200930345857717,0.00200799265250993,0.00472812355552622,0.00223716896981412,0.00211612362064818,0.00939886909892411
"img_01548.jpg",0.93952575407907,0.00330246254122726,0.00223150331497586,0.00204746349349052,0.0106290494255011,0.03059311681437,0.00403166844192838,0.00763898188943708
"img_01552.jpg",0.967040359122851,0.00221263779977775,0.00200430142115517,0.00199628359815827,0.00206381457758225,0.0194604995501749,0.00201532392860214,0.00320678000169868
"img_01561.jpg",0.00734269653739313,0.00121412984460048,0.00254380970366843,0.000913711544714776,0.983228238693084,0.00123371529673531,0.00162246563453011,0.00190123274527386
"img_01562.jpg",0.827638353317113,0.00915767788778114,0.00241181856710233,0.00217467062609839,0.00398366353235862,0.0123693249484733,0.040587267387236,0.101677223733837
"img_01571.jpg",0.956272306075503,0.0277582247165406,0.00205886991797654,0.00212080010251821,0.00240750258453851,0.00215721651877257,0.00256515955903735,0.0046599205251129
"img_01593.jpg",0.614464130446706,0.174816218219703,0.00530615114959324,0.00347434801260555,0.00501864671739955,0.024450979963959,0.0115424756430528,0.160927049846981
"img_01595.jpg",0.279854138604599,0.0877437578394536,0.0739899288645018,0.0162569449760115,2.07896526373976e-05,0.253660276152261,0.0268711700680639,0.261602993842472
"img_01616.jpg",0.910732784856845,0.0596959060711682,0.00237143487732148,0.00262559777106489,0.00564329232742931,0.00450397933259971,0.00227461870744423,0.0121523860561276
"img_01618.jpg",0.892130873958371,0.00405592202300563,0.00241702294282456,0.00235793956268796,0.0361061083828243,0.0395954816544117,0.0154408846756043,0.007895766800271
"img_01627.jpg",0.91734740627968,0.04079643694625,0.00210037921116076,0.00256362076279214,0.00211077774435674,0.0239891132315469,0.00283118539209501,0.00826108043211826
"img_01632.jpg",0.914779945434991,0.0209862173634741,0.0136160743973332,0.00520406568971599,1.07883096280312e-05,0.0206934983597655,0.00545073693182157,0.0192586735132703
"img_01633.jpg",0.801808606414093,0.00733419511684811,0.003310016285162,0.0033203842820268,0.0058079028257679,0.134145313166375,0.00722025313985252,0.037053328769874
"img_01640.jpg",0.97612737924113,0.00554225245105856,0.00205955781165845,0.00288805829543289,0.00497086640927315,0.00223820791177927,0.00202264455968702,0.0041510333199803
"img_01646.jpg",0.946549722269502,0.023082855946034,0.00203277072796572,0.00205443968098327,0.00206310579355903,0.0148790047746167,0.00203864038143586,0.00729946042590312
"img_01647.jpg",0.00150332463420735,0.000675843827866337,0.00070151635675083,0.000659362994631747,0.99412469854521,0.000934810864921113,0.000699404114241157,0.00070103866217184
"img_01649.jpg",0.8535193219892,0.0473343805339468,0.00393604539684629,0.00425611306455568,0.0508952510112685,0.0176832177676525,0.0101573886246413,0.012218281611889
"img_01657.jpg",0.135949001837227,0.0110346488292168,0.272855121990841,0.00205062441507602,0.00528540245558451,0.0065771480620495,0.00213872294938251,0.564109329460623
"img_01669.jpg",0.0026949242656186,0.000393230173190968,0.000363787377707192,0.995252317993697,0.000426440925509494,0.000209238164779396,0.000241661000539921,0.000418400098957685
"img_01673.jpg",0.553275641343076,0.00850376293580852,0.00823308224463439,0.00761484601367803,0.366933249664846,0.0206705680567101,0.0184732883010108,0.0162955614402358
"img_01681.jpg",0.0932085232447987,0.0151027142038061,0.00471313696975047,0.00230573869545302,0.0047681011764953,0.00525651898882336,0.00494621976184452,0.869699046959028
"img_01684.jpg",0.944547714649046,0.00928231086646009,0.00214319827123759,0.00365208609060156,0.00237137818662123,0.0132103056120616,0.00215763219784759,0.0226353741261244
"img_01685.jpg",0.156714466275829,0.0272953075841903,0.110299331049186,0.0279691119624356,0.224200951358917,0.388176943835111,0.0107682338932905,0.0545756540410408
"img_01687.jpg",0.737811836724736,0.00623003416331653,0.00282658615025434,0.00233407571854444,0.0029119301840395,0.00376250335900536,0.00619128845731657,0.237931745242788
"img_01688.jpg",0.0346950249478654,0.0248172715974488,0.0021135773323826,0.00224010781570897,0.00322882724948829,0.0175062762473626,0.00541057432469626,0.909988340485047
"img_01689.jpg",0.0044224931690516,0.0045347403256662,0.00823312872203516,0.00207331590681504,0.00335740682691789,0.0118662387081588,0.00569128648006966,0.959821389861286
"img_01716.jpg",0.00118329476352937,0.000717458502456637,0.0082769469203378,0.000656326333792077,0.985691328148879,0.0019391908365983,0.000694890680758925,0.000840563813647425
"img_01717.jpg",0.00971965342508431,0.000926121432861267,0.000706950486747696,0.000809884387889402,0.97901648638392,0.00125291670330001,0.00551725628696102,0.00205073089323582
"img_01724.jpg",0.891029951967446,0.00672656724216239,0.00811789989846971,0.00208656724134328,0.0266620579105391,0.0215490282271801,0.00396309977422309,0.0398648277386363
"img_01745.jpg",0.906331137835793,0.0312740614802192,0.0178580306409356,0.00716365257238713,0.0101812804546483,0.0180861446592203,0.00299904960108008,0.00610664275571656
"img_01771.jpg",0.897923086979439,0.03758683127499,0.00407927903591645,0.0076680980599738,0.0142573214102378,0.00593019716886764,0.00723622289712729,0.0253189631734478
"img_01773.jpg",0.837356442478795,0.0134883950158405,0.00253949561029337,0.00210290546757036,0.00224812473552384,0.00408752875212987,0.0130783808960502,0.125098727043797
"img_01781.jpg",0.0033530968811083,0.000943281482287655,0.000798092723154017,0.000695538753274396,0.991548173471692,0.000932292868725046,0.000852144231674344,0.00087737958808476
"img_01782.jpg",0.00164841903242938,0.000752349735100786,0.00091604604706635,0.000659613964566244,0.993334795811146,0.00121788400183854,0.000694806394217322,0.000776085013635586
"img_01802.jpg",0.615968768271082,0.0129018055104886,0.0109718903432999,0.0115902953538137,0.309487212736889,0.00827526667680744,0.010354010517386,0.0204507505902343
"img_01803.jpg",0.0108373962301429,0.0393323534042348,0.809799045623144,0.0071448186393004,0.0187849219646933,0.0103317047065542,0.0106278146938575,0.0931419447380727
"img_01824.jpg",0.845197681950124,0.00668922191019461,0.00365582347034503,0.00314581218211282,0.00987111837978046,0.0967098748241627,0.00983052833703488,0.0248999389462459
