"image","ALB","BET","DOL","LAG","NoF","OTHER","SHARK","YFT"
"img_00005.jpg",0.00325620732165811,0.00148869061312526,0.00223696113561076,0.000840587192884355,0.986916319455486,0.00164250240924652,0.00155805000451399,0.0020606818674752
"img_00007.jpg",0.0458588150160169,0.0119718125787622,0.00403082294087857,0.00317506442140215,1.0027763472271e-05,0.00225651177292287,0.00226644899638587,0.930430496510159
"img_00009.jpg",0.829603856582091,0.0851432835129937,0.00573598348810986,0.00243662364740786,1.01504295125144e-05,0.0711138244884177,0.00211427627636476,0.00384200157510276
"img_00018.jpg",0.719849672892404,0.0707520185790646,0.00215611524869498,0.00744484272414563,1.00270340814213e-05,0.191662407805033,0.00212218303974247,0.00600273267683373
"img_00027.jpg",0.397329686970397,0.0280736021319308,0.00650003047734699,0.00297949782585283,1.0112248584887e-05,0.0904086601296872,0.0179251466166028,0.456773263599597
"img_00030.jpg",0.0162388380586193,0.00197807901900708,0.00103025213780934,0.00463261098177666,0.97036811293061,0.00383599771648585,0.000727514995870097,0.00118859415982156
"img_00040.jpg",0.1333309297277,0.00663229785623682,0.00312324519777175,0.00213827663362747,1.00789871021588e-05,0.00714738726894247,0.814526884356352,0.0330908999722676
"img_00046.jpg",0.562752588374765,0.0097248869315265,0.012074351699627,0.00691359781619816,0.371583072889122,0.0124659842849666,0.01002085575887,0.0144646622449251
"img_00053.jpg",0.904709179772938,0.0340890456263039,0.0110532147185541,0.00317684327005106,1.01044578224422e-05,0.0360732021850477,0.00375337495664353,0.00713503501263915
"img_00071.jpg",0.000455439180080934,0.000229844680173352,0.000202010962119875,0.99849406290927,1.00059751486173e-06,0.000202444364748419,0.000200677292703787,0.000214520013388263
"img_00075.jpg",0.888670433277236,0.0302341825215137,0.00266693470781362,0.00238782438837615,1.01387118277685e-05,0.070763169556661,0.00210638180852315,0.00316093502804899
"img_00102.jpg",0.365760175899877,0.016424965356935,0.00302176962742156,0.00320285737468205,1.00923890892932e-05,0.02041089397689,0.0108826422611457,0.580286603113959
"img_00103.jpg",0.774719612077712,0.0587735670511703,0.0791394541691704,0.00265935088014546,1.00309862774426e-05,0.0210860596470217,0.00227865506686015,0.0613332701216423
"img_00109.jpg",0.968639721740908,0.00920903231152823,0.00221113969938769,0.00216946403233632,1.00215471650084e-05,0.00993123849903783,0.00245289257409194,0.00537648959554538
"img_00119.jpg",0.000758626109227199,0.000677450893102548,0.00092198590276763,0.000677565758508764,0.990677627714435,0.000920727572576016,0.000937842867155568,0.0044281731822269
"img_00120.jpg",0.798154910337381,0.0105172697293245,0.00224420588211677,0.00217273622550152,1.0028951928844e-05,0.0115194898842061,0.0366736143529903,0.138707744636551
"img_00125.jpg",0.833448107202349,0.00640322563636468,0.00623035027188695,0.00397177959952759,1.00326743207965e-05,0.0191933463453668,0.00426523464971846,0.126477923620466
"img_00128.jpg",0.00653222714825975,0.0407218595208311,0.272212216023988,0.00220976934068119,1.00373220333908e-05,0.00349963051207263,0.00248334443945677,0.672330915692678
"img_00129.jpg",0.12455741135736,0.00700538160748412,0.00344037523604797,0.00215504876279586,1.00731348802741e-05,0.0068124535866275,0.807730190063514,0.0482890662512907
"img_00133.jpg",0.0100659801093774,0.00218617748280612,0.00149705543018441,0.00111372583341111,0.979219964089413,0.00319253340356278,0.000754117567622387,0.00197044608362248
"img_00138.jpg",0.748581198519604,0.230459741334709,0.00504476002607769,0.0039481939402917,1.0039597217795e-05,0.003928533450766,0.00342895959932142,0.00459857353201213
"img_00141.jpg",0.00250504135698591,0.00532486582845917,0.00499151114981085,0.00209324813598108,1.00303025803254e-05,0.00208743081874643,0.00253165872961756,0.980456213677819
"img_00152.jpg",0.0181701434053761,0.0213585700295236,0.0038869549667375,0.00232620909902937,1.00679273712091e-05,0.0121281252255626,0.00448768173213645,0.937632247614263
"img_00161.jpg",0.0020167757050346,0.00205073198049773,0.00199506770745229,0.00198909959101846,1.0019900784565e-05,0.00198756949100569,0.00199145761545254,0.987959278008754
"img_00164.jpg",0.00113234120166969,0.000711199149361246,0.00068942046742469,0.000679515930785813,0.994132984276469,0.000718834580762519,0.000769203464230563,0.00116650092929604
"img_00170.jpg",0.536476741873634,0.00571696754501472,0.00283077987389982,0.403740936598102,6.25426038736132e-06,0.0194230164150323,0.00212429974366869,0.0296810036902613
"img_00171.jpg",0.316735496535282,0.00581578119032021,0.0106099374375569,0.00723081033413257,5.5572313144584e-06,0.650859528626447,0.00217688822018256,0.00656600042476397
"img_00172.jpg",0.00814146556080494,0.0100892603580783,0.0025223521002149,0.000873271775391059,0.968142401114568,0.00728009955059234,0.000764702319028865,0.00218644722132129
"img_00175.jpg",0.316735496535282,0.00581578119032021,0.0106099374375569,0.00723081033413257,5.5572313144584e-06,0.650859528626447,0.00217688822018256,0.00656600042476397
"img_00180.jpg",0.00547237177108022,0.00268639822786607,0.00286858088906143,0.00213147491886509,1.00214004390321e-05,0.00247972905955009,0.00286694775224717,0.981484475980891
"img_00196.jpg",0.0019201549894815,0.000975272606128433,0.000790076709287164,0.00068422799685379,0.993231709640642,0.000763885627592859,0.00070814526717313,0.000926527162841555
"img_00212.jpg",0.206894688276004,0.00613256459175129,0.00222726637265889,0.00912306418539515,1.00224341918385e-05,0.00227926859869523,0.00215290143806993,0.771180224103233
"img_00223.jpg",0.845351879931704,0.019568767650004,0.0832979549960982,0.00549945154161607,1.00433128185107e-05,0.0206039742292396,0.00454698315470683,0.0211209451838129
"img_00230.jpg",0.764821682606988,0.145541833683522,0.00222338790333459,0.00218010799035882,1.00315785210856e-05,0.0570779639852286,0.0021970420729103,0.0259479501791359
"img_00232.jpg",0.00464034602437586,0.00364240724575657,0.00216597961533171,0.00230877318895699,1.00676942296616e-05,0.00446314600570202,0.978050115244943,0.00471916498070446
"img_00244.jpg",0.798425428219039,0.062288263358707,0.00236944026311126,0.00425991059442838,1.00382808983954e-05,0.0529710888883601,0.00280272686201984,0.0768731035334359
"img_00272.jpg",0.872007712547406,0.0186329160524624,0.0608984964383692,0.0120940232771158,1.00725597534047e-05,0.0145615041347807,0.00214708112864665,0.0196481938614657
"img_00280.jpg",0.967650493122308,0.00911855218721458,0.00227282579594936,0.00223926539118228,1.02264171298953e-05,0.00423775439698573,0.00282144417771436,0.0116494385115157
"img_00282.jpg",0.316735496535282,0.00581578119032021,0.0106099374375569,0.00723081033413257,5.5572313144584e-06,0.650859528626447,0.00217688822018256,0.00656600042476397
"img_00285.jpg",0.510409122615769,0.0142207552580425,0.00341024509982357,0.0023958019264272,1.00528397763229e-05,0.00875644357424217,0.0147861627154062,0.446011415970513
"img_00289.jpg",0.939525571973119,0.0173766559083268,0.00886425541806811,0.00245099926294896,1.0405298617344e-05,0.00416309126800744,0.00301825622399072,0.0245907646469218
"img_00292.jpg",0.766760930639087,0.0301732884628143,0.00693385582408708,0.00338367955031573,1.00738743183811e-05,0.0478845411031379,0.0178692190122901,0.12698441153395
"img_00302.jpg",0.1333309297277,0.00663229785623682,0.00312324519777175,0.00213827663362747,1.00789871021588e-05,0.00714738726894247,0.814526884356352,0.0330908999722676
"img_00311.jpg",0.981231711690371,0.00517901347967509,0.00212191405674713,0.00290659476064134,1.00596542579956e-05,0.00229162481216946,0.00205954553389645,0.00419953601224133
"img_00320.jpg",0.969914499746518,0.00754226888116986,0.00211325317558901,0.00202867932982444,1.00333044222206e-05,0.0114618352455829,0.00225866953392466,0.00467076078296869
"img_00331.jpg",0.902564703692619,0.0165448541170877,0.00264247997110673,0.00260398734360727,1.00477812976479e-05,0.0509006395223978,0.00463265805221821,0.0201006295196653
"img_00358.jpg",0.354714359863983,0.0303037702915452,0.00273370313375575,0.00297114645056401,1.00536029017929e-05,0.0290336307580712,0.0179883788025633,0.562244957096615
"img_00374.jpg",0.72250722906598,0.0305988553385037,0.00287691323059833,0.00313042756878442,1.00250045311971e-05,0.00659209803956516,0.00266474833433219,0.231619703417705
"img_00375.jpg",0.0164288348825128,0.022072801994684,0.929138799287806,0.00433367845116736,1.00988213249729e-05,0.0118389392353113,0.00389525625657847,0.0122815910706151
"img_00376.jpg",0.942616969723395,0.0107848590169221,0.00596419355065499,0.00209998595291496,1.00477097063648e-05,0.0246628733805246,0.0057474547010356,0.00811361596484624
"img_00380.jpg",0.933936850109354,0.02538509903267,0.0023799541804235,0.00322625773528892,1.00285114231549e-05,0.0291466109962836,0.00219468348505675,0.00372051594949974
"img_00383.jpg",0.94281180309678,0.018166215808901,0.00214295328809918,0.00374173731028052,1.00310698088737e-05,0.0023109465146792,0.00208443421396187,0.0287318786974894
"img_00398.jpg",0.957836263877516,0.0138977614683498,0.00224980205998974,0.00384898245696456,1.00566122049523e-05,0.00471156742412484,0.00242870453551886,0.0150168615653308
"img_00407.jpg",0.94589498403206,0.023058793624837,0.00245628790131291,0.00245321597789755,1.00311701941144e-05,0.0118608060237503,0.0022586132261795,0.0120072680437688
"img_00417.jpg",0.206894688276004,0.00613256459175129,0.00222726637265889,0.00912306418539515,1.00224341918385e-05,0.00227926859869523,0.00215290143806993,0.771180224103233
"img_00432.jpg",0.349894265520933,0.0380300657339454,0.0503937543384724,0.0158983978587225,0.0780648940094845,0.382615011709132,0.00876949865203205,0.076334112177278
"img_00442.jpg",0.00203056775495165,0.00204774293020351,0.00199541236384551,0.00198786968354061,1.00199056971871e-05,0.00198825292930706,0.00200163435146787,0.987938500080987
"img_00446.jpg",0.938482743300957,0.00546853043253256,0.00210564154281121,0.00320502327886357,1.00335245628381e-05,0.0155505055157215,0.00235698518888617,0.0328205372156648
"img_00469.jpg",0.914432848994311,0.00904207689628737,0.00280288729097101,0.00637789711758211,1.00327220474078e-05,0.0118378967232131,0.0028173886705267,0.0526789715850609
"img_00473.jpg",0.963330269358163,0.0130912210327251,0.00240478332562845,0.00249084721998422,1.00475847415382e-05,0.0037563931067068,0.00218516842143131,0.01273126995062
"img_00483.jpg",0.946624312839402,0.0359727034994874,0.00207327417729464,0.00237014136147577,1.00280486077429e-05,0.00256991722274404,0.00228383612139165,0.00809578672959668
"img_00484.jpg",0.129088231677999,0.0611465246712219,0.00707613752869127,0.0209131421283495,1.00314894193121e-05,0.00667327351787941,0.00443340414477214,0.770659254841668
"img_00486.jpg",0.911620014366533,0.040851972546229,0.0198379923641337,0.00940415159800329,1.0091414314009e-05,0.00327545391333348,0.00427622143673626,0.0107241023607169
"img_00487.jpg",0.00451753061246339,0.0053846163471578,0.00205387309664482,0.00488559890961728,0.974817398359098,0.000910059912285033,0.00186723723155769,0.00556368553117551
"img_00493.jpg",0.00145608816180399,0.000753279202615288,0.00110965224419578,0.000675416926932412,0.990451893947828,0.00361134831076038,0.00109368921905138,0.000848631986813236
"img_00518.jpg",0.843967178802047,0.0322111725575409,0.00420001042516788,0.00284183639119996,1.05239602120869e-05,0.00622363293634588,0.0046657368888979,0.105879908038589
"img_00533.jpg",0.365760175899877,0.016424965356935,0.00302176962742156,0.00320285737468205,1.00923890892932e-05,0.02041089397689,0.0108826422611457,0.580286603113959
"img_00538.jpg",0.804651641643786,0.0676064192538988,0.0023334555382722,0.00243947398310415,1.00240043166792e-05,0.0191835314121695,0.00244218685141067,0.101333267313042
"img_00543.jpg",0.981231711690371,0.00517901347967509,0.00212191405674713,0.00290659476064134,1.00596542579956e-05,0.00229162481216946,0.00205954553389645,0.00419953601224133
"img_00550.jpg",0.034008355573648,0.00284970952969656,0.00172547134089638,0.000445975716687027,9.8048116543145e-07,0.958247250078092,0.000225116987679753,0.00249714029213525
"img_00551.jpg",0.536476741873634,0.00571696754501472,0.00283077987389982,0.403740936598102,6.25426038736132e-06,0.0194230164150323,0.00212429974366869,0.0296810036902613
"img_00564.jpg",0.00413694478127175,0.00177599299424993,0.00214461721301465,0.00233788820667846,0.982659552247751,0.00308773037641169,0.0010422442988034,0.00281502988181919
"img_00575.jpg",0.719483346900707,0.0287035373447806,0.00255272177561232,0.0022545016305916,1.00417750538927e-05,0.0278275103074489,0.00538083489089197,0.213787505374914
"img_00582.jpg",0.8472153545979,0.0139879782664839,0.0110952346259358,0.00254579612709513,1.03682980866666e-05,0.055318891635828,0.002676779162864,0.0671495972858063
"img_00584.jpg",0.942516578029168,0.00271193456662136,0.00948393131699895,0.00225248692132148,1.03814732111404e-05,0.0301278792648214,0.00331935943782209,0.00957744899003559
"img_00587.jpg",0.057468655828457,0.0146500030218869,0.00322799974480198,0.00238474811220938,1.00313351904574e-05,0.0248409133890097,0.00732492513046825,0.890092723437976
"img_00590.jpg",0.0637060813826269,0.0582190338762771,0.00452655495232229,0.00257222338593016,1.00375806680574e-05,0.00776216327983696,0.0111788355455131,0.852025069996825
"img_00591.jpg",0.0447894842478145,0.00470322821637085,0.00243538734931605,0.00306126858615594,1.00578395883908e-05,0.0146984478675159,0.00304293954207214,0.927259186351166
"img_00598.jpg",0.946501526452484,0.0185126946198963,0.00264924152921939,0.00865100123790986,1.00415744128422e-05,0.0129565457476714,0.00284320088821531,0.00787574795019039
"img_00599.jpg",0.787866248178618,0.0166501822956703,0.00702648141454905,0.00232175689780653,1.0063095969246e-05,0.00403728217497554,0.0199646410861409,0.162123344856271
"img_00612.jpg",0.90752180099776,0.00992318800988932,0.00270757970682599,0.00214693024955164,1.00664988665868e-05,0.0642887339967253,0.0082480637514676,0.00515363678891352
"img_00618.jpg",0.726179161598714,0.0614086457380109,0.0320274765627999,0.0223074232911361,0.0676824953963838,0.0124561781450076,0.0204455428950201,0.0574930763729274
"img_00620.jpg",0.876438049868716,0.0330626906835176,0.0464150728763765,0.00278553904761742,1.01292107521992e-05,0.023294388143246,0.00314990650390747,0.0148442236658671
"img_00642.jpg",0.00105109434151504,0.000774776172022841,0.000257452205761111,0.996924356031258,9.99777685351063e-07,0.000263701310175682,0.000203961100675429,0.00052365906090616
"img_00646.jpg",0.168281593867801,0.0174558099005653,0.0142757994180745,0.00324311197006118,1.0040324930794e-05,0.00617910889515479,0.00480907800485996,0.785745457618552
"img_00648.jpg",0.981231711690371,0.00517901347967509,0.00212191405674713,0.00290659476064134,1.00596542579956e-05,0.00229162481216946,0.00205954553389645,0.00419953601224133
"img_00650.jpg",0.0153516871058296,0.000780375296018138,0.000399273794602714,0.000381752237160059,9.97351197056746e-07,0.973581494401658,0.00705900996000066,0.00244540985353346
"img_00654.jpg",0.782944326999787,0.0207326360540563,0.0256044077809298,0.00765946362596925,0.0314710091284277,0.0570541801204344,0.0116150945316076,0.0629188817587876
"img_00664.jpg",0.957314693361575,0.0156645251179337,0.00208270182096658,0.00206333855153479,1.00229705697686e-05,0.00460276899139574,0.00273346395524247,0.0155284852307818
"img_00667.jpg",0.000694845697776078,0.000670145572825173,0.000681220912929414,0.000666195486699237,0.99488445090297,0.000683179855129946,0.000687588600064636,0.00103237297160582
"img_00676.jpg",0.000705272460366303,0.000698572183482703,0.000832287614137023,0.000672128192041784,0.991638429350216,0.000832725183566096,0.000911299351926827,0.00370928566426305
"img_00697.jpg",0.00250504135698591,0.00532486582845917,0.00499151114981085,0.00209324813598108,1.00303025803254e-05,0.00208743081874643,0.00253165872961756,0.980456213677819
"img_00708.jpg",0.757570518398251,0.0358962983084009,0.00455134883686552,0.00573274069431567,1.00688629505034e-05,0.119329065087244,0.0327050646549429,0.0442048951570289
"img_00716.jpg",0.00789389481865618,0.0082677445507926,0.00169895542562603,0.000267061907973524,9.86826946486459e-07,0.970762719017924,0.0010374720704881,0.010071165381593
"img_00717.jpg",0.633039489719154,0.262265543273064,0.00311684668793652,0.0047026797406339,1.00266597684152e-05,0.0845397249455503,0.00672749636602723,0.00559819260786536
"img_00718.jpg",0.536476741873634,0.00571696754501472,0.00283077987389982,0.403740936598102,6.25426038736132e-06,0.0194230164150323,0.00212429974366869,0.0296810036902613
"img_00723.jpg",0.0119286604470125,0.00160189633337152,0.00078089368759642,0.00075937867716026,0.978514418136668,0.00161422493184048,0.00259702358190182,0.00220350420444932
"img_00724.jpg",0.0505667699299974,0.00306371771151664,0.00383251775448738,0.00310447716029404,1.01491336541522e-05,0.0152410294234222,0.273534043619248,0.65064729526738
"img_00726.jpg",0.981438044808163,0.005910128443441,0.00199370821343832,0.0020046791733288,1.00203742802183e-05,0.00316804898058129,0.00231623918982609,0.00315913081694127
"img_00729.jpg",0.843967178802047,0.0322111725575409,0.00420001042516788,0.00284183639119996,1.05239602120869e-05,0.00622363293634588,0.0046657368888979,0.105879908038589
"img_00730.jpg",0.0110652131401693,0.00435981649522333,0.00224956959611994,0.00204728211578526,1.0020737864243e-05,0.00270789317917794,0.00434313048206207,0.973217074253598
"img_00757.jpg",0.917757636094253,0.0114293036143035,0.0171126358978467,0.00812188276966905,1.01117508748053e-05,0.0312948710355684,0.00320767421841728,0.0110658846190671
"img_00760.jpg",0.00287544785984947,0.00036134266265565,0.000338414115045625,0.995588356002585,9.98944061510333e-07,0.000213772584676714,0.000217424232171348,0.00040424359895469
"img_00763.jpg",0.00074621773212938,0.000683554071897469,0.000918507800219061,0.000665170199269372,0.994211919987449,0.00118984062661246,0.000678892157771146,0.000905897424652249
"img_00764.jpg",0.00490616610182626,0.00644594868460039,0.00560715523171266,0.00208967140256002,1.00227062491111e-05,0.00220451337606046,0.00205761504294913,0.976678907454042
"img_00765.jpg",0.0652307033902147,0.292926789397527,0.00359527831018129,0.0208441643362385,1.0053383018304e-05,0.249164032936634,0.0217385295426976,0.346490448703489
"img_00772.jpg",0.0341509441906338,0.0107200109500961,0.242569981308129,0.00208145381734044,1.00523533155305e-05,0.0867954446133257,0.0032613485198838,0.620410764247275
"img_00773.jpg",0.790973103003038,0.100982130219924,0.0196061260536212,0.00760499307184064,0.00863834288489364,0.056349872331235,0.00743104330031419,0.00841438913513316
"img_00777.jpg",0.66549660455497,0.0197319821930483,0.00426627690517343,0.0021923858634142,1.0154696106928e-05,0.299437020278763,0.00627713049630826,0.0025884450122158
"img_00780.jpg",0.0100928087387221,0.00325793210898315,0.00411249550182537,0.00218067840219517,1.00766435047399e-05,0.03485722297077,0.00905637853295465,0.936432407101045
"img_00798.jpg",0.865566290737678,0.049744285155837,0.00541926281149362,0.0335096321931625,1.00676833446022e-05,0.00623084913260644,0.00309076989452804,0.0364288423913494
"img_00808.jpg",0.917422231814813,0.0511079343375544,0.00216235315623318,0.00213199543825506,1.00566889645099e-05,0.00653200998741988,0.00225718517607798,0.0183762334006822
"img_00816.jpg",0.933700657317675,0.00818851310255336,0.00210415980297192,0.00213142089012457,1.00434287099136e-05,0.00390174151407965,0.0038924189636374,0.0460710449802481
"img_00828.jpg",0.000995231281644008,0.000695402036225734,0.00465377866483726,0.000668914725159077,0.990635058341199,0.000931725740052101,0.000684289033228262,0.000735600177655042
"img_00833.jpg",0.750404535272309,0.0218583313525418,0.00488058433523889,0.00461034335639691,1.00729515586896e-05,0.0876304209942756,0.0372036411623097,0.0934020705753692
"img_00837.jpg",0.808665647589896,0.106395397041326,0.00403267355183155,0.00250339735941594,1.01132471909865e-05,0.0707920213942448,0.00221860711304048,0.00538214270305411
"img_00855.jpg",0.876693670728735,0.0260586778669663,0.00494682812390541,0.00231040188526454,1.0302688859918e-05,0.0639410924077266,0.00501306934009088,0.0210259569584509
"img_00857.jpg",0.969914499746518,0.00754226888116986,0.00211325317558901,0.00202867932982444,1.00333044222206e-05,0.0114618352455829,0.00225866953392466,0.00467076078296869
"img_00858.jpg",0.963471024589907,0.00536898436463899,0.00227797816773406,0.00211035179165543,1.01243156448345e-05,0.00530725854033618,0.00380345709069154,0.0176508211393916
"img_00865.jpg",0.908529082163045,0.0592927509961964,0.00256378541186096,0.00290092271021105,1.00288654903255e-05,0.0179140120491278,0.0027629757446332,0.00602644205943489
"img_00876.jpg",0.000677464206764156,0.000669696218690607,0.000710790438496558,0.000667437305866879,0.993108791094694,0.000996827795977569,0.000855524249602126,0.00231346868990804
"img_00889.jpg",0.068408333582215,0.0199508154170492,0.182390356392593,0.00637789554386707,0.101881760141385,0.0209841466460655,0.0179773529370496,0.582029339339776
"img_00894.jpg",0.653766135872318,0.0110608203082272,0.0104846796351829,0.0140122207055544,0.245136286909725,0.00917816340399733,0.00712130113155119,0.049240392033444
"img_00902.jpg",0.00464034602437586,0.00364240724575657,0.00216597961533171,0.00230877318895699,1.00676942296616e-05,0.00446314600570202,0.978050115244943,0.00471916498070446
"img_00914.jpg",0.00204775890111113,0.00231859478201056,0.00201961488255217,0.00198570667827209,1.00202995810793e-05,0.00198959465038583,0.00199188511225591,0.987636824693831
"img_00921.jpg",0.859522759174457,0.00417973374003624,0.00301318983099169,0.00211287275191631,1.00658786703297e-05,0.0506203262754621,0.0395415381844953,0.0409995141639709
"img_00927.jpg",0.0637060813826269,0.0582190338762771,0.00452655495232229,0.00257222338593016,1.00375806680574e-05,0.00776216327983696,0.0111788355455131,0.852025069996825
"img_00943.jpg",0.946624312839402,0.0359727034994874,0.00207327417729464,0.00237014136147577,1.00280486077429e-05,0.00256991722274404,0.00228383612139165,0.00809578672959668
"img_00948.jpg",0.316564471118394,0.0116617047071322,0.0157569022039235,0.00580494643478418,0.565857280033348,0.0251424142440122,0.0145955454396918,0.0446167358187148
"img_00950.jpg",0.00214305451550365,0.000956195805399909,0.00141098087206568,0.000712590171991033,0.991057837745276,0.00124840170663537,0.0010667519657933,0.00140418721733555
"img_00959.jpg",0.947823840747115,0.00324359761102516,0.00206807239570452,0.00200262958526949,1.0033738256466e-05,0.011918406593934,0.00260953750623741,0.0303238818224578
"img_00962.jpg",0.112682579248951,0.00710642400043165,0.00419299095323793,0.0021285043411406,1.02053556795318e-05,0.00895901782872848,0.0137989029890911,0.85112137528274
"img_00964.jpg",0.00662710500373247,0.0212984226880769,0.760571634491613,0.00388399645048166,0.00626835392291111,0.00519707434688557,0.00556799273379581,0.190585420362504
"img_00966.jpg",0.704974031160881,0.0100537887681062,0.00883412748567951,0.00691552686384967,0.164495417458942,0.0392162986653263,0.00740039363721518,0.0581104159600005
"img_00974.jpg",0.868282314686632,0.0448598053260458,0.00364735008671035,0.00251640603631264,1.0025920748891e-05,0.033322389881032,0.00230119093469592,0.0450605171278224
"img_00979.jpg",0.00686102160193588,0.00663831166979397,0.0111461779428651,0.00218992468272648,1.00579884002262e-05,0.00431101697579919,0.00358716239696153,0.965256326741518
"img_00982.jpg",0.484924867679361,0.230437598388992,0.0386637983208902,0.0249184046977947,0.103651217060959,0.0480309202082652,0.0151653005801127,0.0542078930636258
"img_00985.jpg",0.766760930639087,0.0301732884628143,0.00693385582408708,0.00338367955031573,1.00738743183811e-05,0.0478845411031379,0.0178692190122901,0.12698441153395
"img_00999.jpg",0.78217077708649,0.0138680981569251,0.0026515446721975,0.00276921932651195,1.00270077539683e-05,0.0153087329934348,0.05050088319028,0.132720717566407
"img_01022.jpg",0.961755482074148,0.00427573639460094,0.00229301452909737,0.00301930703041287,1.01083446122853e-05,0.0218758941051439,0.00217481349786475,0.0045956440241199
"img_01031.jpg",0.819925141749627,0.00378981418516174,0.00262276352553463,0.0020686975572345,1.00381983304637e-05,0.164647122831445,0.00300644281960061,0.00392997913306573
"img_01035.jpg",0.66549660455497,0.0197319821930483,0.00426627690517343,0.0021923858634142,1.0154696106928e-05,0.299437020278763,0.00627713049630826,0.0025884450122158
"img_01043.jpg",0.00963533693222989,0.00107568782404483,0.00137100167728146,0.000704314726617703,0.972938137938499,0.00363090358132937,0.0086597792661811,0.00198483805381707
"img_01058.jpg",0.938092050651158,0.00762951107512744,0.0030895278640021,0.00243969793781121,1.05820469652481e-05,0.0034521387521989,0.00271592997578588,0.0425705616969509
"img_01059.jpg",0.0369886680712141,0.0100465442642955,0.00214563563444342,0.00207938331544356,1.00345885408658e-05,0.0260844058759476,0.00603001202460684,0.916615316225508
"img_01090.jpg",0.000863958030832977,0.00183941682790547,0.00166208555295649,0.000673924379362857,0.991952123782019,0.000746712046771433,0.00126480656373497,0.000996972816417098
"img_01102.jpg",0.192779090248199,0.664278507207183,0.00385209414651715,0.0325404613203957,1.00371562574205e-05,0.00225716362049699,0.00230752664387181,0.101975119657079
"img_01103.jpg",0.0202246988242088,0.0340810451947355,0.00442068438219763,0.00408718465836467,1.00719708772648e-05,0.00323837879413948,0.00695514847606848,0.926982787699408
"img_01116.jpg",0.823363665301087,0.07761645013028,0.00958950309132057,0.0101272905240879,1.0026639791988e-05,0.0437054041070527,0.00207451690329475,0.0335131433030854
"img_01134.jpg",0.536476741873634,0.00571696754501472,0.00283077987389982,0.403740936598102,6.25426038736132e-06,0.0194230164150323,0.00212429974366869,0.0296810036902613
"img_01142.jpg",0.706592969320257,0.0387325405460428,0.0272342183587349,0.0103477056146119,0.147446497026138,0.0207577923378389,0.0107649824926021,0.0381232943037746
"img_01168.jpg",0.00399213599879485,0.00376093910560203,0.000763911141856454,0.00122527259726565,0.00119119523576637,0.980640276421192,0.00263380466765517,0.00579246483186709
"img_01171.jpg",0.000793608721157935,0.000689263004196466,0.000754513774962486,0.000666534406077837,0.994514670454022,0.000751747380810406,0.000669386540814385,0.00116027571795856
"img_01177.jpg",0.706592969320257,0.0387325405460428,0.0272342183587349,0.0103477056146119,0.147446497026138,0.0207577923378389,0.0107649824926021,0.0381232943037746
"img_01179.jpg",0.976352862309873,0.00357639447695521,0.00210893954428659,0.00240420809985957,1.0043736407137e-05,0.0110758349779665,0.00212272057061277,0.00234899628403895
"img_01188.jpg",0.0838597163449121,0.351118823482562,0.00339929570050717,0.0174427767287247,1.00922845163044e-05,0.188244811359046,0.0122751620276646,0.343649322072066
"img_01198.jpg",0.341775664030851,0.0142569169311018,0.0027560531768287,0.00237111751986929,0.551422409927003,0.00329359331419261,0.0244798259728056,0.0596444191273476
"img_01204.jpg",0.000678470632532492,0.000667361569420228,0.000669542589107103,0.000665341410176812,0.994739498082883,0.000673138733199898,0.0006773243608694,0.001229322621811
"img_01208.jpg",0.00318812835994998,0.000894159165028747,0.00107632429098257,0.000745643159593312,0.990359981604423,0.00150632107961981,0.00107219566815427,0.00115724667224805
"img_01211.jpg",0.938719256090532,0.0472893150070847,0.00216499863074737,0.00304158167062759,1.00411935217062e-05,0.00231288829284059,0.00207152877418553,0.00439039034046096
"img_01213.jpg",0.891345767795627,0.0576195484247071,0.00237454337355871,0.00502811134174072,1.00505224999849e-05,0.0134243131135687,0.00219701664128695,0.0280006487870109
"img_01222.jpg",0.79634322716102,0.0676282953196853,0.00370709561947651,0.0198010720089908,1.00428892428476e-05,0.0178997403075089,0.00714876882927693,0.087461757864799
"img_01224.jpg",0.00930015242492534,0.00746605319737018,0.120336885734456,0.00289582711183643,1.00379894186612e-05,0.00290197181671805,0.00332131603560987,0.853767755689666
"img_01237.jpg",0.0149907804672931,0.00159867348305607,0.00106608195952197,0.000668791616931726,0.968957757715997,0.00235709643465235,0.000856430918617295,0.0095043874039301
"img_01249.jpg",0.0128823826445571,0.00408294187930326,0.00272744856128594,0.00108791268082238,0.972779059899675,0.00317822683163504,0.000891857665038729,0.00237016983768293
"img_01253.jpg",0.00199412810633082,0.00202095029350925,0.00199680734097285,0.00198689903404334,1.00198128021359e-05,0.00198651969712949,0.00198723227231126,0.988017443442901
"img_01286.jpg",0.0926841758885835,0.00498697595625064,0.00338662213038314,0.00562776042208007,1.0513148535531e-05,0.00488589539107578,0.00278772741005954,0.885630329653032
"img_01289.jpg",0.036872888431776,0.0254880744391606,0.00217849687163557,0.00235925212819065,1.00338521635196e-05,0.0193985098797424,0.00605743369891308,0.907635310698418
"img_01325.jpg",0.0102994476563711,0.00254063703836178,0.0014052408795505,0.000673634994992172,0.979069693028739,0.000905623970899156,0.00231193236547745,0.00279379006560907
"img_01328.jpg",0.926340915563053,0.0498866431697185,0.00208555530995574,0.00269727669424157,1.00278314338351e-05,0.00475701095717248,0.00204577611652099,0.012176794357904
"img_01366.jpg",0.316735496535282,0.00581578119032021,0.0106099374375569,0.00723081033413257,5.5572313144584e-06,0.650859528626447,0.00217688822018256,0.00656600042476397
"img_01371.jpg",0.967110995671603,0.00835695075998846,0.00283504567607517,0.00217902962103278,1.02507305543139e-05,0.0039275115988131,0.0024707827032418,0.0131094332386915
"img_01373.jpg",0.00364327708928068,0.000840443358792462,0.00291353642465897,0.000660557164948795,0.973354244290824,0.0169891936928477,0.000684421464421808,0.000914326514225915
"img_01377.jpg",0.00658778055053203,0.00321951349670159,0.00098845056350034,0.000668992410036228,0.980574428899752,0.00609472937461657,0.000811340043866353,0.00105476466099542
"img_01379.jpg",0.887625420151749,0.0159675674317968,0.0153163677321603,0.00317592905627682,1.00374134271302e-05,0.0488285185713394,0.0025769244925503,0.0264992351507001
"img_01384.jpg",0.034008355573648,0.00284970952969656,0.00172547134089638,0.000445975716687027,9.8048116543145e-07,0.958247250078092,0.000225116987679753,0.00249714029213525
"img_01388.jpg",0.9191291165045,0.0539953357263527,0.00207484479617708,0.00207482904914218,1.00732472392292e-05,0.011947417976132,0.00260576786055923,0.00816261483989734
"img_01392.jpg",0.00237439686880815,0.00795160533343594,0.950466098194799,0.00210301239996825,1.00371685475831e-05,0.00221483112144947,0.00252674919836182,0.0323532697146303
"img_01399.jpg",0.00647353593095938,0.908100192663725,0.00474457086880108,0.00227622141350682,1.00474357811915e-05,0.0156088789246794,0.00285014228659866,0.0599364104759481
"img_01404.jpg",0.954224542372263,0.0050701428138898,0.002089307130942,0.00387817601682473,1.00310125106565e-05,0.0104027302194428,0.00205028134586665,0.0222747890882602
"img_01405.jpg",0.897252946714645,0.0218954457999917,0.0061004268816027,0.00278547802836079,1.00560649664721e-05,0.0589628001339877,0.00222657057817086,0.0107662757982752
"img_01413.jpg",0.983535217076787,0.00341061946737807,0.00207843409418843,0.00208519953782907,1.00968594750258e-05,0.0043135938655632,0.00214997062704013,0.00241686847173923
"img_01426.jpg",0.134870538786034,0.237278543160617,0.00230026209607739,0.00211696501432139,1.00423053571437e-05,0.0854260502553909,0.441119102875927,0.0968784955062748
"img_01431.jpg",0.00287544785984947,0.00036134266265565,0.000338414115045625,0.995588356002585,9.98944061510333e-07,0.000213772584676714,0.000217424232171348,0.00040424359895469
"img_01441.jpg",0.00248871941348948,0.0023877021993415,0.00201412939822188,0.00200906811795366,1.00221737789488e-05,0.00200311066111177,0.00229645479071698,0.986790793245386
"img_01444.jpg",0.256671200199632,0.00440241808274445,0.00227864822041625,0.00221338945789923,1.00367744313298e-05,0.00962097433049669,0.00927710484891187,0.715526228085468
"img_01490.jpg",0.0221779799374604,0.00947479725975099,0.089635581258349,0.00252648904955844,1.00382500550704e-05,0.00307347280374851,0.00259842365811526,0.870503217782962
"img_01495.jpg",0.703003774871945,0.0267876983975532,0.00325084377892609,0.00274160001380736,1.00286839032284e-05,0.00986991620605298,0.00261064027574817,0.251725497772064
"img_01505.jpg",0.00106996551122886,0.000746064703405519,0.000740585572874707,0.00068858230600802,0.994044628675227,0.000725187152818381,0.000751685028673955,0.00123330104976325
"img_01511.jpg",0.898483742979993,0.0234386146673464,0.0534705568257248,0.00238205639757382,1.0040393797892e-05,0.00899783637082105,0.00293050923627535,0.0102866431284677
"img_01519.jpg",0.409010594377314,0.0329013507774224,0.0050468495337705,0.00560588024237239,1.00739632835179e-05,0.175340334568914,0.0525892254750133,0.319495691061909
"img_01530.jpg",0.967650493122308,0.00911855218721458,0.00227282579594936,0.00223926539118228,1.02264171298953e-05,0.00423775439698573,0.00282144417771436,0.0116494385115157
"img_01537.jpg",0.821321900801458,0.0124289410747395,0.0553200861730316,0.00212511704922224,1.02360700301594e-05,0.0585098067372654,0.00783972898750012,0.0424441831067531
"img_01538.jpg",0.892221869826978,0.0451383249903016,0.00528351775161618,0.00243209656364414,1.00493855952321e-05,0.0432527679692774,0.00248402356436348,0.00917734994822426
"img_01541.jpg",0.000965881574069121,0.000704854353387705,0.00696921472476472,0.000657253152076312,0.987510352901623,0.00176799039390024,0.000671131875377503,0.000753321024801802
"img_01543.jpg",0.978411402513406,0.00372485634821929,0.00201882854107127,0.00201751152114127,1.00474049449197e-05,0.00224777424643362,0.00212615508302802,0.00944342434175533
"img_01548.jpg",0.949609706487372,0.00333790795073451,0.0022554540934718,0.00206943896817704,1.01073300507894e-05,0.0309214734694572,0.00407494043582312,0.00772097126491351
"img_01552.jpg",0.969914499746518,0.00754226888116986,0.00211325317558901,0.00202867932982444,1.00333044222206e-05,0.0114618352455829,0.00225866953392466,0.00467076078296869
"img_01561.jpg",0.00734269653739313,0.00121412984460048,0.00254380970366843,0.000913711544714776,0.983228238693084,0.00123371529673531,0.00162246563453011,0.00190123274527386
"img_01562.jpg",0.798154910337381,0.0105172697293245,0.00224420588211677,0.00217273622550152,1.0028951928844e-05,0.0115194898842061,0.0366736143529903,0.138707744636551
"img_01571.jpg",0.958570481281915,0.0278249350702884,0.0020638179267902,0.00212589694594074,1.00240325646558e-05,0.00216240088047249,0.0025713243157302,0.00467111954629821
"img_01593.jpg",0.701226673840016,0.0885038823074251,0.00426849230801655,0.00371459191389999,1.00521930878046e-05,0.0208095736481836,0.0103937169475805,0.17107301684179
"img_01595.jpg",0.00434518890045189,0.00370899616687001,0.00460164795819808,0.00108599537554378,0.974794131543487,0.00105729026920822,0.00105974162275238,0.00934700816348872
"img_01616.jpg",0.547277834215794,0.035947223167794,0.00332572851443017,0.00316352502730556,1.0237394638375e-05,0.00533198465616845,0.0223487403170858,0.382594726706783
"img_01618.jpg",0.855545013593809,0.03709816893553,0.00285931012819828,0.00237246619630567,1.03495215350239e-05,0.0784047717148415,0.0159744333981109,0.00773548651166941
"img_01627.jpg",0.919278606316808,0.0408823216176471,0.0021048009301113,0.00256901769799727,1.00210518789627e-05,0.0240396151199768,0.00283714560443866,0.0082784716611423
"img_01632.jpg",0.789997498838153,0.0114413704777428,0.0152468525681922,0.00723955012941963,0.124129050648086,0.0279062911137722,0.00703886184461889,0.0170005243800153
"img_01633.jpg",0.83004990431612,0.0070664040588699,0.00351077618623708,0.00325844508717398,1.00789550913341e-05,0.116300325288055,0.00859539669655809,0.0312086694118954
"img_01640.jpg",0.981231711690371,0.00517901347967509,0.00212191405674713,0.00290659476064134,1.00596542579956e-05,0.00229162481216946,0.00205954553389645,0.00419953601224133
"img_01646.jpg",0.96216835589921,0.0138292133987191,0.00203381347334583,0.00204489360567809,1.00211688988463e-05,0.00994619892572601,0.00203534625301773,0.00793215727540428
"img_01647.jpg",0.00150332463420735,0.000675843827866337,0.00070151635675083,0.000659362994631747,0.99412469854521,0.000934810864921113,0.000699404114241157,0.00070103866217184
"img_01649.jpg",0.899279378914392,0.0498721367299096,0.00414707009983726,0.00448429767748303,1.05361339591557e-05,0.0186312748658591,0.0107019605748013,0.0128733450037581
"img_01657.jpg",0.136669991043576,0.0110931697642307,0.274302176365599,0.00206149965542031,1.0053033848953e-05,0.00661202917700595,0.00215006540972453,0.567101015550595
"img_01669.jpg",0.00287544785984947,0.00036134266265565,0.000338414115045625,0.995588356002585,9.98944061510333e-07,0.000213772584676714,0.000217424232171348,0.00040424359895469
"img_01673.jpg",0.300006777719277,0.00471955508118384,0.004503273406432,0.0042144749194635,0.65639489960747,0.0111414325792695,0.0102587143456281,0.00876087234127572
"img_01681.jpg",0.0936541391143166,0.0151749179989927,0.00473566976563456,0.00231676208385021,1.00478083340101e-05,0.00528164961205715,0.00496986689134804,0.873856946725467
"img_01684.jpg",0.946783428384505,0.00930428179453402,0.00214827115187507,0.00366073045965694,1.0023669444599e-05,0.0132415739760081,0.00216273924312014,0.022688951320856
"img_01685.jpg",0.086233306447308,0.0158516153127797,0.0594187235090591,0.0152296330639766,0.119905745635846,0.666471742991645,0.00588194137448314,0.0310072916649024
"img_01687.jpg",0.729008856594386,0.00570893316135534,0.00327414707080011,0.00286870744254523,1.00464741140872e-05,0.00434680990643747,0.00850081069267463,0.246281688657688
"img_01688.jpg",0.036872888431776,0.0254880744391606,0.00217849687163557,0.00235925212819065,1.00338521635196e-05,0.0193985098797424,0.00605743369891308,0.907635310698418
"img_01689.jpg",0.00500475405484386,0.00392994691260187,0.00699794816263773,0.00209280722614874,1.00314400000466e-05,0.00919588450606715,0.0108763770906705,0.96189225060703
"img_01716.jpg",0.00118329476352937,0.000717458502456637,0.0082769469203378,0.000656326333792077,0.985691328148879,0.0019391908365983,0.000694890680758925,0.000840563813647425
"img_01717.jpg",0.0119286604470125,0.00160189633337152,0.00078089368759642,0.00075937867716026,0.978514418136668,0.00161422493184048,0.00259702358190182,0.00220350420444932
"img_01724.jpg",0.821321900801458,0.0124289410747395,0.0553200861730316,0.00212511704922224,1.02360700301594e-05,0.0585098067372654,0.00783972898750012,0.0424441831067531
"img_01745.jpg",0.874626465108522,0.0321327349002993,0.0277880676257954,0.0117442108028481,0.0135423464725529,0.0200914091307105,0.00576807775416073,0.0143066882051112
"img_01771.jpg",0.910900986101295,0.0381300828203288,0.00413823784050194,0.00777892693220338,1.01445324494321e-05,0.00601590774001374,0.00734080977337979,0.0256849042598279
"img_01773.jpg",0.869381955370714,0.0109259535188787,0.00228285465867371,0.00223448959591618,1.00237541509336e-05,0.00555978021447395,0.0157022485567864,0.0939026943304058
"img_01781.jpg",0.0033530968811083,0.000943281482287655,0.000798092723154017,0.000695538753274396,0.991548173471692,0.000932292868725046,0.000852144231674344,0.00087737958808476
"img_01782.jpg",0.00164841903242938,0.000752349735100786,0.00091604604706635,0.000659613964566244,0.993334795811146,0.00121788400183854,0.000694806394217322,0.000776085013635586
"img_01802.jpg",0.634001424896638,0.0148386118696008,0.0108054043115194,0.0116769166601699,0.291830982084424,0.00824322303683026,0.00971027969685544,0.0188931574439621
"img_01803.jpg",0.00662710500373247,0.0212984226880769,0.760571634491613,0.00388399645048166,0.00626835392291111,0.00519707434688557,0.00556799273379581,0.190585420362504
"img_01824.jpg",0.83004990431612,0.0070664040588699,0.00351077618623708,0.00325844508717398,1.00789550913341e-05,0.116300325288055,0.00859539669655809,0.0312086694118954
