"image","ALB","BET","DOL","LAG","NoF","OTHER","SHARK","YFT"
"img_00005.jpg",0.000937207060342254,0.000937207060342254,0.000937207060342254,0.000937207060342254,0.993439550577604,0.000937207060342254,0.000937207060342254,0.000937207060342254
"img_00007.jpg",0.127912181715185,0.0152644106436912,0.00526931986947905,0.00480815481995445,1.00292628509738e-05,0.00326112788691969,0.00293728922803078,0.840537486573888
"img_00009.jpg",0.818978664157644,0.0767291714939747,0.00451031451288433,0.00295986159405912,1.00288936992518e-05,0.0890687201491501,0.00289952373247464,0.00484371546611364
"img_00018.jpg",0.75622090167501,0.0564450723045911,0.00474540267912153,0.0105636548499155,1.0029510016799e-05,0.159918460385855,0.00296296279927967,0.00913351579620998
"img_00027.jpg",0.195471260352888,0.0904021957799394,0.00981227859680854,0.00345381836523783,1.01038989453749e-05,0.135647996835763,0.0108352288093608,0.554367117361057
"img_00030.jpg",0.00143879521121365,0.000943459458995786,0.000943459458995786,0.000943459458995786,0.992900448034812,0.000943459458995786,0.000943459458995786,0.000943459458995786
"img_00040.jpg",0.18235758372123,0.00930653414446821,0.00435562814321085,0.0030054195384845,1.00743361066438e-05,0.00650807336129866,0.748536417094582,0.0459202696606193
"img_00046.jpg",0.695498477833725,0.00950627539220801,0.00950627539220801,0.00950627539220801,0.247463869813027,0.00950627539220801,0.00950627539220801,0.00950627539220801
"img_00053.jpg",0.929824783859488,0.0211768879882358,0.0172428304336682,0.00393867181569718,1.0069628689333e-05,0.0147170231255719,0.00310581121921369,0.0099839219294355
"img_00071.jpg",0.000564328889252754,0.00028501971928912,0.000284994892950408,0.998009605490521,1.00084959253626e-06,0.000284991289416499,0.000284990378389334,0.000285068490587902
"img_00075.jpg",0.937571490669869,0.0125505464969132,0.00298856967812985,0.00317456536701438,1.01963191420368e-05,0.0377028563901162,0.00298773577479999,0.0030140393040149
"img_00102.jpg",0.349252249932728,0.0138579839304166,0.00338024744535464,0.00301192819039693,1.0029600232495e-05,0.033943737820394,0.0100837103169407,0.586460112763537
"img_00103.jpg",0.801411369639991,0.0518953867160228,0.100420687497472,0.00292727305868713,1.0028934483159e-05,0.0157914881493609,0.00302693582160282,0.0245168301823804
"img_00109.jpg",0.980224169732883,0.00383504515749528,0.00286911396462603,0.00286783854043024,1.00285526578348e-05,0.00368352674632463,0.0028933390881204,0.0036169382174628
"img_00119.jpg",0.000951076479742733,0.000951076479742733,0.00128053150868325,0.000951076479742733,0.986979137469394,0.00128728350824362,0.00131494340022624,0.00628487467422502
"img_00120.jpg",0.742482839746616,0.0134189679396235,0.00310744461804842,0.00298166370131638,1.00341119655059e-05,0.0154729295106718,0.0499202204598772,0.172605899911881
"img_00125.jpg",0.780143728166205,0.00619055387599965,0.00879672261644196,0.0056051415419838,1.00297471087577e-05,0.0202308659295824,0.0058110878991873,0.173211870223491
"img_00128.jpg",0.00376500167542309,0.0765147614222468,0.236040823470067,0.00291550196216949,1.00290586854619e-05,0.00317369857131336,0.00335896527836459,0.674221218561731
"img_00129.jpg",0.177645346070781,0.00889511986413207,0.00354397758284795,0.00301151833875555,1.00900154995426e-05,0.00871009653423538,0.753730765958129,0.0444530856356197
"img_00133.jpg",0.00372778425021057,0.000948269733342509,0.00095316330281442,0.000948269733342509,0.990131607774298,0.00139436573930705,0.000948269733342509,0.000948269733342509
"img_00138.jpg",0.743313485989914,0.236861829646732,0.00474158377080991,0.00480699984367622,1.00353738347073e-05,0.0031606240746685,0.00303669109442192,0.00406875020594282
"img_00141.jpg",0.00288442303723535,0.00819970944220861,0.00739047934794762,0.00287767703854378,1.00286762653595e-05,0.00287777261149707,0.00287798001002078,0.972881929836281
"img_00152.jpg",0.0148473718383398,0.0093089453508161,0.00296560383298392,0.00289433313733106,1.00360566390341e-05,0.00798733300926643,0.00331418066465806,0.958672196109966
"img_00161.jpg",0.00283820217068108,0.00283822042158576,0.00283819706216555,0.00283819289103845,1.00282812601531e-05,0.00283819302265108,0.00283819333549223,0.982960772815126
"img_00164.jpg",0.000942153574512504,0.000942153574512504,0.000942153574512504,0.000942153574512504,0.992957496409586,0.000942153574512504,0.000942153574512504,0.00138958214333934
"img_00170.jpg",0.00902649594387805,0.000952350255174595,0.000285911976285225,0.970140323308048,9.73173534958338e-07,0.00131952944751604,0.000460303114059369,0.0178141127815036
"img_00171.jpg",0.554129770614336,0.0104008841193192,0.0642570812221909,0.0245297196705179,1.0115148694263e-05,0.336174435678372,0.00436965642751996,0.00612833711905004
"img_00172.jpg",0.000937207060342254,0.000937207060342254,0.000937207060342254,0.000937207060342254,0.993439550577604,0.000937207060342254,0.000937207060342254,0.000937207060342254
"img_00175.jpg",0.0449815096643413,0.000637741990460016,0.000949366054832783,0.000905866395766791,9.56962564780108e-07,0.951220504015648,0.000323205707188967,0.000980849209197526
"img_00180.jpg",0.00667122246720143,0.00356729282740335,0.00344846243191666,0.00291661196924762,1.0029309296496e-05,0.00352029701737907,0.00370562336032638,0.976160460617229
"img_00196.jpg",0.00209582939423607,0.00135396855343228,0.00109495296703713,0.000961508075503169,0.991489777027426,0.00101412423901785,0.000965179847321073,0.00102465989602682
"img_00212.jpg",0.40306634730808,0.00454825309740421,0.0029390839672352,0.0227113624742616,1.00287101739763e-05,0.00329658568452662,0.00290876286239794,0.56051957589592
"img_00223.jpg",0.823956992797912,0.0171930682793071,0.0946195735786081,0.00841094489916306,1.00297807391212e-05,0.0292863181259953,0.00631925046418309,0.0202038220740924
"img_00230.jpg",0.773847122208997,0.119283746427913,0.00295021668006699,0.00291716936239473,1.00290654918482e-05,0.0771452096306654,0.00294243974598414,0.0209040668784872
"img_00232.jpg",0.00437041895948138,0.00301118856252481,0.00289996626173136,0.00289963102341941,1.00317836871185e-05,0.00426510095762446,0.978957802769492,0.00358585968203963
"img_00244.jpg",0.772507256521841,0.061534102365782,0.00313680773160677,0.00317681138586369,1.00294834580459e-05,0.048970327813475,0.00382960872377988,0.106835055974193
"img_00272.jpg",0.845350386988085,0.00381097038543188,0.0868665582563886,0.0170029022226979,1.01018041778387e-05,0.0166474431252865,0.00303498021119977,0.0272766570067325
"img_00280.jpg",0.975260010418217,0.00303835473773138,0.00323398339742953,0.00300406343008858,1.02814034832521e-05,0.00480590603142824,0.00376833151328815,0.00687906906833349
"img_00282.jpg",0.611606706502041,0.0123732027695393,0.00955194551768187,0.0311974316000175,1.01009268625805e-05,0.321469293951536,0.00360209979622805,0.0101892189360935
"img_00285.jpg",0.485026606019686,0.0125893578727903,0.00475419136325514,0.00329083479535503,1.00606876040466e-05,0.00973454989446236,0.011986969219897,0.472607430146951
"img_00289.jpg",0.9626710595979,0.010659127221194,0.00512379705071399,0.00284539372687297,1.0035933075561e-05,0.00285432836665819,0.00285903807788789,0.0129772200256973
"img_00292.jpg",0.663454340572926,0.0705410320780357,0.00840891267857761,0.0041077644656897,1.00816744489713e-05,0.0800143812617406,0.0122398444522079,0.161223642816374
"img_00302.jpg",0.234639178694956,0.00929042569180978,0.00347893258776572,0.00302145748240456,1.01279091637496e-05,0.0083302375746206,0.705820288345132,0.0354093517141473
"img_00311.jpg",0.982902915067199,0.00285319358400489,0.00284599376806139,0.00284608879197032,1.0035798681158e-05,0.00284607651125838,0.00284599604554214,0.00284970043328305
"img_00320.jpg",0.980147088783736,0.00343323298494457,0.00288475050320237,0.00288474589576978,1.00367425568174e-05,0.00443102022809233,0.0032774245909907,0.00293170027070735
"img_00331.jpg",0.902206675694039,0.0257822553295849,0.00311129936296719,0.00295694600231844,1.00611936249724e-05,0.0406113969966136,0.00537017044787884,0.0199511949729732
"img_00358.jpg",0.398780600848024,0.0364502884854258,0.00299203911548296,0.00295832886970755,1.00293965101536e-05,0.019655478373875,0.016154579345623,0.522998655565352
"img_00374.jpg",0.710326450228601,0.0473034291614057,0.00376329236904931,0.00352912177427478,1.00292347506835e-05,0.00817725585279143,0.00326284019226396,0.223627581186864
"img_00375.jpg",0.0211220069604432,0.021617539078965,0.916071684138465,0.00547561998006514,1.0033489149508e-05,0.0147698937470902,0.00502461352059612,0.0159086090852257
"img_00376.jpg",0.954061665931925,0.00677264824969146,0.00666032419363102,0.00297576753690363,1.00433771287228e-05,0.0170098187015243,0.00612788876494731,0.00638184324424827
"img_00380.jpg",0.952081564923841,0.00773054672544232,0.00291657515516811,0.00332581210393672,1.00287879568664e-05,0.0274803953370894,0.00289006197691889,0.00356501498964642
"img_00383.jpg",0.932348549943779,0.00488155667644918,0.0028514884942413,0.00286884357234206,1.00284085925512e-05,0.00285161959135627,0.00285121471420853,0.0513366985990309
"img_00398.jpg",0.96333478076428,0.00912661270652464,0.00288360979234691,0.0028845038418639,1.00434003353028e-05,0.00385213774625302,0.00289665486259324,0.0150116568858025
"img_00407.jpg",0.94665500343743,0.0357191682952511,0.00288939442405725,0.00288616933850369,1.00287346129302e-05,0.00482970761847243,0.00291764370095014,0.00409288445072207
"img_00417.jpg",0.164760954880266,0.00353163729015514,0.00285604794639257,0.00481820240395105,1.00283699984632e-05,0.00284923737666358,0.00284714944587114,0.818326742286702
"img_00432.jpg",0.32966746851473,0.0192347628582816,0.0771851534157729,0.0238427812710879,0.117845194462818,0.356508885562987,0.00995264753381058,0.0657631063805121
"img_00442.jpg",0.00283891967404543,0.00283907671432337,0.00283874730842454,0.0028387465810595,1.00282869749901e-05,0.00283874654224082,0.0028387519140606,0.982956982978871
"img_00446.jpg",0.94900618903745,0.00502336661779118,0.00294389531709249,0.00482099222234466,1.00363619276932e-05,0.0183749854013917,0.00294799276173527,0.0168725422802665
"img_00469.jpg",0.938709000958189,0.00576937451364304,0.00294138064561718,0.00365519276787905,1.00380687877017e-05,0.0151931478754882,0.0032506510656669,0.0304712141047287
"img_00473.jpg",0.968485493402871,0.00953248236070823,0.00291606247414079,0.00292248921037017,1.00508903750856e-05,0.00313321412107948,0.00290422597391172,0.0100959815665434
"img_00483.jpg",0.966272600021298,0.0164052461355457,0.00288124991890313,0.0028821211463182,1.00287119538111e-05,0.00303686109409677,0.0030318359380525,0.00548005703383188
"img_00484.jpg",0.203965143965144,0.0691639261125773,0.00803344143562074,0.0241903554653205,1.00297255904578e-05,0.00872927005502862,0.00444408424391264,0.681463748996806
"img_00486.jpg",0.936327736280149,0.0291925766201608,0.0183606539523686,0.0059928751045876,1.00841516526239e-05,0.00307416151474219,0.00330883644688864,0.00373307592945012
"img_00487.jpg",0.000937207060342254,0.000937207060342254,0.000937207060342254,0.000937207060342254,0.993439550577604,0.000937207060342254,0.000937207060342254,0.000937207060342254
"img_00493.jpg",0.0017038168358648,0.000950023284945207,0.000950023284945207,0.000950023284945207,0.991968313569529,0.00157775316988056,0.000950023284945207,0.000950023284945207
"img_00518.jpg",0.875384244642932,0.0129100137146593,0.00345891654235048,0.00363780156283469,1.02286076534489e-05,0.00298394267130862,0.00304921089294226,0.0985656413653196
"img_00533.jpg",0.426852747801857,0.0146932179322641,0.00303255730098548,0.00303002163447992,1.00319009508744e-05,0.0118082499223196,0.00600164226099631,0.534571531246147
"img_00538.jpg",0.801009848270779,0.0807215382980528,0.00298652690734661,0.00328640560218591,1.00292759785721e-05,0.0170725770862308,0.00314009734196907,0.0917729772174573
"img_00543.jpg",0.982900328620722,0.00285061745836185,0.00284378319914337,0.00284382917590729,1.00283372750016e-05,0.00284379856216629,0.00284378281597776,0.00286383183044691
"img_00550.jpg",0.033588852892736,0.00177518221452368,0.00276059317244072,0.000877880734443843,9.86897105627123e-07,0.959362714100009,0.000320029782088599,0.00131376020665249
"img_00551.jpg",0.870260466608074,0.00595849610825256,0.00307292833739779,0.00378792923122038,1.0031439423871e-05,0.0930390286518842,0.00450364127844364,0.0193674783453033
"img_00564.jpg",0.00103602507440044,0.000949451808892978,0.00109397182288664,0.000949451808892978,0.992399430795403,0.00167276507173808,0.000949451808892978,0.000949451808892978
"img_00575.jpg",0.790610885750681,0.00971688209719773,0.00300421234075837,0.00294069925942451,1.00561072930393e-05,0.0124520180214971,0.00614530892192495,0.175119937501223
"img_00582.jpg",0.951283312932218,0.0106883508877896,0.00573743745907859,0.00311709697792856,1.05004157814554e-05,0.0187995427162003,0.00345342541824874,0.00691033319275484
"img_00584.jpg",0.949135463525544,0.00301728610148969,0.00963188196738568,0.00301559762930583,1.03934305367657e-05,0.0254457149661247,0.00305212037550875,0.0066915420041049
"img_00587.jpg",0.0869108819436313,0.00979941801217253,0.00406519451167128,0.00293694937673203,1.00425771326471e-05,0.0272244239216893,0.0123046913282473,0.856748398328724
"img_00590.jpg",0.108018832280435,0.0429831671142924,0.00716558649896596,0.00298323438393299,1.00391622135363e-05,0.00819983808148322,0.0141189242133914,0.816520378265285
"img_00591.jpg",0.0370294887775658,0.00321872655904631,0.00289948791369822,0.00289872896672091,1.00288703573191e-05,0.0167385062638078,0.00289725622844623,0.934307776420357
"img_00598.jpg",0.932545333635427,0.0197197558426424,0.0037543937049566,0.0124607017882416,1.00567009428732e-05,0.0173892658158573,0.00403920910492063,0.0100812834070112
"img_00599.jpg",0.675495039937499,0.0220705263470476,0.0099045510065211,0.00301578177520551,1.00843452087984e-05,0.00541304056896229,0.0239904745599725,0.260100501459583
"img_00612.jpg",0.888172764458837,0.0106873193341809,0.0038204331662189,0.00298040073843385,1.0094083996454e-05,0.0788216181617309,0.00942372399331987,0.00608364606328187
"img_00618.jpg",0.924831709508226,0.00944391956038781,0.00944391956038781,0.00944391956038781,0.0185047731294471,0.00944391956038781,0.00944391956038781,0.00944391956038781
"img_00620.jpg",0.867277063367796,0.00947680592125888,0.0719344201485615,0.00352541138017462,1.00295960554083e-05,0.0230661209497116,0.00419801941335498,0.0205121292230873
"img_00642.jpg",0.00097710775040226,0.00063991125283689,0.000288759831980399,0.997164822307696,1.00004246632325e-06,0.000289135306411061,0.000288691930803087,0.000350571577403496
"img_00646.jpg",0.0241430456595411,0.00445141347467874,0.00316838150644959,0.0028595131307796,1.00284916809883e-05,0.00311547649229496,0.00411923133131027,0.958132909913265
"img_00648.jpg",0.982848199423905,0.00289085725532359,0.00284897689288032,0.00284901419186039,1.00349260123596e-05,0.00284899482096382,0.00284897674969132,0.0028549457393633
"img_00650.jpg",0.0130083256531207,0.000924085986023224,0.000499407448258542,0.000519010622528347,9.85545179814604e-07,0.976845250790163,0.00650194648710624,0.00170098746761982
"img_00654.jpg",0.712919655079926,0.0292310569987004,0.0510735968641471,0.015862873482089,0.0871617872151868,0.0298963658948624,0.0263620931769665,0.0474925712881217
"img_00664.jpg",0.955190677965613,0.0172432179737455,0.00291450831627612,0.0029141816315285,1.00290415228885e-05,0.004938217063954,0.00388015932610126,0.0129090086812591
"img_00667.jpg",0.000949735621542831,0.000949735621542831,0.000972329759821805,0.000949735621542831,0.992628928474472,0.000949735621542831,0.000949735621542831,0.00165006365799254
"img_00676.jpg",0.00095232621739336,0.000990574889615168,0.00117585705383616,0.00095232621739336,0.988198861349615,0.00116770721563376,0.0012892174187703,0.00527312963774282
"img_00697.jpg",0.00284382178306225,0.00291376280675315,0.00284357624732845,0.00284337624341317,1.0028333145808e-05,0.00284337654981172,0.00284354373033852,0.982858514306147
"img_00708.jpg",0.63828793307516,0.0377959002972364,0.00565391974965427,0.0063968922501301,1.00844140994806e-05,0.232064541116969,0.045782749494634,0.0340079796021168
"img_00716.jpg",0.00533221546779291,0.00882280504439876,0.00118326602326288,0.000328715327430931,9.80009301136763e-07,0.974039631847751,0.00125994005169277,0.00903244622836983
"img_00717.jpg",0.614803396851738,0.249514597372115,0.00321971284457088,0.00637935834615363,1.00296381969034e-05,0.113112982151916,0.00946666849421909,0.00349325430109048
"img_00718.jpg",0.976276706227247,0.00324357093469802,0.00287049757488731,0.00293743785946661,1.0028603761499e-05,0.00692674781272242,0.00287071944938096,0.00486429153783667
"img_00723.jpg",0.00882590065126203,0.000933977793113765,0.000933977793113765,0.000933977793113765,0.985570232590055,0.000933977793113765,0.000933977793113765,0.000933977793113765
"img_00724.jpg",0.0483676120111696,0.00367999870447356,0.00505189278235551,0.00331183854276498,1.01636241452861e-05,0.0205566032418129,0.2327846311478,0.686237259945478
"img_00726.jpg",0.981953099229318,0.00317984167768867,0.00284328165829815,0.00284325277725212,1.00283321781167e-05,0.00305421049399097,0.00323373825233053,0.00288254757894397
"img_00729.jpg",0.902906474709281,0.0582750448313482,0.00314662810252971,0.00312998823049531,1.08763138995712e-05,0.00578114762522983,0.00360238214872169,0.0231474580384948
"img_00730.jpg",0.0135811530994511,0.00562734006376933,0.00320390693598311,0.00291879115606686,1.00290876555294e-05,0.00384886077132317,0.00616324713931104,0.96464667174644
"img_00757.jpg",0.955127053822529,0.00404989089795219,0.00595797496748602,0.00714804492060625,1.00314776964888e-05,0.0178018948307926,0.00297601360163525,0.0069290954813022
"img_00760.jpg",0.00504223545319632,0.000468997476534039,0.000429882433229432,0.992969425547363,9.9648370714349e-07,0.000307843244738757,0.000292871305874163,0.000487748055357252
"img_00763.jpg",0.000946181474976341,0.000946181474976341,0.000946181474976341,0.000946181474976341,0.993097011810117,0.000946181474976341,0.000946181474976341,0.0012258993400252
"img_00764.jpg",0.00374951576563955,0.00631115464298814,0.00584490692478409,0.00286034494614577,1.00285002926816e-05,0.0028630591000877,0.00286017071203558,0.975500819408026
"img_00765.jpg",0.0627902723904149,0.410446811091352,0.00327935501859785,0.0206764692674003,1.00306137750267e-05,0.179584714347804,0.0124193130602347,0.310793034210421
"img_00772.jpg",0.0640347581193052,0.00956760063827829,0.407694910991551,0.00290135832100148,1.00289484907887e-05,0.131283804515802,0.0037150278762859,0.380792510589286
"img_00773.jpg",0.912170289885081,0.00968084879023737,0.025754029832593,0.0107399453284094,0.00968084879023737,0.0126123397929671,0.00968084879023737,0.00968084879023737
"img_00777.jpg",0.693416594504158,0.023743494672747,0.00423208669520165,0.00295793613696359,1.00953614206567e-05,0.266860627635655,0.00570450940686376,0.00307465558699086
"img_00780.jpg",0.00472803869310211,0.00291095210184005,0.00477051311583174,0.00287845736264199,1.00286847054345e-05,0.0357447429512397,0.00632719833229124,0.942630068758348
"img_00798.jpg",0.904876319390195,0.0388603116668833,0.00554788016710642,0.0286860357261621,1.01224102623321e-05,0.00662594834888158,0.00398913747029708,0.0114042448202124
"img_00808.jpg",0.896070786145103,0.0637134894756123,0.00292281429380996,0.0030039598947848,1.00288158676353e-05,0.0123746194437832,0.00289258139065889,0.01901172054038
"img_00816.jpg",0.956686646246479,0.00326590667825824,0.00290502287035673,0.00290326661722519,1.0047485420856e-05,0.00417310839451622,0.00437109262459852,0.0256849090831454
"img_00828.jpg",0.000943016545079258,0.000943016545079258,0.000990802922946392,0.000943016545079258,0.993351097806578,0.000943016545079258,0.000943016545079258,0.000943016545079258
"img_00833.jpg",0.696939745072217,0.0346477342915036,0.00595519967356665,0.00481369074030673,1.00868786115215e-05,0.130498982041893,0.0479353586049376,0.0791992026969645
"img_00837.jpg",0.830811766738253,0.101894209598274,0.00517328822199501,0.00339368067115308,1.00703486368943e-05,0.0491420711427449,0.00299422986850159,0.00658068341044195
"img_00855.jpg",0.884144407160949,0.0179662799558831,0.0063459753331342,0.0029890565085816,1.00872402357171e-05,0.0598640166444548,0.00571670923960198,0.0229634679171593
"img_00857.jpg",0.979982225658233,0.0053483554346616,0.00289384122857725,0.00289383838047791,1.00473012928521e-05,0.00297212492933707,0.00299216510048493,0.00290740196693523
"img_00858.jpg",0.969343592849599,0.00438978010862227,0.00291243528236055,0.00291071543272147,1.00353284279795e-05,0.00551283121327734,0.0036771683632493,0.0112434414217418
"img_00865.jpg",0.892707771208056,0.0810503970358386,0.00316116895095821,0.00289172998506084,1.00288059220475e-05,0.00960253928889204,0.00377687977968627,0.00679948494558592
"img_00876.jpg",0.000950169026938995,0.000950169026938995,0.00100508243795715,0.000950169026938995,0.99025336427108,0.00140586938601412,0.0011951005144534,0.00329007630967791
"img_00889.jpg",0.00956090727112374,0.00956090727112374,0.183319474245042,0.00956090727112374,0.00956090727112374,0.00956090727112374,0.00956090727112374,0.759315082128216
"img_00894.jpg",0.588269633158606,0.0133649163691661,0.0145602095160316,0.0199810239906161,0.290465644770444,0.012062577704569,0.0100198855599369,0.0512761089306311
"img_00902.jpg",0.00349126323221019,0.00334919945582295,0.00296580273290673,0.00290531378693624,1.00367531219697e-05,0.0045177948616958,0.979651497490579,0.00310909168672701
"img_00914.jpg",0.00283820508755212,0.00284053226054049,0.00283819293625477,0.00283819284693424,1.00282812427848e-05,0.00283819286045559,0.00283819285654857,0.982958462870471
"img_00921.jpg",0.881891218928017,0.00322342289625866,0.00409995116272233,0.00297023935074122,1.00909065821282e-05,0.0454231622342438,0.0279025282401657,0.0344793862812696
"img_00927.jpg",0.0947023210169844,0.0316592897097808,0.00577982951897782,0.00320275423970026,1.00413954369111e-05,0.0101862052834842,0.0197194462313421,0.834740112604293
"img_00943.jpg",0.95402504587913,0.0282780721285023,0.00286804511652282,0.00289127803794328,1.00285775104923e-05,0.0028829303392654,0.00289035109693146,0.00615424882419443
"img_00948.jpg",0.497808740684129,0.0112468560556511,0.0166087776796503,0.00992122506359673,0.356983405228706,0.0397064799288424,0.0140232910480515,0.0537012243113727
"img_00950.jpg",0.000937207060342254,0.000937207060342254,0.000937207060342254,0.000937207060342254,0.993439550577604,0.000937207060342254,0.000937207060342254,0.000937207060342254
"img_00959.jpg",0.959101135074895,0.00298042139737355,0.00284854787486134,0.00284836696210898,1.00458921890023e-05,0.00871414883449034,0.00291401501976352,0.0205833189443179
"img_00962.jpg",0.0769977131770292,0.00321527067181826,0.00429804650832282,0.00285350270448859,1.00284352859238e-05,0.00298067586418606,0.00319911865133167,0.906445643987537
"img_00964.jpg",0.00288923627901064,0.0108458979333861,0.96416764049025,0.00288923440486898,1.00287917126743e-05,0.00288923601168553,0.00346786811424369,0.0128408579748422
"img_00966.jpg",0.777971295099841,0.00971342103328463,0.00971342103328463,0.00986293882145423,0.123877013229411,0.00971342103328463,0.00971342103328463,0.049435068716155
"img_00974.jpg",0.923808422809925,0.00868811479376612,0.00335259918580873,0.00293256960001616,1.00290250102111e-05,0.0134208919866235,0.00292425009037013,0.0448631225084802
"img_00979.jpg",0.00521791090758876,0.0030823421838207,0.0125823966637696,0.00288938849762048,1.00287932847167e-05,0.00439389880242988,0.00292954735809071,0.968894486793395
"img_00982.jpg",0.728139980435886,0.165978109227768,0.0102193786111265,0.00498281055605319,1.04303513602406e-05,0.0231189596855844,0.01037966307965,0.0571706680525721
"img_00985.jpg",0.700960293321278,0.0350209079149104,0.00367239916659196,0.00452084927826224,1.00537808448746e-05,0.0539988602356608,0.0118064626375102,0.190010173664942
"img_00999.jpg",0.812741946907328,0.00772210889645192,0.00371494975257232,0.0029822289352324,1.00293230292776e-05,0.0145791408991318,0.0420942791977171,0.116155316088537
"img_01022.jpg",0.960335732841966,0.00370945323750323,0.00315752964918871,0.00427961196056312,1.01479587361203e-05,0.0223171101767792,0.00296381544059508,0.00322659873466853
"img_01031.jpg",0.805606244248734,0.00340168728985725,0.00437257048382229,0.00302077230854208,1.00667243341024e-05,0.176392804330705,0.00406044524689101,0.00313540936711403
"img_01035.jpg",0.625117248315784,0.00602589385496866,0.0055013744314769,0.00300575579640485,1.00596404761157e-05,0.351092516165123,0.00626009737047203,0.00298705442529427
"img_01043.jpg",0.000937857360433812,0.000937857360433812,0.000937857360433812,0.000937857360433812,0.993434998476963,0.000937857360433812,0.000937857360433812,0.000937857360433812
"img_01058.jpg",0.946628220635386,0.00344237606892438,0.00317137905266242,0.00314678328839661,1.07225132789493e-05,0.00315276710125392,0.00314741198466277,0.0373003393554347
"img_01059.jpg",0.0490510364918482,0.0139168258058205,0.0029479214759607,0.00294778668750382,1.00339369462131e-05,0.0299009760167341,0.00854298450489418,0.892682435080292
"img_01090.jpg",0.000950092512912571,0.00247451628951728,0.00120073359820234,0.000950092512912571,0.990413822311615,0.00097305864164995,0.00177688797498828,0.0012607961582024
"img_01102.jpg",0.245819623749055,0.570447233796495,0.00351518995123468,0.0220792199841876,1.00363910085826e-05,0.00293866557583775,0.00293813917776686,0.152251891374415
"img_01103.jpg",0.0187584430702072,0.0400873289439538,0.00343970782350523,0.00303892605550333,1.0029180979517e-05,0.00374279234801326,0.00339797432869746,0.92752479824914
"img_01116.jpg",0.802526394363202,0.0923403144165377,0.00348447224463323,0.00402227547666004,1.00290361387506e-05,0.0779386988289812,0.00292434008316649,0.0167534755506808
"img_01134.jpg",0.943033681306854,0.00351911759426182,0.00429069308814551,0.00415480369454971,1.00292256704198e-05,0.0165554041331194,0.00298034459537247,0.0254559263620263
"img_01142.jpg",0.909642735290013,0.00968634672847635,0.0108108211925495,0.00968634672847635,0.023348490010013,0.0174525665935186,0.00968634672847635,0.00968634672847635
"img_01168.jpg",0.00303380517055318,0.00624131800110361,0.00164772454571949,0.00273902105100306,0.00235530037835333,0.978593710403192,0.0033561300215534,0.00203299042852246
"img_01171.jpg",0.000947622982263912,0.000947622982263912,0.000947622982263912,0.000947622982263912,0.992691442174954,0.000947622982263912,0.000947622982263912,0.00162281993146279
"img_01177.jpg",0.903970468389232,0.00975017469928923,0.0216925504633607,0.0116519460825331,0.0192997671986221,0.0130272389583965,0.0103553439095621,0.0102525102990039
"img_01179.jpg",0.975944278774971,0.00301268757468614,0.00291547007467014,0.00341909192575655,1.00612240236162e-05,0.00886395296316471,0.00291539762180877,0.00291905984091866
"img_01188.jpg",0.105031553432669,0.464978829303506,0.00360067579495116,0.0119879223258513,1.00425171513815e-05,0.213479646043608,0.0078253228597429,0.19308600772252
"img_01198.jpg",0.00120689805873124,0.00132336268995339,0.00154045480652335,0.000936710446664766,0.974295142037945,0.000981562934420696,0.0183042137927294,0.00141165523303221
"img_01204.jpg",0.000948118513394132,0.000948118513394132,0.000948118513394132,0.000948118513394132,0.992564407043042,0.000948118513394132,0.000948118513394132,0.00174688187659278
"img_01208.jpg",0.000937207060342254,0.000937207060342254,0.000937207060342254,0.000937207060342254,0.993439550577604,0.000937207060342254,0.000937207060342254,0.000937207060342254
"img_01211.jpg",0.976913103290685,0.00874288102871922,0.00284852855768798,0.00292383284585603,1.00283838275215e-05,0.00284860343893579,0.00284840931195981,0.00286461314232841
"img_01213.jpg",0.793996514522156,0.125287731969153,0.00323198314234948,0.0089938777750237,1.00411891471352e-05,0.0160383180996533,0.00295744430086638,0.049484089001651
"img_01222.jpg",0.760770872979188,0.0917515476326986,0.00346770342841033,0.0210090530762668,1.00296643430636e-05,0.0137506606774011,0.00799672882518366,0.101243403716508
"img_01224.jpg",0.0125532836666258,0.00435173543173399,0.130252851635641,0.00292338761871796,1.00291327932737e-05,0.00413909500652328,0.0033209259731356,0.842448691534829
"img_01237.jpg",0.00223512655509495,0.000945167969250857,0.000945167969250857,0.000945167969250857,0.988623468696906,0.000961005422323242,0.000983984726775145,0.00436091069114774
"img_01249.jpg",0.00257475532193698,0.00132352991669098,0.0017330692853833,0.000991367672466206,0.990512021349815,0.000955085484569035,0.000955085484569035,0.000955085484569035
"img_01253.jpg",0.00283819389205575,0.00283820783272964,0.00283819372656087,0.00283819288466366,1.00282813706526e-05,0.00283819289801876,0.00283819289133325,0.982960797593267
"img_01286.jpg",0.067503717296043,0.00637764210330272,0.00303116559416256,0.00303117498726498,1.03218531884438e-05,0.00616862259606615,0.003031166235513,0.910846189334459
"img_01289.jpg",0.051962616320028,0.0330026026771137,0.00297572542087296,0.00347652617662577,1.00295134422433e-05,0.0261748150564035,0.00926982390097086,0.873127860934543
"img_01325.jpg",0.00120532813650082,0.00298529003840594,0.0012157105476597,0.000952303803915403,0.989585709630291,0.00098345078394752,0.00166968697886598,0.00140252008041365
"img_01328.jpg",0.886520664034151,0.089956848992073,0.00289460257255571,0.00441461995449383,1.00288318688786e-05,0.00556427703639233,0.00289333618143747,0.00774562239702832
"img_01366.jpg",0.0424735716514937,0.00053804501783513,0.00106099791227673,0.000843856436373819,9.58823684086269e-07,0.953641760775585,0.000324264678310712,0.00111654470444088
"img_01371.jpg",0.965713044060089,0.00464381449004122,0.0044981195162808,0.00298062503776106,1.02390558240007e-05,0.0039208057804112,0.00351530718860688,0.0147180448709859
"img_01373.jpg",0.00145857113422924,0.000956802771522269,0.00267102453673712,0.000956802771522269,0.990569204884261,0.00147398835868395,0.000956802771522269,0.000956802771522269
"img_01377.jpg",0.00215887747664493,0.000944518377906068,0.00105181571963009,0.000944518377906068,0.992066714914195,0.000944518377906068,0.000944518377906068,0.000944518377906068
"img_01379.jpg",0.894991387176759,0.013683986584898,0.0167958280708015,0.00298688492111508,1.00290063684457e-05,0.0458852379656168,0.0029314889613829,0.0227151573130582
"img_01384.jpg",0.0285416983150286,0.00127777616577108,0.00220918650381624,0.000559891294297224,9.91323668235203e-07,0.965633009673881,0.000302490223410458,0.00147495650012714
"img_01388.jpg",0.910272515193825,0.0664953442127998,0.00292591195766401,0.00292591513448139,1.0034806487902e-05,0.00620137198756086,0.00292911802398597,0.00823978868319493
"img_01392.jpg",0.00293420917314416,0.0133334951545704,0.925357465934143,0.00289447951517871,1.00288475351653e-05,0.00289920140649692,0.00356983633348822,0.0490012836354439
"img_01399.jpg",0.00301415026403009,0.937903151895788,0.00322107942859499,0.00287411127252347,1.00286415847007e-05,0.00308407755557115,0.00287486058720879,0.047018540354699
"img_01404.jpg",0.973662891498022,0.00578413875492049,0.0029146772232367,0.00539375968072857,1.00434436166748e-05,0.0063116739744983,0.00291454985176842,0.00300826557320932
"img_01405.jpg",0.868326441115764,0.0164810700224443,0.00313434477287107,0.00360960085709662,1.00791701985269e-05,0.102532635990145,0.00292074347007041,0.00298508460141026
"img_01413.jpg",0.979517059334392,0.0032432625265488,0.00294089265127549,0.00294088857031805,1.01355810405154e-05,0.00540499764356387,0.00294088959884591,0.00300187409401495
"img_01426.jpg",0.0987424705745319,0.28969577098298,0.0029124627785265,0.00290793641269417,1.00289926758871e-05,0.00518720470914272,0.539513797860032,0.061030327689417
"img_01431.jpg",0.00322988986007636,0.000468078272842761,0.000491588957943498,0.994637697258031,9.99268527183248e-07,0.000291240310288144,0.000291239701073853,0.000589266371216796
"img_01441.jpg",0.00288075383928033,0.00285035549815945,0.00284764474927236,0.00284620854288531,1.00283616309984e-05,0.00284620730542124,0.00284656151310224,0.982872240190248
"img_01444.jpg",0.216799608778648,0.00349592771425954,0.00300926803785277,0.00299216909170213,1.00290804763958e-05,0.0101217623013519,0.00412735502972983,0.75944387996598
"img_01490.jpg",0.00394152469531929,0.00292500528014248,0.0163319897342469,0.00286593870712685,1.00285581963439e-05,0.00327252583093052,0.00286609599981657,0.967786891194221
"img_01495.jpg",0.734947638799156,0.0190975876654151,0.00321196118944955,0.00324170526431682,1.00291469221965e-05,0.0105591103562163,0.00302005615136118,0.225911911427163
"img_01505.jpg",0.00094626184824689,0.00094626184824689,0.00094626184824689,0.00094626184824689,0.992964162987471,0.00094626184824689,0.00094626184824689,0.00135826592304736
"img_01511.jpg",0.948504486273334,0.011272550866455,0.0213567321963771,0.00290400140064668,1.00321187326273e-05,0.00586810630911037,0.00290288310827147,0.00718120772707316
"img_01519.jpg",0.454335508725738,0.0283145798398039,0.00482663998342138,0.00429230998785132,1.00430880395095e-05,0.207821436370333,0.0579695389777714,0.242429943027042
"img_01530.jpg",0.960812361557808,0.0110967721362857,0.00300192973293607,0.00311024053198631,1.01924050910289e-05,0.00407962498927396,0.00319199545302397,0.014696883193595
"img_01537.jpg",0.864611889889155,0.00606159131655754,0.0269406632766982,0.00293496551204085,1.00673860251183e-05,0.0625843187725617,0.00449565348973844,0.0323608503572227
"img_01538.jpg",0.902901081323187,0.0262036354783223,0.00565485986322507,0.00289998683239827,1.00288928765113e-05,0.0538839308058108,0.00297280955890132,0.00547366724527865
"img_01541.jpg",0.000941062414606501,0.000941062414606501,0.000941062414606501,0.000941062414606501,0.993412563097754,0.000941062414606501,0.000941062414606501,0.000941062414606501
"img_01543.jpg",0.981721449231908,0.00289777976261583,0.0028632959744184,0.00286316381424302,1.00590168405175e-05,0.00287208962296368,0.00286318107446267,0.00390898150254813
"img_01548.jpg",0.963129138518593,0.00292618146633631,0.00293659154651214,0.00292474185961423,1.01069855270645e-05,0.0181917008244819,0.00316310636421975,0.00671843243471513
"img_01552.jpg",0.982364414583204,0.00299576582473509,0.00285953369794137,0.00285936206064596,1.00284931114386e-05,0.00318075444400687,0.00285938025888171,0.00287076063747345
"img_01561.jpg",0.000944272927635731,0.000944272927635731,0.000944272927635731,0.000944272927635731,0.993357827313032,0.000976535121154005,0.000944272927635731,0.000944272927635731
"img_01562.jpg",0.816148814438974,0.0086657757148937,0.00344375162055694,0.00301009215201725,1.00544942248874e-05,0.0175804144059237,0.0580345479770484,0.0931065491963615
"img_01571.jpg",0.969323831893947,0.0149603453752246,0.00288160274549598,0.00288130296731977,1.00287122323956e-05,0.00288746750625647,0.0030200948505563,0.0040353259489673
"img_01593.jpg",0.485263081673253,0.234215488631598,0.00642434007756782,0.00301234046517029,1.0034916718804e-05,0.0306479078078216,0.0160628851172134,0.224363921310658
"img_01595.jpg",0.00237486580611449,0.000939329837390491,0.000939329837390491,0.000939329837390491,0.991989155169543,0.000939329837390491,0.000939329837390491,0.000939329837390491
"img_01616.jpg",0.917628778890592,0.0363260092137522,0.00292727714984743,0.00292540268101895,1.00758896722569e-05,0.00467958166928041,0.00293133703398682,0.0325715374718499
"img_01618.jpg",0.938625412257969,0.0038546228079377,0.00295431947136456,0.00313290526146813,1.00311262243438e-05,0.0373082855076393,0.00931725196677563,0.00479717160062089
"img_01627.jpg",0.910181477982513,0.0541860588892725,0.00293365061056774,0.00348934554671276,1.00290631149413e-05,0.0190983036757867,0.00316908351822527,0.00693205071380753
"img_01632.jpg",0.919650941055786,0.00948927147163733,0.00948927147163733,0.00948927147163733,0.0234134301143896,0.00948927147163733,0.00948927147163733,0.00948927147163733
"img_01633.jpg",0.807630360586836,0.00524438396392927,0.00365398310912435,0.00390129425186909,1.00767864380171e-05,0.148254790471824,0.00968908137131633,0.0216160294586638
"img_01640.jpg",0.982800785185306,0.00293722507258912,0.00284676060877314,0.00284684212795023,1.00397843077402e-05,0.00284691818690246,0.00284675989505578,0.00286466913911519
"img_01646.jpg",0.963312783395362,0.0139340328897264,0.00290020606085591,0.00290017329547414,1.00289013051859e-05,0.00741683167144182,0.00290037706551037,0.00662556672032396
"img_01647.jpg",0.00203063908907507,0.000939047052838169,0.000939047052838169,0.000939047052838169,0.992335078593896,0.000939047052838169,0.000939047052838169,0.000939047052838169
"img_01649.jpg",0.921913902985438,0.0367706194460139,0.00439342756760308,0.00480823665393074,1.05639303842816e-05,0.0153277975984648,0.0123855936356029,0.00438985818256229
"img_01657.jpg",0.0893170152141659,0.00986931344753912,0.275074729247863,0.00288283225158159,1.00287291340363e-05,0.201666117190112,0.00290871321912316,0.418271250700481
"img_01669.jpg",0.00380136409958038,0.000545147736668896,0.000515279298491707,0.9939317810083,9.99929679841885e-07,0.000291160241424817,0.000346470138318903,0.000567797547535087
"img_01673.jpg",0.67041873697742,0.0106970863043321,0.00984318318133426,0.0102039298152044,0.242195430297171,0.0197254735287369,0.0203709168579828,0.0165452430378184
"img_01681.jpg",0.0863160297580073,0.0105244868262159,0.0029158741173005,0.00290011188826603,1.00541742011729e-05,0.00601828033907134,0.00325988009710382,0.888055282799834
"img_01684.jpg",0.931188254040741,0.0120038999670221,0.00298536436082748,0.00495182283405368,1.00292770771648e-05,0.0163754870834166,0.00293826050464436,0.0295468819322171
"img_01685.jpg",0.158139994419799,0.0298762287836706,0.114998388565046,0.0363909327174461,0.209468665274851,0.374247212768875,0.0109674037830807,0.0659111736872317
"img_01687.jpg",0.656050285889205,0.00384519332014873,0.00381935075412537,0.00294188377697039,1.00293122568269e-05,0.0032156525098202,0.00800671214286973,0.322110892294604
"img_01688.jpg",0.0481065143542742,0.03492129823564,0.00295041014884264,0.00319320685297038,1.00294038035985e-05,0.0247405739074969,0.00742837439711542,0.878649592699857
"img_01689.jpg",0.00399973091293253,0.00411105164000555,0.0113433934817358,0.00290690311706039,1.00289688448908e-05,0.0162008585471312,0.00568451616820976,0.95574351716408
"img_01716.jpg",0.000938770128062917,0.000938770128062917,0.000938770128062917,0.000938770128062917,0.99342860910356,0.000938770128062917,0.000938770128062917,0.000938770128062917
"img_01717.jpg",0.00943273221642512,0.000933275392141661,0.000933275392141661,0.000933275392141661,0.984967615430725,0.000933275392141661,0.000933275392141661,0.000933275392141661
"img_01724.jpg",0.928035035247337,0.00371269948497674,0.0102792531956096,0.00293438914929375,1.00715084579042e-05,0.00950139137851806,0.00333750347786233,0.0421896565579443
"img_01745.jpg",0.912521838034006,0.0260016829856562,0.023836937734804,0.00987202151795962,1.01320722624656e-05,0.0193502531932262,0.00354065624933434,0.00486647821275157
"img_01771.jpg",0.934196802339999,0.0280044063585219,0.00314955234083317,0.00753169627332568,1.00294619772005e-05,0.00635439607378402,0.00295625884964536,0.0177968583019137
"img_01773.jpg",0.820811664052598,0.00875709428357077,0.00362212350832183,0.00295856121125468,1.00310363885714e-05,0.00536133026707745,0.0186209319904138,0.139858263650375
"img_01781.jpg",0.00400294404569998,0.00112852048331633,0.00102458101719,0.00095052259287453,0.989975130907295,0.00101725576787461,0.00095052259287453,0.00095052259287453
"img_01782.jpg",0.00151393047167837,0.000937378043693835,0.000937378043693835,0.000937378043693835,0.992861801266159,0.000937378043693835,0.000937378043693835,0.000937378043693835
"img_01802.jpg",0.705119701374265,0.00959119320024824,0.00959119320024824,0.00959119320024824,0.237053432287766,0.00959119320024824,0.00959119320024824,0.00987090033672736
