"image","ALB","BET","DOL","LAG","NoF","OTHER","SHARK","YFT"
"img_00005.jpg",0.000937207060342254,0.000937207060342254,0.000937207060342254,0.000937207060342254,0.993439550577604,0.000937207060342254,0.000937207060342254,0.000937207060342254
"img_00007.jpg",0.068568068244595,0.0274151106863625,0.00764051693995003,0.00671253951762155,1.00296660509557e-05,0.00358515593729526,0.00297716589580514,0.88309141311232
"img_00009.jpg",0.831482100663567,0.091349757214315,0.00596385549608269,0.00302103232052552,1.00291270419323e-05,0.0587242770716964,0.0029226236739806,0.00652632443279068
"img_00018.jpg",0.71752244011331,0.0828744088723298,0.00300946370618803,0.0162119152542543,1.00295914206508e-05,0.165916481500148,0.00296976201493893,0.0114854989474106
"img_00027.jpg",0.250640827516385,0.0416661151086915,0.0110284899384482,0.00389171386285053,1.01368046196723e-05,0.188006899860201,0.0144413386541925,0.490314478254612
"img_00030.jpg",0.00193983930740651,0.000949705075896731,0.000949705075896731,0.000949705075896731,0.992361930237213,0.000949705075896731,0.000949705075896731,0.000949705075896731
"img_00040.jpg",0.16450297808623,0.0100986595373713,0.00420759011027397,0.00301901300537526,1.01123967734982e-05,0.00915215512836048,0.761676828339423,0.047332663396193
"img_00046.jpg",0.613783348666751,0.00952561415640654,0.00952561415640654,0.00952561415640654,0.32906296639481,0.00952561415640654,0.00952561415640654,0.00952561415640654
"img_00053.jpg",0.931039651244893,0.0217731693498349,0.0170716941878014,0.00494626183601424,1.00990274126804e-05,0.0121335613210887,0.00322580626034572,0.00979975677260935
"img_00071.jpg",0.000844982844319155,0.000286679037786952,0.00028664711349737,0.997720730703501,1.00057723587783e-06,0.000286644210713079,0.000286643400030327,0.000286672112916208
"img_00075.jpg",0.923022989707066,0.0170042811496975,0.00305462285148048,0.0034341405779684,1.0364300433131e-05,0.0473185666859095,0.00305429789042989,0.00310073683701526
"img_00102.jpg",0.312739083921508,0.0142679972191865,0.00375736328414738,0.00302345332698588,1.00297508017064e-05,0.048810792099022,0.011594707445715,0.605796572952634
"img_00103.jpg",0.801883132259854,0.0740449270503637,0.0736636247433365,0.00293797670167233,1.00290618560218e-05,0.0183196430085791,0.00314036425957804,0.0260003029147609
"img_00109.jpg",0.980129967524748,0.00399273702551123,0.00287688514377627,0.00287589666723008,1.00286324981288e-05,0.00356687738193195,0.00290147650895078,0.00364613111535387
"img_00119.jpg",0.000964766678034763,0.000964766678034763,0.00161941950684469,0.000964766678034763,0.98060220603874,0.00163283625639783,0.00168779861829964,0.0115634395456131
"img_00120.jpg",0.627569504088592,0.017056204050877,0.00323610097935247,0.00298440746580527,1.00385399418216e-05,0.0200455828108437,0.0636437482405325,0.265454413824055
"img_00125.jpg",0.77093789330499,0.00641261287125579,0.00776642508582282,0.00353808888523314,1.00297495202314e-05,0.0232762513497937,0.00781673390924724,0.180241964844137
"img_00128.jpg",0.00373508251274113,0.0380229042894284,0.258186428991312,0.00291844959462462,1.00290909860736e-05,0.00323401652909915,0.00380384520209825,0.690089243789711
"img_00129.jpg",0.185196330210243,0.00879849038920913,0.00369437096265272,0.00302287979761118,1.01187778496771e-05,0.0124974193774417,0.733292698720728,0.053487691764265
"img_00133.jpg",0.00649785951225515,0.000957199191576482,0.000966953990853463,0.000957199191576482,0.986859946599299,0.00184644313128652,0.000957199191576482,0.000957199191576482
"img_00138.jpg",0.785375167820945,0.191438311512453,0.00655828122409204,0.00671484616986748,1.00418489241932e-05,0.0034192136709847,0.0031711535120481,0.00331298424068589
"img_00141.jpg",0.00288328826387903,0.0131682306206276,0.0119067513137749,0.00288310000841594,1.00287305606559e-05,0.00288310178172723,0.00288313189233757,0.963382367388677
"img_00152.jpg",0.00950258737517764,0.00592218322622085,0.00293607705293243,0.00292792716046273,1.00436150626328e-05,0.00525138847650743,0.00329874380972451,0.970151049283912
"img_00161.jpg",0.00283820581115273,0.00283822877955737,0.00283819938646527,0.00283819290443451,1.0028281292236e-05,0.00283819312552902,0.00283819318554963,0.982960758526019
"img_00164.jpg",0.000947095290700916,0.000947095290700916,0.000947095290700916,0.000947095290700916,0.992475909820768,0.000947095290700916,0.000947095290700916,0.00184151843502641
"img_00170.jpg",0.0156220621553268,0.00116023704119114,0.000288571268112982,0.952396758517804,9.55646280777529e-07,0.00231761587778279,0.000632963708626948,0.0275808357848741
"img_00171.jpg",0.581133850500114,0.0129679912514596,0.0689695886668317,0.0371891363375857,1.01877063862714e-05,0.288252084557011,0.00542823934610813,0.00604892163450382
"img_00172.jpg",0.000937207060342254,0.000937207060342254,0.000937207060342254,0.000937207060342254,0.993439550577604,0.000937207060342254,0.000937207060342254,0.000937207060342254
"img_00175.jpg",0.0480538735901187,0.000946486654670194,0.00133893043686254,0.00153103454490342,9.55449384638733e-07,0.946729208566189,0.000351354344767418,0.00104815641310453
"img_00180.jpg",0.0104996091433683,0.00429192525016937,0.00405434399613529,0.00299053379015922,1.00302925721367e-05,0.00419802828395608,0.0045687173062512,0.969386811937389
"img_00196.jpg",0.00324289888215756,0.00176200913366241,0.00124496671074998,0.000978586331853617,0.989597356376147,0.00108361780523563,0.000985915859097643,0.00110464890109633
"img_00212.jpg",0.379491664183745,0.00485067828139083,0.00299502993159333,0.0172145739651767,1.00290514295117e-05,0.00372739411219011,0.00296834996903213,0.588742280505442
"img_00223.jpg",0.799169445284946,0.0174159306960914,0.108871646041052,0.0105144769844022,1.00298283987641e-05,0.0383516190885195,0.00887369339195859,0.016793158684632
"img_00230.jpg",0.805030327864774,0.115212488666443,0.00295016821131751,0.0029221248747254,1.00291174150316e-05,0.0466131290862352,0.00297059959542229,0.0242911325836669
"img_00232.jpg",0.00540091354280042,0.0031595933572157,0.00296110196265892,0.00296065457374477,1.00352779326269e-05,0.00564620296003649,0.976251031406552,0.00361046691905896
"img_00244.jpg",0.780419253566404,0.0615990419905232,0.00330314593360011,0.00324959679982459,1.00297686161596e-05,0.0507924143837861,0.00472166298257674,0.095904854574669
"img_00272.jpg",0.830512272529527,0.00427796667887929,0.103326305439071,0.0159966193901811,1.01544699591323e-05,0.0142785366276159,0.00306234896979587,0.0285357958949709
"img_00280.jpg",0.970261887432434,0.00316298818544929,0.00359395258854954,0.00312449673870206,1.05470660910292e-05,0.00681584130050086,0.00469245127799805,0.00833783541027563
"img_00282.jpg",0.603780592936799,0.0163891240484463,0.0156373396203122,0.0366054664919327,1.01730918113183e-05,0.307315586247919,0.00419992551893947,0.0160617920438401
"img_00285.jpg",0.506513815530006,0.0189436122366447,0.0065671109143456,0.00363110422123501,1.00921493990453e-05,0.0164834325321095,0.0207145680093058,0.427136264406955
"img_00289.jpg",0.951241312529215,0.0144045460802387,0.00701472614070306,0.00285070545663858,1.00435951752102e-05,0.002854262254363,0.00287799214399656,0.0187464117996704
"img_00292.jpg",0.678166485947242,0.0614977723183985,0.0132115690110336,0.00456180500902461,1.00852843869253e-05,0.0475866424612896,0.0127017809626301,0.182263859005994
"img_00302.jpg",0.235091339513609,0.00847407787946504,0.00352079417672776,0.00303574298482247,1.01637478879418e-05,0.0109583091906223,0.709381218240276,0.0295283542665894
"img_00311.jpg",0.982857625831159,0.00285867818607989,0.00285380608363803,0.00285389341113775,1.0043327384169e-05,0.00285389483738334,0.00285380746393739,0.00285825085928023
"img_00320.jpg",0.97749132803497,0.00401695640368714,0.00291993790409898,0.00291993312594887,1.00451033994997e-05,0.00598577666246343,0.0037059432338534,0.00295007953157917
"img_00331.jpg",0.904052584769923,0.00519522072802943,0.00329489562200228,0.0029867227957698,1.00729518549329e-05,0.0480545619465845,0.006999915539892,0.0294060256459444
"img_00358.jpg",0.358316550576612,0.0283387585530276,0.00301993461549478,0.00296627810721606,1.00295005587967e-05,0.0335970303240147,0.0238699099312535,0.549881508391823
"img_00374.jpg",0.708311613114959,0.043250236404759,0.00358157406284433,0.00413192675028859,1.00294505798138e-05,0.0106357315503896,0.00360241863972674,0.226476470026453
"img_00375.jpg",0.0389100292558129,0.0402546201454206,0.850090959281339,0.00805478416965796,1.00380943376224e-05,0.0266440183709109,0.00715231925906998,0.0288832314234513
"img_00376.jpg",0.938551767266921,0.0105194505338595,0.0103740614160756,0.00299494171234744,1.00573266916579e-05,0.0209709841302596,0.00683469062981393,0.0097440469840314
"img_00380.jpg",0.94177066023071,0.01000304197457,0.00295618777849677,0.00379127535921335,1.00291244330162e-05,0.0349002432929488,0.00292373991763579,0.0036448223219925
"img_00383.jpg",0.938385019479993,0.00578035422390809,0.00286333471759151,0.00288020465047168,1.00285275975499e-05,0.00286304512951525,0.00286294015088424,0.0443550731200388
"img_00398.jpg",0.9538858741254,0.00844761939473341,0.00291939614600902,0.00292014298043227,1.00584699226483e-05,0.00396780050660183,0.00293179074685434,0.0249173176300462
"img_00407.jpg",0.955585699036707,0.0256985498813577,0.00291234939885174,0.00290910723183457,1.00289759702933e-05,0.00619022379320346,0.00296921847814878,0.00372482320392597
"img_00417.jpg",0.180044013121991,0.00387397105736169,0.00286115835715875,0.00506975254698687,1.00284184884032e-05,0.00285467815203917,0.00285195203911248,0.802434446306861
"img_00432.jpg",0.537227427894172,0.0245734542214393,0.109675889858993,0.028011338781355,0.180123985519319,0.0537138292874167,0.00996133621846358,0.0567127382188416
"img_00442.jpg",0.00283953636225633,0.00283981764178078,0.00283930151930518,0.00283930008081453,1.00282925506092e-05,0.00283930009763383,0.00283930638677322,0.982953409618886
"img_00446.jpg",0.919128680918688,0.00563072660883785,0.00297919961389493,0.00673583981473482,1.00437488233977e-05,0.032866367770479,0.00298219730746424,0.0296669442170778
"img_00469.jpg",0.908460807970527,0.00680430379274498,0.00296471533708618,0.00341753992435773,1.00471362807551e-05,0.0266678138532479,0.00356489691687535,0.04810987506888
"img_00473.jpg",0.967042026850437,0.00913339805272103,0.00293367771135092,0.00293683835661922,1.0073196850377e-05,0.00313435109521815,0.00292438473116422,0.0118852500056391
"img_00483.jpg",0.957282013120252,0.0227240374664258,0.00290566869833333,0.00290709288100652,1.00289563541002e-05,0.00321428703211883,0.00320478255899542,0.00775208928651385
"img_00484.jpg",0.170040705923555,0.0706081254710458,0.00530388934234539,0.0108640887393318,1.00295888132301e-05,0.0106854919812492,0.00303234955567766,0.729455319397982
"img_00486.jpg",0.924160162256619,0.0330883752022237,0.0258055621185563,0.00662122332448258,1.01394881042826e-05,0.00316122341600557,0.00366023807734156,0.00349307611666703
"img_00487.jpg",0.000937207060342254,0.000937207060342254,0.000937207060342254,0.000937207060342254,0.993439550577604,0.000937207060342254,0.000937207060342254,0.000937207060342254
"img_00493.jpg",0.00239321722958256,0.000953516538918076,0.000953516538918076,0.000953516538918076,0.990631915188396,0.00220728488743072,0.000953516538918076,0.000953516538918076
"img_00518.jpg",0.829450000763754,0.0153594617781064,0.00362026748836032,0.00381017789707078,1.04369240976141e-05,0.00307417023205175,0.00315784620683164,0.141517638709728
"img_00533.jpg",0.367694481968248,0.0156189080950243,0.00306484462899782,0.00304100259417071,1.00345011190481e-05,0.0153661407054681,0.00765603749626374,0.587548550010708
"img_00538.jpg",0.819566678391966,0.0641237691932866,0.00305589896284765,0.00366271671535105,1.00296554788345e-05,0.021316894145414,0.00336950815440178,0.0848945047812542
"img_00543.jpg",0.982879476778621,0.00286010947986714,0.00284937129596843,0.0028493859556288,1.00283931868343e-05,0.00284938698570482,0.00284937175663862,0.00285286935438474
"img_00550.jpg",0.0440126680797261,0.00292349223005688,0.00469854457929093,0.00124747663687075,9.88574864792246e-07,0.944633369094737,0.000346018626572956,0.00213744217788044
"img_00551.jpg",0.848185918109551,0.00608464679587217,0.00325160911637397,0.00468421855317789,1.00340594675988e-05,0.110098944098,0.00487704099676422,0.0228075882707933
"img_00564.jpg",0.0011318154046596,0.000958846524166199,0.00124758999344447,0.000958846524166199,0.99138121971241,0.00240398879282143,0.000958846524166199,0.000958846524166199
"img_00575.jpg",0.725570804763507,0.0108118873013001,0.00312911451313407,0.0030060264519295,1.00837485452667e-05,0.0171171832602905,0.00925696501671813,0.231097934944576
"img_00582.jpg",0.932472689870409,0.0107743202943368,0.00877068481246173,0.00328691097755555,1.09770029740827e-05,0.03386009328587,0.00399877837686041,0.00682554537953293
"img_00584.jpg",0.949059552462679,0.00316614835441836,0.00993649586992522,0.00316440056785265,1.07725420504564e-05,0.0249168566574634,0.00320053877860619,0.0065452347670048
"img_00587.jpg",0.0838154411377319,0.0123439262991127,0.00525115022015863,0.00299091922989348,1.00564719021014e-05,0.0516019804456115,0.0217531614770828,0.822233364718507
"img_00590.jpg",0.163799758532796,0.0675177409431293,0.00774015620571025,0.00300797724313545,1.00488587176962e-05,0.0134510475049216,0.0225560067575445,0.721917263954045
"img_00591.jpg",0.0640059579617912,0.0035609342286443,0.00293572011757112,0.00293493379022127,1.00292324069345e-05,0.0305024098100148,0.00293346398565767,0.893116550873693
"img_00598.jpg",0.903133037247575,0.0203747770879751,0.0045337507107485,0.0199212793594248,1.00815358952438e-05,0.029768082282154,0.00510734651023835,0.017151645265989
"img_00599.jpg",0.736098315385155,0.0334564629575882,0.0123582364792154,0.00303330133636753,1.01178762893438e-05,0.0077375369428252,0.0313683536370441,0.175937675385516
"img_00612.jpg",0.841533737929295,0.0107121264634696,0.0047015352405638,0.00301794971140316,1.01195765075655e-05,0.119029879678061,0.0147265462184413,0.00626810518225896
"img_00618.jpg",0.915701149995188,0.00945387748969866,0.00945387748969866,0.00945387748969866,0.0275755850666203,0.00945387748969866,0.00945387748969866,0.00945387748969866
"img_00620.jpg",0.881949306481578,0.0112835554779889,0.0535663433156274,0.00410348007675628,1.00298461266465e-05,0.0305705357090086,0.00544259572937569,0.0130741533635382
"img_00642.jpg",0.00166824418059803,0.000993465958267911,0.000293546888531685,0.996040251793582,9.9896550182083e-07,0.000294019695964705,0.000293454216028215,0.000416018301526012
"img_00646.jpg",0.00926892493564487,0.00356147482421034,0.0032886467656159,0.00287823875097615,1.00286808937352e-05,0.00331074710527682,0.0037824838119132,0.973899455125469
"img_00648.jpg",0.982786133323751,0.00290079291945249,0.00285977470454874,0.00285978931641724,1.00415795753179e-05,0.00285979371680312,0.00285977451883043,0.0028638999206215
"img_00650.jpg",0.0199567254396657,0.0015580369587888,0.000715082075537809,0.000755257921079947,9.83871497829032e-07,0.969302311886585,0.00580916056064487,0.00190244128619961
"img_00654.jpg",0.53657163320759,0.0484758785054027,0.0807182239493525,0.0212431552018747,0.141869450687271,0.0498064962748005,0.0413402304708925,0.0799749317028158
"img_00664.jpg",0.941604504712462,0.0257585440321439,0.00293789209824966,0.00293780412866741,1.00292778554929e-05,0.00692572246084975,0.00486929404819363,0.0149562092415779
"img_00667.jpg",0.000962243753787714,0.000962243753787714,0.00100739518855334,0.000962243753787714,0.991819628164222,0.000962243753787714,0.000962243753787714,0.0023617578782863
"img_00676.jpg",0.000963689027650969,0.00103978687153224,0.00140841596080124,0.000963689027650969,0.983038099195551,0.00139220140800351,0.0016339526618678,0.00956016584694193
"img_00697.jpg",0.0028487229514132,0.0029842244111177,0.00284861804002676,0.00284855741017128,1.00283850779727e-05,0.00284855782678803,0.00284858462506874,0.982762706350336
"img_00708.jpg",0.743010037264912,0.0208941130005635,0.00597713007246527,0.0052180383655921,1.01192272618793e-05,0.148606984648597,0.0378669120975124,0.0384166653230959
"img_00716.jpg",0.00780731699952062,0.0101382372145529,0.00202525998214348,0.000370577296983573,9.75483938915976e-07,0.966405585203018,0.00222318773624348,0.011028860083599
"img_00717.jpg",0.613924936332622,0.235484839381071,0.0031842307247485,0.00598110654666351,1.00295727511026e-05,0.127577845523685,0.0103277803581567,0.00350923156030276
"img_00718.jpg",0.972177258100861,0.00327495483015071,0.00289943147955099,0.00303336291678798,1.00288935334001e-05,0.0109345887436555,0.00289967524616489,0.00477069978929598
"img_00723.jpg",0.0165906000692993,0.000930799283379454,0.000930799283379454,0.000930799283379454,0.977824604230424,0.000930799283379454,0.000930799283379454,0.000930799283379454
"img_00724.jpg",0.0415273715855583,0.00426612955698078,0.00680627565263051,0.00304910662815249,1.02115054707259e-05,0.029643516543084,0.305127426443352,0.609569962084771
"img_00726.jpg",0.981397274923446,0.00335058689248399,0.00284826716913371,0.00284824457479843,1.00283822598951e-05,0.00304775224472751,0.0036283203395984,0.00286952547355226
"img_00729.jpg",0.852027164000171,0.0974025388751949,0.00328234038926828,0.00324817942981954,1.12544362904222e-05,0.00821049464620849,0.00419382682534315,0.0316242013977044
"img_00730.jpg",0.0198339192810684,0.00830230806053803,0.00352886797313142,0.00295860617670264,1.00294859153281e-05,0.00481878616970259,0.00944778301318791,0.951099699839754
"img_00757.jpg",0.934766818445067,0.00368105233320982,0.00778436204925489,0.0114385263044245,1.00344545940277e-05,0.0309954419030207,0.00299330959978005,0.00833045491064913
"img_00760.jpg",0.00975689674438898,0.000652694639820618,0.000574859477544011,0.987691313535338,9.91887915196491e-07,0.000331907046144989,0.000302105488256101,0.000689231180592504
"img_00763.jpg",0.000955149703452701,0.000955149703452701,0.000955149703452701,0.000955149703452701,0.992754709158179,0.000955149703452701,0.000955149703452701,0.00151439262110492
"img_00764.jpg",0.00392920586800248,0.00667825385791599,0.00870141422890526,0.00288225177945153,1.00287189437511e-05,0.00288727412012046,0.00288202215369272,0.972029549272968
"img_00765.jpg",0.0629548816706845,0.393074979956324,0.00358646567791015,0.0252249212682353,1.00315750353728e-05,0.157968701850803,0.0140378858639251,0.343142132137082
"img_00772.jpg",0.0564386936477926,0.006455536370433,0.484366190604464,0.00290932914923678,1.0029044562359e-05,0.145414138763454,0.00347826057516687,0.30092782184489
"img_00773.jpg",0.91290185157544,0.00973430387058231,0.0211863772316109,0.0118524968872514,0.00973430387058231,0.0151220588233682,0.00973430387058231,0.00973430387058231
"img_00777.jpg",0.744234841919521,0.0209750453811164,0.00457026447203068,0.00298660334220111,1.01246612840927e-05,0.217464668715441,0.00666981185022739,0.00308863965817852
"img_00780.jpg",0.00389644905100246,0.00296246974362906,0.00669753194976874,0.00291843115994359,1.00290836867605e-05,0.0358993362815692,0.00527879204981276,0.942336960680587
"img_00798.jpg",0.860540527435304,0.0577483747590542,0.00820787179445557,0.0499349308549318,1.02173933177723e-05,0.010296296422599,0.00506988341831161,0.00819189792202653
"img_00808.jpg",0.899929991850013,0.0507505580547182,0.00293791631681761,0.00297109972438499,1.00290929864896e-05,0.00544422714140494,0.00291985449738394,0.0350363233222911
"img_00816.jpg",0.942496695978691,0.00323750555170102,0.00296732978582576,0.00296537469498753,1.00667308017885e-05,0.00503780697654142,0.00590581880328051,0.0373794014781709
"img_00828.jpg",0.000948824995837667,0.000948824995837667,0.00104438924649892,0.000948824995837667,0.993262660778475,0.000948824995837667,0.000948824995837667,0.000948824995837667
"img_00833.jpg",0.73472025909565,0.0155986431924369,0.00768658888752305,0.0034395497224581,1.01092984629192e-05,0.116771806766602,0.0535398625962584,0.0682331804406084
"img_00837.jpg",0.816220586058764,0.105536383525146,0.00555372132236267,0.00386765477834882,1.01119390875368e-05,0.0556299368417233,0.00306686133248752,0.0101147442020801
"img_00855.jpg",0.855397170373839,0.0183168641719823,0.0097846612603134,0.00303370754979269,1.01458178729216e-05,0.067898548772715,0.00849028403925599,0.0370686180142289
"img_00857.jpg",0.978376174132186,0.00670741760861203,0.00292071612714826,0.00292071090389142,1.0066102532377e-05,0.00300002311826842,0.00311772907453507,0.00294716293282675
"img_00858.jpg",0.963776463133179,0.00423698527408793,0.00295323323388218,0.00295194925710894,1.00420717636567e-05,0.00776981686650162,0.00411397002840128,0.0141875401350759
"img_00865.jpg",0.907716240100575,0.0663254936672116,0.00328066786476067,0.00291960108347615,1.00290912196975e-05,0.00864422044414534,0.00339445846975459,0.00770928927885748
"img_00876.jpg",0.000963048116089637,0.000963048116089637,0.00107252382757279,0.000963048116089637,0.987087550103453,0.00187153513424963,0.00145134502504329,0.00562790156141217
"img_00889.jpg",0.0096116364901013,0.0096116364901013,0.242221684410379,0.0096116364901013,0.0096116364901013,0.0096116364901013,0.0096116364901013,0.700108496649013
"img_00894.jpg",0.574847531265119,0.0167796620520651,0.0129657514073267,0.0170917156407792,0.31013894743326,0.0127188089060812,0.0100896006096208,0.0453679826857475
"img_00902.jpg",0.00407352920955676,0.00354010934775983,0.00309349008417416,0.0029720386849385,1.00452353800081e-05,0.00619268625281525,0.976793710002282,0.00332439118309363
"img_00914.jpg",0.00283821339941327,0.00283960026389088,0.00283819294967149,0.00283819286593252,1.002828131005e-05,0.00283819288520874,0.00283819287015591,0.982959386484417
"img_00921.jpg",0.833436607384543,0.00317328547666999,0.00528347454895917,0.00301033281100216,1.01495026968958e-05,0.0747214299393736,0.0241944353274704,0.0561702850092851
"img_00927.jpg",0.119133834032694,0.0354733646280938,0.00654236171341559,0.00342811049541648,1.00531395600436e-05,0.0141344900453305,0.0308204804084528,0.790457305537037
"img_00943.jpg",0.947244086226962,0.0322365076983802,0.00289424391405237,0.00294088728509652,1.00288420174517e-05,0.00291845556512485,0.00289473957892802,0.00886105088943871
"img_00948.jpg",0.551754354659147,0.0125836768338595,0.0231343082100086,0.00993241481209489,0.287738935299085,0.0330020813210097,0.0181365468975275,0.063717681967268
"img_00950.jpg",0.000937207060342254,0.000937207060342254,0.000937207060342254,0.000937207060342254,0.993439550577604,0.000937207060342254,0.000937207060342254,0.000937207060342254
"img_00959.jpg",0.954677855375381,0.00301168240284979,0.00285877262501378,0.00285856951681292,1.00635649161094e-05,0.0104480060038106,0.00292562770335347,0.0232094228078622
"img_00962.jpg",0.0925294262355362,0.00351509082277229,0.00571317700746751,0.00285895997638471,1.00284904945591e-05,0.00305268065965881,0.00353872223001079,0.888781914577675
"img_00964.jpg",0.00292443909710042,0.0188383174677525,0.94546822193058,0.00292443811106269,1.00291437529845e-05,0.00292443886112331,0.00408174584988792,0.02282836953874
"img_00966.jpg",0.764319912808648,0.00972156517863516,0.00972156517863516,0.0100206007681334,0.11951556029587,0.00972156517863516,0.00972156517863516,0.0672576654128076
"img_00974.jpg",0.9343580733759,0.0116826523423341,0.00383318626651881,0.00297145667121233,1.00294598099852e-05,0.023938198090324,0.00297900036586096,0.0202274034280395
"img_00979.jpg",0.00759048056657853,0.00325949015402123,0.022314994657532,0.00294058268279913,1.00293052435719e-05,0.00594816857393359,0.00301871364198277,0.954917540417909
"img_00982.jpg",0.699123596082666,0.169689992339425,0.0119392353112723,0.00614481716918777,1.06603590669445e-05,0.0116244218033444,0.00914215161754644,0.0923251253174912
"img_00985.jpg",0.706215708838691,0.0408807134325125,0.0042493642148766,0.00584716330837494,1.00778769759912e-05,0.0432169950766124,0.0145888072705985,0.184991169981358
"img_00999.jpg",0.798426568491423,0.01044119948918,0.00337205782193629,0.00296890656324386,1.00295233470762e-05,0.0108159062297861,0.0383599582705773,0.135605373610506
"img_01022.jpg",0.941214874103455,0.00380989279646541,0.0034382980527075,0.00570919123225764,1.02687846613797e-05,0.0392004158802091,0.00304623128877231,0.00357082786147132
"img_01031.jpg",0.80580793966816,0.00372663039014354,0.00585442225354809,0.00319466793626282,1.01053609862231e-05,0.17310897774582,0.00518100696328866,0.00311624968179067
"img_01035.jpg",0.703035526394858,0.00782891058312636,0.00798556095107968,0.00307847687576823,1.00757775117605e-05,0.265516733646931,0.00954562280502369,0.00299909296570101
"img_01043.jpg",0.00093850765457916,0.00093850765457916,0.00093850765457916,0.00093850765457916,0.993430446417946,0.00093850765457916,0.00093850765457916,0.00093850765457916
"img_01058.jpg",0.95378151664949,0.00313908619802832,0.00309300177274756,0.00309235593627009,1.05442418729644e-05,0.00309436434552186,0.00309255191348299,0.0306965789425862
"img_01059.jpg",0.0913235181280655,0.0249113935671742,0.00298496959551038,0.00298471177043793,1.00388705410938e-05,0.0538896810553888,0.0141805829686178,0.809715104044264
"img_01090.jpg",0.000962899713364333,0.00400248958707474,0.00146265976465362,0.000962899713364333,0.987406469003407,0.00100869249974028,0.00261146958791221,0.00158242013048306
"img_01102.jpg",0.229641660017988,0.595560619238496,0.00401749612416192,0.0405563704112666,1.00437707577829e-05,0.00296468006964877,0.00296264709340701,0.124286483274274
"img_01103.jpg",0.0307663850230026,0.0714689561306261,0.00393408219500595,0.00303518781291228,1.00294699511022e-05,0.00458458514993292,0.00355124177862318,0.882649532439946
"img_01116.jpg",0.840269956724513,0.0965334863197629,0.00404572877296533,0.00514485449958537,1.00292848764172e-05,0.0317363235972366,0.0029570800709674,0.0193025407300933
"img_01134.jpg",0.915367654837353,0.00307626072106158,0.00567864757198866,0.0053031469565803,1.00295465635216e-05,0.0297836195653374,0.00302082938229397,0.0377598114188218
"img_01142.jpg",0.892776002027378,0.00973504956654583,0.011983998445995,0.00973504956654583,0.0310323123001418,0.0252674889603022,0.00973504956654583,0.00973504956654583
"img_01168.jpg",0.004675450137934,0.0110796160551954,0.00229638952360609,0.00444903718374358,0.00369212519499751,0.965167340918262,0.00558369145441602,0.0030563495318452
"img_01171.jpg",0.000958023228876956,0.000958023228876956,0.000958023228876956,0.000958023228876956,0.991944459628485,0.000958023228876956,0.000958023228876956,0.00230740099825285
"img_01177.jpg",0.878640910988031,0.00992068765030789,0.0301630960490327,0.0137242305558319,0.0290198733471327,0.0164748164081046,0.0111310261150968,0.0109253588864625
"img_01179.jpg",0.969324990381308,0.00297207266520454,0.00295136156541773,0.00396200260145497,1.00939631854624e-05,0.0148708322005182,0.00295133373102381,0.00295731289188748
"img_01188.jpg",0.100575829313292,0.40734897839138,0.00421704486314877,0.0160529155853034,1.00552898315035e-05,0.253424067864391,0.0110140738378746,0.207357034854778
"img_01198.jpg",0.0014656840006446,0.00169421052769144,0.00212018798478183,0.000935522732037153,0.955879422467474,0.0010235321401185,0.0350139822738027,0.00186745787344957
"img_01204.jpg",0.000959010759770357,0.000959010759770357,0.000959010759770357,0.000959010759770357,0.991690803963078,0.000959010759770357,0.000959010759770357,0.0025551314782998
"img_01208.jpg",0.000937207060342254,0.000937207060342254,0.000937207060342254,0.000937207060342254,0.993439550577604,0.000937207060342254,0.000937207060342254,0.000937207060342254
"img_01211.jpg",0.977020374679016,0.00861169986038163,0.00285817188627839,0.00291862868420032,1.00284803504393e-05,0.00285826761109269,0.00285806763504549,0.00286476116363477
"img_01213.jpg",0.844091057878117,0.0796314447521008,0.00355050215385717,0.0150929501869484,1.00534138263308e-05,0.0239025094690873,0.00299887445530063,0.0307226076907625
"img_01222.jpg",0.739208440055831,0.117261999516472,0.0031139958500805,0.0208053936598957,1.00296128819521e-05,0.0157081353206353,0.0075144622753777,0.0963775437088257
"img_01224.jpg",0.0217236009663006,0.00495205654499248,0.152629895626903,0.00296168433875741,1.00295159566432e-05,0.00539270681646585,0.00375622143304351,0.808573804757581
"img_01237.jpg",0.0035205224523742,0.000953052063519495,0.000953052063519495,0.000953052063519495,0.983853857087375,0.000984574154417953,0.00103031103650408,0.00775157907877066
"img_01249.jpg",0.00420088999422821,0.00170575957525503,0.00252244227072059,0.00104337842784164,0.987614450760529,0.00097102632380861,0.00097102632380861,0.00097102632380861
"img_01253.jpg",0.00283819399113559,0.00283820854061283,0.00283819378397905,0.00283819288195183,1.0028281361883e-05,0.00283819289736351,0.0028381928899072,0.982960796733688
"img_01286.jpg",0.129759012262267,0.010044562088952,0.00315922884849756,0.0031592391533625,1.06323199682612e-05,0.00962288120735134,0.0031592296156943,0.841085214503907
"img_01289.jpg",0.0971066173745677,0.0491738791260372,0.00301584915605714,0.00401749838317457,1.00297716318757e-05,0.042047011390386,0.0156042023776774,0.789024912420468
"img_01325.jpg",0.00147137704229481,0.00501754443293513,0.00149206162427852,0.00096728387249574,0.985761653044264,0.00102933711351657,0.00239650593555277,0.00186423693466228
"img_01328.jpg",0.912004424966394,0.0613066982860525,0.00294948366854707,0.00598104455080584,1.00293824960304e-05,0.00824219517722001,0.00294837363539857,0.00655775033308554
"img_01366.jpg",0.0449364452476168,0.000774226925753184,0.00167300013155899,0.00140650532361361,9.56765816930332e-07,0.94916802470992,0.000368016125448997,0.00167282477027193
"img_01371.jpg",0.947995192061602,0.0064918873193031,0.00621649853312776,0.00311666833610134,1.04587501749258e-05,0.00499428516384493,0.00420896784089785,0.0269660419949483
"img_01373.jpg",0.00197504079741803,0.000974381806897194,0.00439299395664427,0.000974381806897194,0.987728651192672,0.00200578682567748,0.000974381806897194,0.000974381806897194
"img_01377.jpg",0.0033771761548532,0.000951809516665827,0.00116610806579673,0.000951809516665827,0.990697668196021,0.000951809516665827,0.000951809516665827,0.000951809516665827
"img_01379.jpg",0.85989720944012,0.0171194227120174,0.0259015045737785,0.00309962741722247,1.00296653731305e-05,0.0580889279938673,0.00300901202008435,0.0328742661775364
"img_01384.jpg",0.0413988475014379,0.00223513891950431,0.00407159322529243,0.000834614567002598,9.97400180801339e-07,0.948614221593598,0.000316604945635956,0.00252798184734777
"img_01388.jpg",0.899669462866745,0.0709403341358445,0.00294331806461236,0.00294332269974394,1.00406361257796e-05,0.00754246676178657,0.00294758505373623,0.0130034697814052
"img_01392.jpg",0.00294764244538836,0.0237200417096386,0.868158766451806,0.00291803939189225,1.00290811548856e-05,0.00291945388232626,0.00426765980408249,0.0950583672337116
"img_01399.jpg",0.00312224056559523,0.903438451069835,0.00342337798961617,0.00288981255660794,1.00287986412987e-05,0.00307701470516144,0.00289069443327243,0.0811483798812706
"img_01404.jpg",0.96738911434858,0.0078826470783924,0.0029601207077123,0.00790461129875456,1.00583382710362e-05,0.00787007085655205,0.00295992266207747,0.00302345470966047
"img_01405.jpg",0.915249627555476,0.00709696348127427,0.00331544408249229,0.00437072505868691,1.01303956767758e-05,0.0639759794456549,0.00298036863006629,0.00300076135067239
"img_01413.jpg",0.976173594499159,0.00362642807907559,0.00301790816303464,0.00301790400482153,1.02449163090792e-05,0.00799485631433137,0.00301790488327402,0.00314115913999473
"img_01426.jpg",0.107669009461064,0.318192228186229,0.00291639657560884,0.00291137788396363,1.00290315102269e-05,0.00584848758030123,0.484959261315318,0.0774932099660051
"img_01431.jpg",0.00615473433414573,0.000650950839325794,0.000697888803136662,0.991006691873834,9.97426472391066e-07,0.000297929322864035,0.000297929254999859,0.000892878145221031
"img_01441.jpg",0.00288679783786074,0.00285726949328263,0.00285708976789847,0.00285422169089197,1.00284417110775e-05,0.00285422156800562,0.00285447866558666,0.982825892534763
"img_01444.jpg",0.267227685789472,0.00317138001466026,0.00307042937691371,0.00295120902802763,1.00294025541974e-05,0.0160924784636663,0.00483320053451023,0.702643587390196
"img_01490.jpg",0.00374793545279593,0.00292215520695155,0.0291549529994023,0.00286613283024124,1.00285602300331e-05,0.00327104428237582,0.0028662370241731,0.95516151364383
"img_01495.jpg",0.720692212752117,0.0246046444779562,0.0034618522968413,0.00359215893538384,1.0029625321976e-05,0.017843614164372,0.00315511831675337,0.226640369431254
"img_01505.jpg",0.000955307974528058,0.000955307974528058,0.000955307974528058,0.000955307974528058,0.992489230143308,0.000955307974528058,0.000955307974528058,0.00177892200952349
"img_01511.jpg",0.939031076524855,0.0131801084199103,0.0257260104907329,0.00294807423432087,1.00357595988054e-05,0.00885160466834832,0.00294701332099592,0.00730607658123813
"img_01519.jpg",0.409951378417992,0.0227653013563911,0.00531721862456769,0.00552743644841775,1.00556873278885e-05,0.206467114002673,0.0435567931460488,0.306404702316582
"img_01530.jpg",0.943350312171984,0.0173463852290743,0.00309045443697922,0.00330816172460979,1.03541610297812e-05,0.00527569739712576,0.00347735706008002,0.024141277819117
"img_01537.jpg",0.858605792512045,0.00667649597269395,0.0149335473339589,0.00300253922027273,1.01064829829251e-05,0.0633518670691972,0.00532340815067717,0.0480962432581717
"img_01538.jpg",0.919564350606054,0.0240170673619032,0.00363035874326882,0.00290028660073847,1.00289011874178e-05,0.0429850974146173,0.00295910114435356,0.0039337092278776
"img_01541.jpg",0.000944917559596346,0.000944917559596346,0.000944917559596346,0.000944917559596346,0.993385577082826,0.000944917559596346,0.000944917559596346,0.000944917559596346
"img_01543.jpg",0.981016169156532,0.00292083446484005,0.00288830268478438,0.00288828401350624,1.0089941614601e-05,0.002904927511887,0.00288828091309731,0.0044831113137385
"img_01548.jpg",0.959662616353436,0.00296798939112915,0.00297809998796784,0.00296622454670058,1.01599194946389e-05,0.0183388112788764,0.00344428036151932,0.00963181816087647
"img_01552.jpg",0.981914525029987,0.00315132343895516,0.00288084762189041,0.00288053216146191,1.00287050223066e-05,0.00339711618333245,0.0028805544743845,0.00288507238496677
"img_01561.jpg",0.000948132351135929,0.000948132351135929,0.000948132351135929,0.000948132351135929,0.99329855300261,0.00101265289057404,0.000948132351135929,0.000948132351135929
"img_01562.jpg",0.73283474789308,0.0124570120914005,0.00389050667488714,0.00302369526493997,1.00478228915894e-05,0.0211787442995084,0.0765893448555792,0.150015901097713
"img_01571.jpg",0.970057351696154,0.0133332092040288,0.00288270817599057,0.00288228998110006,1.00287219883289e-05,0.00289014655723684,0.0031003045916404,0.00484396107186111
"img_01593.jpg",0.586189578066518,0.154783883347604,0.00837308302268816,0.00302308210016445,1.00401078056999e-05,0.0388957010797866,0.0201510021916443,0.188573630083789
"img_01595.jpg",0.00380708912817194,0.000940177086541777,0.000940177086541777,0.000940177086541777,0.990551848352577,0.000940177086541777,0.000940177086541777,0.000940177086541777
"img_01616.jpg",0.93602771469276,0.036696166784294,0.00296371969644366,0.00296335640095944,1.01234527972748e-05,0.00641051002112007,0.00296836646426113,0.0119600424873641
"img_01618.jpg",0.923731117954008,0.0047285327796776,0.00305718009270294,0.00338582972874,1.00338737942457e-05,0.0554601616072205,0.00333653147513625,0.00629061248872077
"img_01627.jpg",0.880716249428859,0.0687599309803868,0.00296077370372545,0.00380440518733954,1.00292957329054e-05,0.0298628556677018,0.00322150448084273,0.0106642512554118
"img_01632.jpg",0.905506170024896,0.00952078749744438,0.00952078749744438,0.00952078749744438,0.0373691049904374,0.00952078749744438,0.00952078749744438,0.00952078749744438
"img_01633.jpg",0.795643383417378,0.0058183536201705,0.00422374887095658,0.00483720135802836,1.00952411878116e-05,0.156959104794325,0.0131708412151428,0.0193372714828115
"img_01640.jpg",0.982824843379709,0.00287990123517046,0.00285534592861643,0.00285536565873884,1.00513137829331e-05,0.00285554424450214,0.00285534502253637,0.00286360321694345
"img_01646.jpg",0.954216515426838,0.0181984885847504,0.00291749250175387,0.00291745920992259,1.00290741831507e-05,0.00984545216471523,0.00291766140304249,0.00897690163479449
"img_01647.jpg",0.00312164263284955,0.000940882958757157,0.000940882958757157,0.000940882958757157,0.991233059614607,0.000940882958757157,0.000940882958757157,0.000940882958757157
"img_01649.jpg",0.88504952979606,0.0504769414437388,0.00596524534578,0.00668486506227949,1.10792673674537e-05,0.0261461661894562,0.0209217918587209,0.00474438103659703
"img_01657.jpg",0.13680437200623,0.0112879758716733,0.272319861202222,0.00289126535525755,1.00288139163039e-05,0.00734551498111566,0.00292921923853879,0.566411762531046
"img_01669.jpg",0.00731083670486643,0.000806131366381842,0.000746655895295002,0.989576408281133,9.9874110369438e-07,0.000298953857892586,0.000409453994893962,0.000850561158433503
"img_01673.jpg",0.672691238221869,0.0115855170655381,0.00987771078256358,0.0105992040659262,0.226201068992911,0.0289091482420529,0.0254180575680531,0.0147180550610864
"img_01681.jpg",0.126793221076143,0.010971327173322,0.00296824166302739,0.00295688220842411,1.00801726840586e-05,0.00920938668765865,0.00365138151141684,0.843439479507324
"img_01684.jpg",0.891392237112752,0.0208181002004972,0.00305455094569976,0.00698564058674737,1.00294960518849e-05,0.0229021542080815,0.00295980933184965,0.0518774781183206
"img_01685.jpg",0.229831117407665,0.044191953370999,0.172217058400511,0.0347708319190612,0.25101642637939,0.153631242132629,0.0119710026007345,0.102370367789011
"img_01687.jpg",0.692562870624041,0.00407789843317663,0.00470425319419668,0.002949353825687,1.00293879022013e-05,0.00297790699811044,0.00551961430709527,0.28719807322979
"img_01688.jpg",0.0922508551929339,0.0622541377441517,0.00298256222687085,0.00346817141088498,1.00297253690568e-05,0.0352094127874127,0.0119387502379029,0.791886080674474
"img_01689.jpg",0.00504901681973233,0.00529532337344924,0.0198178816313713,0.00294505888161038,1.00293505891814e-05,0.0295201251990293,0.00847966016187315,0.928882904582345
"img_01716.jpg",0.000940333161399404,0.000940333161399404,0.000940333161399404,0.000940333161399404,0.993417667870204,0.000940333161399404,0.000940333161399404,0.000940333161399404
"img_01717.jpg",0.0177845855333017,0.00092941021423933,0.00092941021423933,0.00092941021423933,0.976638953181262,0.00092941021423933,0.00092941021423933,0.00092941021423933
"img_01724.jpg",0.92232932013292,0.00408144379479752,0.00972463393059626,0.00300297256718875,1.01148210486662e-05,0.0124318248284948,0.0037252153131594,0.0446944746117949
"img_01745.jpg",0.890666360499333,0.0264396317982648,0.0346978758948786,0.0159789211739295,1.02322304714622e-05,0.0218984747707186,0.00393312208576599,0.00637538154663844
"img_01771.jpg",0.90161482401958,0.0423138104793511,0.00337386931851724,0.0110332005560489,1.00297720160285e-05,0.00973636148338257,0.00298724319749895,0.0289306611736049
"img_01773.jpg",0.731563632884993,0.0115193876191421,0.00430167436775227,0.00297432056875426,1.00327470349916e-05,0.00742548010736428,0.027279622686994,0.214925849017966
"img_01781.jpg",0.00704534790894743,0.00131639366268163,0.00110923405906174,0.000961629742841196,0.98654950088487,0.00109463425591528,0.000961629742841196,0.000961629742841196
"img_01782.jpg",0.00208998353577523,0.000937548828305057,0.000937548828305057,0.000937548828305057,0.992284723494394,0.000937548828305057,0.000937548828305057,0.000937548828305057
"img_01802.jpg",0.734248989284706,0.00965788439684653,0.00965788439684653,0.00965788439684653,0.207244290067899,0.00965788439684653,0.00965788439684653,0.0102172986631621
"img_01803.jpg",0.00976728327161569,0.0700824026123033,0.723733126251258,0.00976728327161569,0.00976728327161569,0.00976728327161569,0.0183659779507404,0.148749360099235
