"image","ALB","BET","DOL","LAG","NoF","OTHER","SHARK","YFT"
"img_00005.jpg",0.0336000758514794,0.0150964749558229,0.0228128797603355,0.00852952074453566,0.866330083914489,0.0166549839695675,0.0157992639446593,0.0211767168591106
"img_00007.jpg",0.0442947848993193,0.0301285478800245,0.00494785308681843,0.00835122491199838,1.00281407172712e-05,0.00219590580679399,0.00211405553756136,0.907957599736767
"img_00009.jpg",0.865458635553876,0.0668620413486853,0.00287239072065587,0.00245898320448155,1.01504730924106e-05,0.0567388617794506,0.00220470027003943,0.00339423664971879
"img_00018.jpg",0.772800071752487,0.0515638574260261,0.00264439745001607,0.0151322479331634,1.00275372163847e-05,0.146543866831814,0.00330628345217842,0.00799924761709933
"img_00027.jpg",0.296720245477062,0.0251975108081426,0.00651468134301421,0.00251344301192684,1.00853897212277e-05,0.0943673855968325,0.0102745812696574,0.564402067103643
"img_00030.jpg",0.174423252982054,0.0205098241321349,0.0116930842449658,0.0497258860008511,0.666028424066015,0.0411221053569902,0.0223861404471371,0.014111282769851
"img_00040.jpg",0.0942703594465715,0.0175107758155899,0.00356611319484833,0.00259368272533084,1.00740920103618e-05,0.00776903140488384,0.830234888179695,0.0440450751410705
"img_00046.jpg",0.628711853984008,0.00974623947263277,0.0120957042908791,0.00693495029730156,0.301920874417441,0.0124873368845776,0.0134450473640042,0.0146579932891561
"img_00053.jpg",0.91188783823114,0.0194634351182866,0.0112156685715821,0.00525531672015208,1.01440642213935e-05,0.0328771952166658,0.00559491179359694,0.0136954902843547
"img_00071.jpg",0.00162960077908553,0.000838625174233696,0.000204942931897073,0.996640587259411,9.98788042670725e-07,0.000253044876171478,0.00020113856449659,0.000231061626661976
"img_00075.jpg",0.807721338064143,0.0368713991559313,0.00854528749436827,0.00557405091680677,1.01847551298084e-05,0.125217736143318,0.00824932790925913,0.00781067556104306
"img_00102.jpg",0.447204936179059,0.0199495649520743,0.00289494079918689,0.00412477700224739,1.00843235335973e-05,0.0195847015180857,0.00515850210458117,0.501072493121232
"img_00103.jpg",0.768046885913393,0.024937580564521,0.0890869487851385,0.00416553471990018,1.00326784229147e-05,0.021890920768494,0.00246005671686793,0.0894020398532623
"img_00109.jpg",0.967278513327391,0.00975477180363668,0.00220658447944933,0.00216946327616368,1.00218143459695e-05,0.00988495898712967,0.00253610019320061,0.00615958611868351
"img_00119.jpg",0.00824955748006439,0.00746167587301349,0.0076102555975109,0.00683756357410987,0.844827457214502,0.00946747569666646,0.00729211287955703,0.108253901684576
"img_00120.jpg",0.721096510269401,0.0151338055100461,0.00280930869505714,0.00242627500885969,1.00303275766974e-05,0.00768391953962004,0.0405635797975881,0.210276570851852
"img_00125.jpg",0.831268822129115,0.00996501816217707,0.0109968253813669,0.00765165851405449,1.00326095815203e-05,0.017832086503643,0.00817125247541824,0.114104304224644
"img_00128.jpg",0.0107257594897714,0.105868430752207,0.296273555286357,0.00221529681494679,1.0040116364656e-05,0.0058796496045746,0.00245345316875493,0.576573814767024
"img_00129.jpg",0.176439377602234,0.0168790978037698,0.00367131922475953,0.00284760206954429,1.00673120796249e-05,0.00825271736794848,0.714815060190705,0.0770847584289592
"img_00133.jpg",0.103398082133885,0.0223534510501916,0.0157737394515933,0.0122102646421705,0.787294356350693,0.0309001156787562,0.00772895413930129,0.0203410365534086
"img_00138.jpg",0.737712713743667,0.220683811980059,0.00520674228930007,0.00420102080430455,1.0049965637357e-05,0.00554223671613629,0.0051286320476081,0.0215147924532874
"img_00141.jpg",0.0032751069592771,0.00410430940788101,0.00584552266499174,0.00205621284855425,1.00238097879168e-05,0.00225374190366986,0.00215686182424236,0.980298220581596
"img_00152.jpg",0.0231310596023614,0.0218736388982768,0.00506587412801862,0.00238455832752793,1.00712614211299e-05,0.0133761529062875,0.00503724243755152,0.929121402438555
"img_00161.jpg",0.00267564728238767,0.00206096510532115,0.00200494148932815,0.00199875517259669,1.00199975648494e-05,0.00201440228332158,0.00200112034903481,0.987234148320445
"img_00164.jpg",0.0114350673229176,0.00746962872786852,0.0235305700304622,0.00688009030263842,0.901728408025497,0.00754497639479085,0.00894326494100591,0.0324679942548199
"img_00170.jpg",0.0503854484479088,0.0061929077550648,0.000819376680031346,0.86961211692695,2.77772174974571e-06,0.00266792172982454,0.000605170416141302,0.0697142803223295
"img_00171.jpg",0.469384841903865,0.0229495524079074,0.0205381062782248,0.0194803118136744,1.01661023418922e-05,0.446536403890952,0.00509966610308893,0.0160009514999457
"img_00172.jpg",0.0840996090910546,0.104218496639024,0.0260594541470408,0.00902600603477394,0.670681094037301,0.0752025086771048,0.00790458570510019,0.0228082456686005
"img_00175.jpg",0.469384841903865,0.0229495524079074,0.0205381062782248,0.0194803118136744,1.01661023418922e-05,0.446536403890952,0.00509966610308893,0.0160009514999457
"img_00180.jpg",0.00751584836283458,0.00255466517083282,0.0030353720673775,0.00243950896989067,1.00228568581317e-05,0.00280236096460783,0.00279553113478727,0.978846690472811
"img_00196.jpg",0.0163252582430313,0.008486963508051,0.00788922895983363,0.00686409443690097,0.915101547153205,0.008911191681838,0.00730143394294199,0.0291202820741982
"img_00212.jpg",0.182293703457889,0.0058955611062102,0.0022175944825132,0.0172374079326372,1.00227451656187e-05,0.00237194961739388,0.00219737464236762,0.787776386015823
"img_00223.jpg",0.846128914293314,0.0149373878296727,0.0698075704929554,0.00609193662120354,1.00430339579592e-05,0.0271396796089106,0.00402868063656556,0.0318557874834199
"img_00230.jpg",0.76857151736079,0.130552007042823,0.00385751145348876,0.00566295255063737,1.00317638941147e-05,0.0590126348821086,0.00311194498852097,0.0292213999577379
"img_00232.jpg",0.00465510477962508,0.00315398134612471,0.00228190197148692,0.0023374498919751,1.00646950981206e-05,0.0044678484735157,0.976504376198289,0.00658927264388578
"img_00244.jpg",0.771287938488718,0.097092787956026,0.00380435143639894,0.00672922821313923,1.00383379976615e-05,0.0600310346937068,0.00243007097914966,0.0586145498948635
"img_00272.jpg",0.845345595757128,0.0252013017419518,0.0692787224608651,0.0186783391587595,1.0051275278267e-05,0.0104082148849485,0.00277200970592571,0.0283057650151429
"img_00280.jpg",0.938319417558468,0.00735654904632641,0.00572914202267605,0.00225630698489056,1.04073337853744e-05,0.00478575279121346,0.00277103171716034,0.0387713925454796
"img_00282.jpg",0.469384841903865,0.0229495524079074,0.0205381062782248,0.0194803118136744,1.01661023418922e-05,0.446536403890952,0.00509966610308893,0.0160009514999457
"img_00285.jpg",0.691014186323432,0.020038260464074,0.0028510773119288,0.00227181203274862,1.00770564701412e-05,0.00594098326775485,0.0155902817038434,0.262283321839749
"img_00289.jpg",0.963555693561752,0.00753732109821866,0.00496977095801571,0.00251728568655428,1.05341224397897e-05,0.00423979828331185,0.00432944543693214,0.0128401508527751
"img_00292.jpg",0.809131026530735,0.0279212068617788,0.00344374767890307,0.00391230110087086,1.00837296825037e-05,0.0253754922286439,0.0136243205209651,0.11658182134842
"img_00302.jpg",0.0942703594465715,0.0175107758155899,0.00356611319484833,0.00259368272533084,1.00740920103618e-05,0.00776903140488384,0.830234888179695,0.0440450751410705
"img_00311.jpg",0.980195536179344,0.00523564483692728,0.00213536654795908,0.00292091615790548,1.00660013255646e-05,0.00231156456314702,0.00207294417676317,0.00511796153662853
"img_00320.jpg",0.961823432967706,0.0169531407574236,0.0027044750993024,0.00205450150898831,1.00359649306326e-05,0.00553940698735184,0.00330785271603427,0.00760715399826327
"img_00331.jpg",0.877008181151103,0.0180230110418297,0.00277911429884865,0.00301147612273207,1.00730747308779e-05,0.0431715929076457,0.00967525827788066,0.0463212931252289
"img_00358.jpg",0.291089335402872,0.0284901280267475,0.00324519994471657,0.00376434740558233,1.00710755813116e-05,0.0224380390094798,0.0206278840915845,0.630334995043436
"img_00374.jpg",0.652470921825414,0.0290043548676883,0.00579445624824304,0.0112474044871486,1.00251698373686e-05,0.00430809885579085,0.003089207946597,0.294075530599281
"img_00375.jpg",0.0390464510814023,0.0371480157918542,0.856664208467,0.016145603730469,1.01101497206337e-05,0.0173150896978074,0.00704382170306413,0.0266266993786823
"img_00376.jpg",0.882481015927505,0.0346078316381684,0.00852980821586153,0.00210643865098228,1.00657922995284e-05,0.0281581188141461,0.00923318528635827,0.0348735356746787
"img_00380.jpg",0.91671499058922,0.027404454935136,0.0046689787067905,0.00416488491564054,1.00344131023491e-05,0.0378691716300714,0.00332659912731155,0.00584088568272714
"img_00383.jpg",0.903275107831033,0.0253596063778284,0.00213920271440222,0.00374967084979115,1.00316098534436e-05,0.00251220331288737,0.00209285544386582,0.0608613218603387
"img_00398.jpg",0.946833026230384,0.0164250217815658,0.00225277945828558,0.00385105349142491,1.00545759451274e-05,0.00413261557831562,0.00241952241598553,0.0240759264680936
"img_00407.jpg",0.935207444726161,0.0279891869287422,0.00338853613047647,0.00666522316005769,1.00310923005908e-05,0.0191831387401378,0.00253676056598297,0.00501967865614111
"img_00417.jpg",0.0877931404192965,0.00712092160105492,0.00220128180383264,0.00627827614562754,1.00226375809961e-05,0.00213004388748866,0.00209149781120786,0.892374815693911
"img_00432.jpg",0.331200023864232,0.0489687682393039,0.086683451495965,0.0188389330658961,0.0917715416880018,0.217308006461143,0.0115444205369561,0.193684854648502
"img_00442.jpg",0.0023007726341795,0.00210295903092845,0.00199867466961074,0.00199113291081867,1.00199381315394e-05,0.002022027754171,0.00200491351998356,0.987569499542177
"img_00446.jpg",0.914555435337898,0.0198692195786998,0.00226660665789939,0.00884786787431301,1.00333569630987e-05,0.0122158169234641,0.00241104467670202,0.0398239755940605
"img_00469.jpg",0.888301195515041,0.0160874422867854,0.00614692398842756,0.00712808011451896,1.00627043771782e-05,0.0098644673945821,0.00329346831356406,0.0691683596827039
"img_00473.jpg",0.954377448978425,0.00686302540285203,0.0024359422105367,0.00281833955391182,1.0045750048332e-05,0.00286880685241947,0.00219303880841844,0.0284333524433879
"img_00483.jpg",0.934935505928459,0.0382832276456375,0.00204630802562897,0.00222893241059364,1.00282423088662e-05,0.00274938036000501,0.00215982076460694,0.0175867966227598
"img_00484.jpg",0.113093420764728,0.0608487672634784,0.00346199977802753,0.00996516850278884,1.00229879739357e-05,0.00515726127048673,0.00478890659007911,0.802674452842437
"img_00486.jpg",0.905040643455466,0.0376658234709576,0.0193674131346279,0.0158415542584673,1.00839912079554e-05,0.00406810299146138,0.00517235843485671,0.0128340202629557
"img_00487.jpg",0.0747869879623502,0.0599498812655247,0.0236489676581284,0.0503727579622375,0.69349905793326,0.0175787612870352,0.0208373003647864,0.059326285566678
"img_00493.jpg",0.0700393676337838,0.00768930159685167,0.0129240725969499,0.00690317282035148,0.84903284834715,0.033250453214823,0.0111262177077966,0.00903456608229298
"img_00518.jpg",0.821608193159048,0.0342587266847985,0.00282617650678116,0.00654505130115909,1.01614598244571e-05,0.00541004621266035,0.00253777443146969,0.126803870244259
"img_00533.jpg",0.433124156261849,0.0161188719636033,0.00281982133221559,0.00340665817925419,1.00960209151495e-05,0.014765091441863,0.0124630797570622,0.517292225043238
"img_00538.jpg",0.75826800882019,0.0767451265153963,0.00314288364257961,0.00522030276387871,1.00352775608983e-05,0.00659792624364904,0.00260112523657135,0.147414591500174
"img_00543.jpg",0.980195536179344,0.00523564483692728,0.00213536654795908,0.00292091615790548,1.00660013255646e-05,0.00231156456314702,0.00207294417676317,0.00511796153662853
"img_00550.jpg",0.34948926600867,0.0931822972557851,0.0311319579987533,0.00865626496331593,1.04282181712514e-05,0.48042715834836,0.00357988297121159,0.0335227442357322
"img_00551.jpg",0.864270404016588,0.0146331926182749,0.00806566893049874,0.00724243760180985,1.0042559983709e-05,0.0494097569330687,0.0065167802787834,0.0498517170609926
"img_00564.jpg",0.044649561486124,0.0181024182589481,0.0209653986832027,0.0238205247093791,0.823159167379844,0.0288841586402247,0.0113217908014472,0.0290969800408305
"img_00575.jpg",0.743308800164284,0.0136784086528897,0.00334305285715368,0.00266908313500803,1.00727159674423e-05,0.0320578256691849,0.00715756679089088,0.197775190014621
"img_00582.jpg",0.870000225684488,0.0341401232254117,0.0067499564118438,0.00373854016751666,1.02832353558707e-05,0.0528171453214825,0.00277682582224261,0.0297669001316588
"img_00584.jpg",0.944974231370093,0.00284110479417331,0.00462399388515078,0.00308913481977398,1.04410331191412e-05,0.0309427337829792,0.0040911872167246,0.00942717309798633
"img_00587.jpg",0.0719175746965167,0.017369345755984,0.00348154749075659,0.00243497991063725,1.00420961803023e-05,0.0219383005210993,0.00816173326374797,0.874686476265078
"img_00590.jpg",0.0584716659418443,0.0763582640878399,0.00825933287069524,0.00248895616642026,1.00386399429855e-05,0.00822907340052647,0.0114529098808104,0.83472975901192
"img_00591.jpg",0.0607837708445994,0.00619381265124829,0.00248358037807528,0.00307352707004155,1.00579683132185e-05,0.0146610043344015,0.00378084144618078,0.90901340530714
"img_00598.jpg",0.932848425215551,0.0210689022777368,0.0027796819148662,0.0087420663012125,1.00450613814114e-05,0.00740177152734429,0.00250583139170958,0.0246432763101984
"img_00599.jpg",0.764749643163779,0.0151731039054013,0.00418375489331539,0.00356746632136059,1.0084035550111e-05,0.00460981056927583,0.0292612447148911,0.178444892396427
"img_00612.jpg",0.915794694347776,0.00323274074964808,0.00266403905558409,0.00280551818161369,1.00630050583778e-05,0.0500155019411715,0.0107153077381827,0.0147621349809651
"img_00618.jpg",0.711158629219067,0.0614411829530123,0.0320600141696065,0.022339961027562,0.0823750189385542,0.0125902693580321,0.0204780806562747,0.0575568436778916
"img_00620.jpg",0.844945030913778,0.0347041995111584,0.0472292124497602,0.00410372160166842,1.01498761083613e-05,0.0144469082532712,0.00380683166687411,0.0507539457273817
"img_00642.jpg",0.00184726653029098,0.00144022229894177,0.000510465927774251,0.995038790999711,9.97381120430524e-07,0.000373602777668515,0.000319121615503374,0.000469532468989651
"img_00646.jpg",0.0128008962482955,0.00829003838640549,0.0046940940115145,0.00233399523425626,1.00331022269411e-05,0.00342873573867181,0.00388662035103168,0.964555586927598
"img_00648.jpg",0.980195536179344,0.00523564483692728,0.00213536654795908,0.00292091615790548,1.00660013255646e-05,0.00231156456314702,0.00207294417676317,0.00511796153662853
"img_00650.jpg",0.199474482764559,0.014382743608124,0.0083121263737265,0.00497059722150052,1.02378071728646e-05,0.583461195063847,0.151302431997513,0.038086185163557
"img_00654.jpg",0.712572365859196,0.0636675256709801,0.0330689064509711,0.0209635576345738,0.0250494259051066,0.0405483543252014,0.0146617654440001,0.0894680987099706
"img_00664.jpg",0.923244732325104,0.0234906337420783,0.00245976709992181,0.00209520958031546,1.00335119010844e-05,0.0054120754483298,0.00504815758527942,0.0382393907070705
"img_00667.jpg",0.0070465308442339,0.00675049220040584,0.00698100781533673,0.00672141477897254,0.91744826940259,0.00689622928357168,0.00673795408604394,0.0414181015888452
"img_00676.jpg",0.00712000806140596,0.00788487652893454,0.00781599847461702,0.00677379111343231,0.893196097171766,0.00731311495835537,0.00681172872836653,0.0630843849631228
"img_00697.jpg",0.00279894108943101,0.00368611576740966,0.0030485751666953,0.00212064652601087,1.00366995618317e-05,0.00208693949257771,0.00289695775073147,0.983351787507582
"img_00708.jpg",0.749267333790285,0.0365742352836948,0.0045333330908102,0.0047286567551751,1.00478879323337e-05,0.0741578978125111,0.0249703619894054,0.105758133390186
"img_00716.jpg",0.101956308184864,0.100397073861646,0.00832758707780457,0.00486592457788649,1.01805516156226e-05,0.516433155935152,0.01558222286288,0.252427546948152
"img_00717.jpg",0.604864480446176,0.248046816085881,0.00680504675804843,0.0143289202995567,1.0026664742922e-05,0.109663768685173,0.00735400833320301,0.00892693272721886
"img_00718.jpg",0.871162762983785,0.0027449040502437,0.00512820214876018,0.00589636239417839,1.00653416988403e-05,0.0290107567402664,0.00354395115707221,0.0825029951839953
"img_00723.jpg",0.129854646235417,0.0164201651309102,0.00802045384301737,0.00779885620430566,0.763721777414422,0.0165467893748831,0.0265654821768365,0.0310718296202085
"img_00724.jpg",0.0456441917599335,0.00277519883209051,0.00572245948832202,0.00301369655744778,1.01737262528818e-05,0.0143323663044271,0.331459629554767,0.597042283776759
"img_00726.jpg",0.981267260269971,0.00620436695122787,0.00199672619557876,0.00200773133703866,1.00204040869389e-05,0.00310872492472928,0.00214660561134525,0.00325856430602207
"img_00729.jpg",0.938888218114297,0.012668814335588,0.00426332480720572,0.00252130577375432,1.07198640641578e-05,0.00775566548381841,0.00766791534667306,0.0262240362745989
"img_00730.jpg",0.0105623786684444,0.00480241704591687,0.00225534255251517,0.00206737549984921,1.00327121929269e-05,0.00538062419346403,0.00710037799601235,0.967821451331605
"img_00757.jpg",0.860130471228752,0.0145917125377004,0.0482859941367845,0.0172487575149023,1.01480046640492e-05,0.0311391904453185,0.00636335850735367,0.0222303676245244
"img_00760.jpg",0.003011398329527,0.000790431264412106,0.000235000312147092,0.995097736040848,9.97540537524563e-07,0.000330625040019502,0.000218463506160228,0.000315347966348209
"img_00763.jpg",0.00749054061173866,0.0068602558755253,0.00922347162336804,0.0066753468825444,0.929099192074277,0.0119525962591853,0.00681336532836472,0.0218852313449967
"img_00764.jpg",0.00657125523404737,0.0073500625874217,0.00855691332029649,0.0023649366229725,1.00514628015152e-05,0.00225109387147896,0.0020991335745283,0.970796553326453
"img_00765.jpg",0.0512533458826578,0.524429665924613,0.0046667599890879,0.020474063685519,1.0060642506488e-05,0.119804244123171,0.0085813732138993,0.270780486538546
"img_00772.jpg",0.0570696733536198,0.00967011394203978,0.332500057246006,0.00214635398365438,1.00861958428351e-05,0.246170837709685,0.0060937875054938,0.346339090063658
"img_00773.jpg",0.654592519870269,0.117759255632371,0.0750025942284097,0.0262406019358099,0.00880680835241285,0.0968397267665495,0.00804403793910362,0.0127144552750745
"img_00777.jpg",0.544375061359701,0.0215213769820988,0.00337051486105412,0.00234381927400015,1.01414647538702e-05,0.415886019436025,0.00992786452419911,0.00256520209816821
"img_00780.jpg",0.0098946372626865,0.00339146321844029,0.00412887587087567,0.00217580729179087,1.00765943176716e-05,0.0135384096857467,0.013741184288945,0.953119545787197
"img_00798.jpg",0.90474094784491,0.0350203706373858,0.00343993362808899,0.0305890539945754,1.00545752663143e-05,0.00658499083422311,0.00293791677471209,0.0166767317108387
"img_00808.jpg",0.815594038284591,0.133769281218764,0.00246283776422233,0.00452359338497365,1.00568923201924e-05,0.00624369304041981,0.00227693362879776,0.0351195657859106
"img_00816.jpg",0.950982866295705,0.00939178902926751,0.00211770046716169,0.002138010062237,1.00592713293911e-05,0.00333697173321393,0.00495993585965823,0.027062667281427
"img_00828.jpg",0.0100639976471711,0.00702092642929905,0.0466421524167264,0.00675354935282348,0.897159811874466,0.00956433062366661,0.00690874583668054,0.0158864858191673
"img_00833.jpg",0.749932072174181,0.0240978609104452,0.00412257291063242,0.00391835904099292,1.00431884554159e-05,0.0597599558159057,0.0265603486713721,0.131598787288015
"img_00837.jpg",0.784723466864011,0.123934480299936,0.00527237252195623,0.00463050570982401,1.01078163836702e-05,0.0537375368957869,0.00242957329158661,0.0252619566005163
"img_00855.jpg",0.827516890150851,0.0353070322100514,0.013142735252869,0.00436324806318277,1.02846989024729e-05,0.0382267102148611,0.010137923125039,0.0712951762842438
"img_00857.jpg",0.961823432967706,0.0169531407574236,0.0027044750993024,0.00205450150898831,1.00359649306326e-05,0.00553940698735184,0.00330785271603427,0.00760715399826327
"img_00858.jpg",0.946538602340808,0.00540580707855165,0.00227413608293049,0.00216417038847358,1.01480673647379e-05,0.0086010937265207,0.00376607032482526,0.0312399719905258
"img_00865.jpg",0.890937844582027,0.0674261290551091,0.00222918120042465,0.00291092271751828,1.00289635249341e-05,0.0167601489293681,0.00332095519002724,0.0164047893620004
"img_00876.jpg",0.00686254430608905,0.00677967730224771,0.00690084795277154,0.00672630307440055,0.915783848574499,0.00699245842404466,0.00688882819130043,0.0430654921746466
"img_00889.jpg",0.0739576885989605,0.0273490566137021,0.20368938431836,0.00745838164408475,0.111151067320948,0.0445933184953489,0.021193234852757,0.510607868155839
"img_00894.jpg",0.553980441194646,0.013695097830238,0.0143543099937476,0.0142655875169155,0.284570568493601,0.0121037912385701,0.00835180539385968,0.0986783983384223
"img_00902.jpg",0.00465510477962508,0.00315398134612471,0.00228190197148692,0.0023374498919751,1.00646950981206e-05,0.0044678484735157,0.976504376198289,0.00658927264388578
"img_00914.jpg",0.00230193903997011,0.00241242754619327,0.00202094028630008,0.0019870320267958,1.0020312950797e-05,0.0019909200010519,0.0019932104652676,0.98728351032147
"img_00921.jpg",0.821970842895764,0.00434806065928313,0.00388883243186149,0.00256046295649017,1.01141251411961e-05,0.0556398007127466,0.0522942590748333,0.0592876271438799
"img_00927.jpg",0.0627401809118153,0.0597890319544696,0.0067314053867927,0.00279080478169467,1.00502330755475e-05,0.0121310741947137,0.015850766645158,0.839956685892281
"img_00943.jpg",0.911277698796222,0.0619813577701809,0.00210645620292199,0.00247551316046424,1.00281575364524e-05,0.00267526526326669,0.00233365096720812,0.0171400296822
"img_00948.jpg",0.362296263566623,0.0218017561371557,0.0251402477736841,0.00883252115867161,0.414940031937234,0.0340400905104525,0.0179107751039533,0.115038313812226
"img_00950.jpg",0.0237140406156536,0.00972508124506634,0.0143139666251711,0.0072670446655964,0.906483234369274,0.0131766189782293,0.010840618199323,0.0144793953016867
"img_00959.jpg",0.849564325750162,0.0140030671948505,0.00678765941507696,0.00460989600586166,0.0699093496450662,0.0138702465759401,0.0114003211831461,0.0298551342298969
"img_00962.jpg",0.0957412486654322,0.00673322698625633,0.00510991456831741,0.00213679298220348,1.02054345782951e-05,0.00897363617725096,0.0139269183658516,0.86736805682011
"img_00964.jpg",0.00232513520218787,0.0226919525205931,0.936074197483729,0.00558182310685233,1.00212658761534e-05,0.00231158807671758,0.00352070423386715,0.0274845781101766
"img_00966.jpg",0.656017772807251,0.0101397600801468,0.00913011507133216,0.00689683581563778,0.172115897207134,0.0395490009058988,0.00875927360048727,0.0973913445121115
"img_00974.jpg",0.890213252429906,0.0142461551823456,0.00390989089201113,0.0106089767151807,1.00216031584879e-05,0.0238237693332821,0.00219931708195676,0.0549886167621595
"img_00979.jpg",0.00695717816310164,0.00661245820655131,0.0220069249399092,0.00218896703569069,1.00579791818927e-05,0.00457086592472922,0.00357314168562072,0.954080406065215
"img_00982.jpg",0.413803210780505,0.331784351808385,0.0456574514532259,0.0230014684824005,0.101426693674228,0.035122553479402,0.0122831500445297,0.0369211202773235
"img_00985.jpg",0.809131026530735,0.0279212068617788,0.00344374767890307,0.00391230110087086,1.00837296825037e-05,0.0253754922286439,0.0136243205209651,0.11658182134842
"img_00999.jpg",0.717457568288306,0.0456727719470865,0.00256103157536445,0.00287215127146426,1.00267381788731e-05,0.0136673028365818,0.0475724423336833,0.170186705009335
"img_01022.jpg",0.944016735720679,0.00456914531554513,0.00378204399732843,0.0080378893338656,1.01766604262086e-05,0.0180877481236762,0.0036905643621493,0.0178056964863297
"img_01031.jpg",0.802825161531557,0.00980684042579201,0.00666840433922973,0.0025300918231546,1.00500250180281e-05,0.167202971264006,0.00591738499570179,0.00503909559554117
"img_01035.jpg",0.544375061359701,0.0215213769820988,0.00337051486105412,0.00234381927400015,1.01414647538702e-05,0.415886019436025,0.00992786452419911,0.00256520209816821
"img_01043.jpg",0.099438189042547,0.0110685708137374,0.0141038497158568,0.00725154389447518,0.721213666823296,0.037331451452236,0.089018970003493,0.0205737582543586
"img_01058.jpg",0.918105011295814,0.0125409165925752,0.00393510188566412,0.00242985927232978,1.04748824976393e-05,0.00562920635249134,0.0028036603414284,0.0545457693771999
"img_01059.jpg",0.0222464776227769,0.0163428859834895,0.00731822008108446,0.00424837620042342,1.00452372050912e-05,0.0249805321087148,0.0108179189996914,0.914035543766614
"img_01090.jpg",0.0109344906745611,0.014886262836479,0.0161877763606823,0.00680920813454505,0.925301346625275,0.00759515973778081,0.00893645841123157,0.00934929721944479
"img_01102.jpg",0.207607266711782,0.577359045728515,0.00309702922254548,0.0413373221320315,1.00621725524803e-05,0.00491465677274587,0.00239953058788778,0.16327508667194
"img_01103.jpg",0.0143379892067674,0.0560890620779202,0.00740826705272507,0.00574719390627925,1.00720306597543e-05,0.00291494351787769,0.00955984164700205,0.903932630560769
"img_01116.jpg",0.819094457121741,0.084323710646,0.00838836664720921,0.0170129895851167,1.00281217366852e-05,0.0456615779626509,0.00309777653010813,0.0224110933854377
"img_01134.jpg",0.864270404016588,0.0146331926182749,0.00806566893049874,0.00724243760180985,1.0042559983709e-05,0.0494097569330687,0.0065167802787834,0.0498517170609926
"img_01142.jpg",0.609193491100964,0.0302583703982717,0.049607643083971,0.0174792514370986,0.244957364792784,0.0194069907484135,0.00763920427463965,0.0214576841638572
"img_01168.jpg",0.0891268330290508,0.0761989960049498,0.0144424613321028,0.0367565304195274,0.0290043803011792,0.553971588376375,0.0412769177968312,0.159222292739984
"img_01171.jpg",0.00797221502606702,0.00692300253420224,0.00843294244964917,0.00669446292794849,0.925476467241588,0.00755129270651413,0.00672314158847437,0.0302264755255562
"img_01177.jpg",0.743443579326303,0.0483478970826087,0.030450849782204,0.0115763146956299,0.0654706253668225,0.0414148404075707,0.0183265454121225,0.0409693479267392
"img_01179.jpg",0.964928783624025,0.00669165390899612,0.00355629642722629,0.00766598565063713,1.00536512309631e-05,0.011357930152625,0.00286358572868325,0.00292571085657635
"img_01188.jpg",0.0503002263228789,0.392234307039299,0.00485770024297963,0.0204008037402489,1.00853740887569e-05,0.182985150368293,0.011813323448696,0.337398403463515
"img_01198.jpg",0.438674571498626,0.0353796205281434,0.0100418840769313,0.00884458218052361,0.363567605004415,0.0130302338266698,0.056139854848625,0.0743216480360662
"img_01204.jpg",0.00683690077857966,0.00681279239942639,0.0069512321522263,0.00670491424040036,0.881790965834193,0.00683868977844114,0.00682537744349355,0.0772391273732392
"img_01208.jpg",0.0342478369450942,0.0091079619416811,0.0110595694259996,0.00768038365625378,0.898737163742187,0.0163056865492349,0.0109056568151696,0.01195574092438
"img_01211.jpg",0.935538205254853,0.0460825023485242,0.00220654296899611,0.00511449597333372,1.00566107272801e-05,0.0024709541149825,0.00211302436176875,0.00646421836681438
"img_01213.jpg",0.852617234685447,0.0821273111458188,0.00700488948692425,0.00967413919697459,1.00945340683556e-05,0.012136116852799,0.00561779202792967,0.030812422070038
"img_01222.jpg",0.768987980209657,0.104513056542771,0.00584793074327459,0.0232921123293774,1.005200468985e-05,0.0140159510543789,0.00716218166822524,0.0761707354476261
"img_01224.jpg",0.0133147126863115,0.0194850578492968,0.186695943219231,0.00391948695974142,1.00244388211237e-05,0.00704231946493816,0.00363118707535995,0.7659012683063
"img_01237.jpg",0.163514629887563,0.016536539926966,0.0110399996256648,0.00693981724785559,0.669147892125409,0.0242871258218208,0.0100092359370754,0.0985247594276451
"img_01249.jpg",0.138511214582423,0.103855878215881,0.0391343643901536,0.0353979961391472,0.610601438481312,0.0337583940276987,0.013026427427311,0.0257142867360732
"img_01253.jpg",0.00267065761240034,0.00202174500716737,0.00199760911449973,0.00198769685242159,1.00198206477479e-05,0.0019873175096342,0.00198803011164224,0.987336923971587
"img_01286.jpg",0.0899215106450636,0.0111131688517173,0.00235692637775408,0.00672198158027794,1.01620280102646e-05,0.00588041631484236,0.00242393565023782,0.881571898552097
"img_01289.jpg",0.0284391561598793,0.0319980184389327,0.00588669385388872,0.00416587488737329,1.00395113772421e-05,0.0163374944485344,0.00770223285471125,0.905460489845303
"img_01325.jpg",0.109858550833431,0.031905796060907,0.0234812345997853,0.00753419427659674,0.750343733033659,0.00910271338064543,0.02025893339968,0.0475148444152962
"img_01328.jpg",0.915898193808866,0.0519441561650435,0.00228560102748014,0.00554763212465382,1.00296478781131e-05,0.0071380273209941,0.00308587195405941,0.0140904879510253
"img_01366.jpg",0.469384841903865,0.0229495524079074,0.0205381062782248,0.0194803118136744,1.01661023418922e-05,0.446536403890952,0.00509966610308893,0.0160009514999457
"img_01371.jpg",0.961515368150004,0.00683528244979328,0.00345369552577121,0.00217004735889315,1.01752761608928e-05,0.004000975116899,0.00293513715239619,0.0190793189700818
"img_01373.jpg",0.0605337416272827,0.0358605362580414,0.0508043518163807,0.0166090273389592,0.629159726454122,0.175123962365784,0.0170029628674945,0.0149056912719345
"img_01377.jpg",0.0704518322787099,0.0354342431654936,0.0229543002081362,0.00903829791225393,0.780051240830056,0.0625051180109868,0.00852473170008928,0.0110402358942741
"img_01379.jpg",0.897492460317307,0.0161304185145265,0.0177867050556822,0.00515645636847402,1.00719619807786e-05,0.030588496187456,0.00424996655866864,0.0285854250359045
"img_01384.jpg",0.352081877429627,0.0611382261891152,0.0326933288443927,0.00758204155686307,1.04006526188801e-05,0.485740284938043,0.00265648012008603,0.058097360269254
"img_01388.jpg",0.890638450828317,0.0445978863043593,0.00335966657358468,0.00214021000226792,1.00460561288111e-05,0.0301016126848625,0.00289191464697122,0.0262602129035089
"img_01392.jpg",0.00284868412513484,0.0162885313228343,0.905262808344235,0.00504463044679627,1.00451877839793e-05,0.00237855863475257,0.00275520210300081,0.0654115398354618
"img_01399.jpg",0.0086560808922926,0.871967571707665,0.00743104572878368,0.00230486361440053,1.00475256406788e-05,0.0161682318925587,0.0028583387450429,0.0906038198936158
"img_01404.jpg",0.93081084079011,0.0103440130160392,0.00220271612404681,0.0107505568271048,1.00240996226358e-05,0.014902272483419,0.00208818410207596,0.0288913925575815
"img_01405.jpg",0.845628766229232,0.0125550625729278,0.00341124288434595,0.00322495168366716,1.00882004742687e-05,0.129625008670884,0.00280895224055039,0.0027359275179186
"img_01413.jpg",0.953242326224037,0.0061268629519663,0.00412617461516235,0.00713325696599713,1.00817149892622e-05,0.008632551474685,0.00463884871264648,0.0160898973405162
"img_01426.jpg",0.0469442640641623,0.154121262497455,0.00298680890878282,0.00218081788359177,1.00398311614912e-05,0.00486296722110149,0.700008639845304,0.0888851997484419
"img_01431.jpg",0.00236590665407482,0.000745187291051033,0.000236561136005136,0.995704466673635,9.98251555137248e-07,0.000382470561373203,0.000226480314815989,0.000337929117489524
"img_01441.jpg",0.00312385235046194,0.00238583144760036,0.00207004617174472,0.00201004729366331,1.002218340422e-05,0.0021112901382582,0.00229718268574677,0.98599172772912
"img_01444.jpg",0.269702329417647,0.011508752655111,0.00239501096052813,0.0040235192473106,1.00566047867825e-05,0.0156130896231815,0.0316396962942177,0.665107545197218
"img_01490.jpg",0.00896611193989825,0.0071972960810995,0.0460639740197954,0.00390389673326482,1.00345543713514e-05,0.00263246303545643,0.00225456578528224,0.928971657850832
"img_01495.jpg",0.617129948669634,0.0352144216520296,0.0114775592131099,0.00924794386711514,1.00287818428828e-05,0.0126530280044269,0.00338603354889494,0.310881036262946
"img_01505.jpg",0.0106395106798914,0.00713647900260434,0.00801421475022391,0.00698031821999092,0.916796598357189,0.00724064635221192,0.00745585620542779,0.0357363764324604
"img_01511.jpg",0.896668242565838,0.023345520843333,0.0480447366677992,0.00532679670298667,1.00405810538113e-05,0.0123225042736503,0.00361762314650662,0.0106645352188326
"img_01519.jpg",0.319905009912571,0.0580636888337085,0.00529295882613257,0.0112110630399126,1.00760184982321e-05,0.169673475094811,0.110313938596772,0.325529789677594
"img_01530.jpg",0.933927556677065,0.0152713090359552,0.00312114835826594,0.00280044783368075,1.03423941631387e-05,0.00302238331324525,0.00257030225213575,0.0392765101354889
"img_01537.jpg",0.819372026424186,0.0130301909437727,0.0458300372779338,0.00224064108057212,1.03206430114477e-05,0.0671599031776436,0.00921441040540328,0.0431424700474772
"img_01538.jpg",0.884072085247045,0.0331734523140427,0.0057236828239056,0.00274794481408069,1.00505547766043e-05,0.0571666576273654,0.00459969542928774,0.0125064311894959
"img_01541.jpg",0.00991083418892411,0.00715221521154489,0.0705881107190996,0.00667018278470356,0.865285248808401,0.0182162348690402,0.00681072534434546,0.0153664480739416
"img_01543.jpg",0.956780651362612,0.00381477487304818,0.00204680248890243,0.00218496354743747,1.00808479498196e-05,0.00245092061905751,0.00215357867901434,0.0305582275819779
"img_01548.jpg",0.954533125756338,0.00338859399658646,0.00270383698033255,0.00208032946630645,1.01350725017289e-05,0.022505458829433,0.00577564435084128,0.00900287554766108
"img_01552.jpg",0.954806163009766,0.0067626409165136,0.0040056380577348,0.00204028574189134,1.00463004688261e-05,0.0235669616989671,0.00348789266343966,0.00532037161121838
"img_01561.jpg",0.0760990236412134,0.0123445064283503,0.0258681197297151,0.0092890785457654,0.826734529944711,0.0124031562291378,0.0164975176080387,0.020764067873068
"img_01562.jpg",0.763196858858934,0.0113123967862067,0.00358482859639314,0.00249507282714001,1.00330820637385e-05,0.00836937878213788,0.0420984380742462,0.168932992992878
"img_01571.jpg",0.952768782261221,0.0277787871363344,0.00205732491142738,0.00212211028687986,1.00239648327326e-05,0.00216773418231435,0.00334322015990305,0.0097520170970875
"img_01593.jpg",0.66347020178788,0.134801094533318,0.00362449679443092,0.00372857025636094,1.00386684847392e-05,0.0188891720035177,0.0116631113338084,0.163813314622199
"img_01595.jpg",0.0402289323598036,0.0381014311211609,0.0472587674785816,0.0111931778186957,0.736719686886857,0.0114265914069348,0.010923851697031,0.104147561230935
"img_01616.jpg",0.826895095623641,0.132062883106979,0.00259793039249776,0.0039953623335663,1.01098620654485e-05,0.00559353956050191,0.00518028095254634,0.0236647981682019
"img_01618.jpg",0.864576386105622,0.0100579252904679,0.00246835623831406,0.00257961104026158,1.0376715217329e-05,0.0964872758339256,0.0160833418485336,0.00773672692765806
"img_01627.jpg",0.905767808223211,0.0464633339370851,0.0020877916198551,0.00214636730066299,1.00210017366053e-05,0.0315343060999336,0.00257866661071316,0.00941170520680248
"img_01632.jpg",0.740633962642196,0.0152146918564811,0.0167493508068606,0.0073459218930601,0.14860624662146,0.0292298944778961,0.016996500097403,0.0252234316046428
"img_01633.jpg",0.851715779123954,0.011998431875165,0.0107195695779078,0.00522294705728825,1.0053316245358e-05,0.0746677677608127,0.00853007786864071,0.0371353734199866
"img_01640.jpg",0.980195536179344,0.00523564483692728,0.00213536654795908,0.00292091615790548,1.00660013255646e-05,0.00231156456314702,0.00207294417676317,0.00511796153662853
"img_01646.jpg",0.955159003672179,0.0165735072858381,0.00248667944545252,0.00424555813491806,1.00210405481209e-05,0.0131699587583206,0.00274511742706858,0.00561015423567511
"img_01647.jpg",0.0120352758405917,0.00694231826239844,0.00706309747424462,0.00663130155176524,0.943700648827047,0.00940205922977223,0.00703407917889744,0.00719121963528386
"img_01649.jpg",0.908541837773827,0.034385027636215,0.00415327064491959,0.00899071926368208,1.05108337658835e-05,0.0151959684860133,0.0102316696857238,0.0184909956758536
"img_01657.jpg",0.0296778815804706,0.00431034097190806,0.221771176242443,0.00207614309480816,1.00536666970309e-05,0.00804987436844457,0.00237857706042023,0.731725953014809
"img_01669.jpg",0.00236590665407482,0.000745187291051033,0.000236561136005136,0.995704466673635,9.98251555137248e-07,0.000382470561373203,0.000226480314815989,0.000337929117489524
"img_01673.jpg",0.599222570310969,0.00948769854976007,0.00825622155571184,0.00805648085704743,0.316097626008005,0.0164057331543086,0.0184240232415365,0.0240496463226615
"img_01681.jpg",0.0815652853255228,0.00775196292294148,0.00473306040999091,0.0023151676313574,1.00405373610231e-05,0.00453846650117311,0.00530245832362033,0.893783558348033
"img_01684.jpg",0.913792313287822,0.0247198077538492,0.0029899324866951,0.00682900422891836,1.00238030862997e-05,0.00919721668041483,0.00403202590010594,0.0384296758591083
"img_01685.jpg",0.173577133036507,0.0411029759360715,0.128147175505802,0.0243309631513058,0.195490263916727,0.309045800098046,0.0114079128098975,0.116897775545643
"img_01687.jpg",0.725385890134299,0.00956213501621215,0.00265821249206153,0.00293421214338452,1.00340905263951e-05,0.00602769421258369,0.0117638590376929,0.24165796287324
"img_01688.jpg",0.0336561360023418,0.027234986887516,0.00516144918778152,0.00414956141653985,1.0044035641905e-05,0.0124553221282996,0.00699916147740256,0.910333338864477
"img_01689.jpg",0.00515413656239539,0.00400677261276137,0.0114209193841618,0.00206915986214168,1.00334751461547e-05,0.0107853901674647,0.00416257484449991,0.962391013091429
"img_01716.jpg",0.0121695229633658,0.00729278440076256,0.083985032980374,0.00667258853349418,0.851697795037989,0.0198304590490971,0.00706383015202699,0.0112879868828908
"img_01717.jpg",0.129854646235417,0.0164201651309102,0.00802045384301737,0.00779885620430566,0.763721777414422,0.0165467893748831,0.0265654821768365,0.0310718296202085
"img_01724.jpg",0.819372026424186,0.0130301909437727,0.0458300372779338,0.00224064108057212,1.03206430114477e-05,0.0671599031776436,0.00921441040540328,0.0431424700474772
"img_01745.jpg",0.814449665021299,0.052393503466688,0.0374850907605637,0.0165448496975085,0.0156579980662062,0.0356185832441435,0.00890923044386256,0.0189410792997283
"img_01771.jpg",0.917622556784427,0.030986683304418,0.00420392609547828,0.00840459162397734,1.01455202686589e-05,0.00588003558433448,0.00733435343931916,0.0255577076477772
"img_01773.jpg",0.752503642989932,0.0132534136651579,0.00255043174937575,0.0021671165716518,1.00243785987842e-05,0.00354953993238216,0.0181345486224918,0.207831282090409
"img_01781.jpg",0.0433866208681005,0.0107236577609497,0.0194933468322864,0.0339678301300931,0.854926963098811,0.0186116669442699,0.00941980996126633,0.00947010440422298
"img_01782.jpg",0.017223541277388,0.00760853226671745,0.00925647923305991,0.0066749520907879,0.927040068557328,0.01263026844111,0.00702923776152381,0.0125369203720848
"img_01802.jpg",0.707931528793094,0.0148176183658854,0.0107844107689964,0.0116559231223893,0.216742865727745,0.0082222294962594,0.00971591014290936,0.0201295135827204
"img_01803.jpg",0.0125549480913016,0.101823438649099,0.708701387256756,0.0142032744455732,0.0190447978812557,0.0112533941047921,0.016228518692631,0.116190240878592
"img_01824.jpg",0.827216508194273,0.00785156883254631,0.00299114902267686,0.00438019628059442,1.01039215334735e-05,0.114272742379009,0.0129616025747042,0.0303161287946629
"img_01825.jpg",0.0189847003072023,0.305420802873038,0.0751177157166881,0.0241009382657296,0.487105173166332,0.0160438698909175,0.0380817965345025,0.0351450032455899
"img_01831.jpg",0.0503854484479088,0.0061929077550648,0.000819376680031346,0.86961211692695,2.77772174974571e-06,0.00266792172982454,0.000605170416141302,0.0697142803223295
