"image","ALB","BET","DOL","LAG","NoF","OTHER","SHARK","YFT"
"img_00005.jpg",0.00331568697557116,0.00148973429730678,0.00225119635535837,0.000841701101078786,0.986809327403024,0.00164352942744354,0.00155908617339063,0.00208973826682655
"img_00007.jpg",0.0442947848993193,0.0301285478800245,0.00494785308681843,0.00835122491199838,1.00281407172712e-05,0.00219590580679399,0.00211405553756136,0.907957599736767
"img_00009.jpg",0.986724474289668,0.00659744125997156,0.000283425822379368,0.000242633890972918,1.00157202259003e-06,0.00559856235611225,0.000217543171492095,0.00033491763738085
"img_00018.jpg",0.772800071752487,0.0515638574260261,0.00264439745001607,0.0151322479331634,1.00275372163847e-05,0.146543866831814,0.00330628345217842,0.00799924761709933
"img_00027.jpg",0.296720245477062,0.0251975108081426,0.00651468134301421,0.00251344301192684,1.00853897212277e-05,0.0943673855968325,0.0102745812696574,0.564402067103643
"img_00030.jpg",0.0168786277204768,0.00198469917410824,0.00113151894888267,0.00481188547702174,0.967682165060924,0.00397931293870706,0.00216626696409801,0.00136552371578117
"img_00040.jpg",0.00926929092872544,0.00172185911663275,0.00035065298618099,0.000255030494113982,9.90591814805004e-07,0.000763920164655119,0.98330709165557,0.00433116406230706
"img_00046.jpg",0.628711853984008,0.00974623947263277,0.0120957042908791,0.00693495029730156,0.301920874417441,0.0124873368845776,0.0134450473640042,0.0146579932891561
"img_00053.jpg",0.991265743247505,0.00192934364786779,0.0011117708042627,0.000520941543460259,1.00554633599701e-06,0.00325900373523416,0.00055460443974841,0.00135758703558598
"img_00071.jpg",0.00162960077908553,0.000838625174233696,0.000204942931897073,0.996640587259411,9.98788042670725e-07,0.000253044876171478,0.00020113856449659,0.000231061626661976
"img_00075.jpg",0.807721338064143,0.0368713991559313,0.00854528749436827,0.00557405091680677,1.01847551298084e-05,0.125217736143318,0.00824932790925913,0.00781067556104306
"img_00102.jpg",0.447204936179059,0.0199495649520743,0.00289494079918689,0.00412477700224739,1.00843235335973e-05,0.0195847015180857,0.00515850210458117,0.501072493121232
"img_00103.jpg",0.768046885913393,0.024937580564521,0.0890869487851385,0.00416553471990018,1.00326784229147e-05,0.021890920768494,0.00246005671686793,0.0894020398532623
"img_00109.jpg",0.99673852336915,0.000972295684335984,0.000219938775573561,0.000216238762238698,9.98912843268145e-07,0.000985271942439623,0.000252782876168699,0.000613949677250171
"img_00119.jpg",0.000812350308180164,0.000734766041649023,0.000749396982190557,0.000673308464127007,0.984719851548702,0.000932281133680298,0.000718068836941598,0.0106599766845292
"img_00120.jpg",0.721096510269401,0.0151338055100461,0.00280930869505714,0.00242627500885969,1.00303275766974e-05,0.00768391953962004,0.0405635797975881,0.210276570851852
"img_00125.jpg",0.831268822129115,0.00996501816217707,0.0109968253813669,0.00765165851405449,1.00326095815203e-05,0.017832086503643,0.00817125247541824,0.114104304224644
"img_00128.jpg",0.0107257594897714,0.105868430752207,0.296273555286357,0.00221529681494679,1.0040116364656e-05,0.0058796496045746,0.00245345316875493,0.576573814767024
"img_00129.jpg",0.017154711231231,0.00164110785586737,0.000356952183771583,0.000276864449809017,9.78816826196181e-07,0.000802388816170523,0.972272259421853,0.00749473722447119
"img_00133.jpg",0.0101244554757823,0.00218878837225142,0.0015445211310347,0.0011955954904183,0.979172449100298,0.00302565423777396,0.000756797906139065,0.00199173828630188
"img_00138.jpg",0.737712713743667,0.220683811980059,0.00520674228930007,0.00420102080430455,1.0049965637357e-05,0.00554223671613629,0.0051286320476081,0.0215147924532874
"img_00141.jpg",0.0032751069592771,0.00410430940788101,0.00584552266499174,0.00205621284855425,1.00238097879168e-05,0.00225374190366986,0.00215686182424236,0.980298220581596
"img_00152.jpg",0.0231310596023614,0.0218736388982768,0.00506587412801862,0.00238455832752793,1.00712614211299e-05,0.0133761529062875,0.00503724243755152,0.929121402438555
"img_00161.jpg",0.00267564728238767,0.00206096510532115,0.00200494148932815,0.00199875517259669,1.00199975648494e-05,0.00201440228332158,0.00200112034903481,0.987234148320445
"img_00164.jpg",0.0011323786716197,0.000739693787320695,0.00233015817756903,0.000681313655400274,0.990268474016325,0.000747155229266747,0.000885623336343886,0.00321520312615423
"img_00170.jpg",0.018320525127162,0.00332533114783048,0.000286838715011466,0.960636983451611,9.63058051375853e-07,0.00098743323822687,0.00020952279998619,0.0162324024621204
"img_00171.jpg",0.092923470868661,0.00900093036005196,0.00391039816959163,0.00547591082642305,1.87994356231869e-06,0.883553607130395,0.00100697783956047,0.00412682486175443
"img_00172.jpg",0.00814183529447845,0.0100895811935866,0.00252286289820327,0.000873823972505417,0.968118040967311,0.00728049090831864,0.000765257241711248,0.00220810752388503
"img_00175.jpg",0.092923470868661,0.00900093036005196,0.00391039816959163,0.00547591082642305,1.87994356231869e-06,0.883553607130395,0.00100697783956047,0.00412682486175443
"img_00180.jpg",0.00751584836283458,0.00255466517083282,0.0030353720673775,0.00243950896989067,1.00228568581317e-05,0.00280236096460783,0.00279553113478727,0.978846690472811
"img_00196.jpg",0.00161878265099621,0.000841551728122609,0.000782281467147204,0.000680631008945783,0.991581625201949,0.000883617415388741,0.000723996791859304,0.00288751373559129
"img_00212.jpg",0.182293703457889,0.0058955611062102,0.0022175944825132,0.0172374079326372,1.00227451656187e-05,0.00237194961739388,0.00219737464236762,0.787776386015823
"img_00223.jpg",0.911048502129937,0.00856113842842954,0.0403113031164622,0.00330531050323483,5.51967143229204e-06,0.0132318943659437,0.00208763739093925,0.021448694393621
"img_00230.jpg",0.76857151736079,0.130552007042823,0.00385751145348876,0.00566295255063737,1.00317638941147e-05,0.0590126348821086,0.00311194498852097,0.0292213999577379
"img_00232.jpg",0.000464380540594348,0.000314644541937873,0.000227652604827919,0.000233190386949062,1.00410932206745e-06,0.0004456974995058,0.997656065511636,0.000657364805227321
"img_00244.jpg",0.771287938488718,0.097092787956026,0.00380435143639894,0.00672922821313923,1.00383379976615e-05,0.0600310346937068,0.00243007097914966,0.0586145498948635
"img_00272.jpg",0.845345595757128,0.0252013017419518,0.0692787224608651,0.0186783391587595,1.0051275278267e-05,0.0104082148849485,0.00277200970592571,0.0283057650151429
"img_00280.jpg",0.993869753473473,0.000731145158708794,0.000569402096969157,0.000224247526683366,1.03435342635862e-06,0.000475641494678831,0.000275404460960133,0.00385337143509991
"img_00282.jpg",0.092923470868661,0.00900093036005196,0.00391039816959163,0.00547591082642305,1.87994356231869e-06,0.883553607130395,0.00100697783956047,0.00412682486175443
"img_00285.jpg",0.691014186323432,0.020038260464074,0.0028510773119288,0.00227181203274862,1.00770564701412e-05,0.00594098326775485,0.0155902817038434,0.262283321839749
"img_00289.jpg",0.996368803001789,0.000750995160047225,0.000495172474063116,0.000250814492632563,1.04958709660075e-06,0.000422440274051247,0.000431372436765764,0.0012793525735542
"img_00292.jpg",0.852975425675449,0.0229112083449542,0.00272972486447794,0.00279447952784939,7.05748531537905e-06,0.0213256269520981,0.00947078012275827,0.0877856970270982
"img_00302.jpg",0.00926929092872544,0.00172185911663275,0.00035065298618099,0.000255030494113982,9.90591814805004e-07,0.000763920164655119,0.98330709165557,0.00433116406230706
"img_00311.jpg",0.998023525303714,0.000522498485155395,0.000213113608292676,0.000291510891381144,1.00461014517042e-06,0.000230698458099438,0.000206884156004028,0.000510764487208464
"img_00320.jpg",0.996197397522844,0.00168813864145523,0.000269437840137854,0.000204668561992992,9.99780177109743e-07,0.00055196291971816,0.000329572798536438,0.000757821935138548
"img_00331.jpg",0.987850250098999,0.00178040359652085,0.000274534875517135,0.000297488744100804,9.95068939216363e-07,0.004264706885099,0.000955770630957681,0.00457585009986664
"img_00358.jpg",0.291089335402872,0.0284901280267475,0.00324519994471657,0.00376434740558233,1.00710755813116e-05,0.0224380390094798,0.0206278840915845,0.630334995043436
"img_00374.jpg",0.652470921825414,0.0290043548676883,0.00579445624824304,0.0112474044871486,1.00251698373686e-05,0.00430809885579085,0.003089207946597,0.294075530599281
"img_00375.jpg",0.0390464510814023,0.0371480157918542,0.856664208467,0.016145603730469,1.01101497206337e-05,0.0173150896978074,0.00704382170306413,0.0266266993786823
"img_00376.jpg",0.988391171530764,0.00341372261188441,0.000843309536657629,0.000208198018538891,9.94893668414596e-07,0.00278231262900727,0.000912374568301333,0.00344791621117834
"img_00380.jpg",0.991745743121456,0.0027157078063563,0.000463127998886073,0.000413083559926528,9.9515936675075e-07,0.00375194406117292,0.000329910041924471,0.000579488250910677
"img_00383.jpg",0.954692769381673,0.00813180919419521,0.000604933983159916,0.000969500342396913,2.80457556918159e-06,0.000731970009690491,0.000595035094194904,0.0342711774191206
"img_00398.jpg",0.994711420400324,0.00163381567464476,0.000224086545479992,0.00038306868884929,1.00014015199006e-06,0.000411075991187484,0.000240672657909539,0.00239485990145311
"img_00407.jpg",0.993572547358176,0.00277196854740861,0.000336256210583029,0.000662328666385909,9.96662291167694e-07,0.00190529779900297,0.000252102086590057,0.000498502669562038
"img_00417.jpg",0.0877931404192965,0.00712092160105492,0.00220128180383264,0.00627827614562754,1.00226375809961e-05,0.00213004388748866,0.00209149781120786,0.892374815693911
"img_00432.jpg",0.331200023864232,0.0489687682393039,0.086683451495965,0.0188389330658961,0.0917715416880018,0.217308006461143,0.0115444205369561,0.193684854648502
"img_00442.jpg",0.0023007726341795,0.00210295903092845,0.00199867466961074,0.00199113291081867,1.00199381315394e-05,0.002022027754171,0.00200491351998356,0.987569499542177
"img_00446.jpg",0.991527935390246,0.00197005972319233,0.000224739940244878,0.000877288713329499,9.94835359580944e-07,0.00121122970062047,0.000239061901582424,0.00394868979542453
"img_00469.jpg",0.988958803552257,0.00159162846408064,0.000607706996286731,0.000704673700794466,9.95156367184328e-07,0.000975320825203934,0.000325663077205521,0.00683520822780444
"img_00473.jpg",0.995458464541161,0.000683185672963006,0.000242487929261187,0.000280553996489268,1.00001269182769e-06,0.000285577806437465,0.00021830790449074,0.00283042213650526
"img_00483.jpg",0.993535610814033,0.00380357499628411,0.000203307989415694,0.000221452372402235,9.96341584773047e-07,0.000273160729533768,0.000214585884261259,0.00174731087248559
"img_00484.jpg",0.113093420764728,0.0608487672634784,0.00346199977802753,0.00996516850278884,1.00229879739357e-05,0.00515726127048673,0.00478890659007911,0.802674452842437
"img_00486.jpg",0.990593388919097,0.00373115157185243,0.00191852314116273,0.00156925389186409,9.9891350245189e-07,0.000402983592878364,0.000512370407068899,0.00127132956257377
"img_00487.jpg",0.00725629309587261,0.00581670583851308,0.00229456815172957,0.00488747448961922,0.970261395325655,0.00170559943161933,0.0020217629148234,0.00575620075216791
"img_00493.jpg",0.00689977301349633,0.000757494498351243,0.00127318635706655,0.000680050764912785,0.985127805774244,0.00327559467666433,0.00109607466880541,0.000890020246459022
"img_00518.jpg",0.821608193159048,0.0342587266847985,0.00282617650678116,0.00654505130115909,1.01614598244571e-05,0.00541004621266035,0.00253777443146969,0.126803870244259
"img_00533.jpg",0.433124156261849,0.0161188719636033,0.00281982133221559,0.00340665817925419,1.00960209151495e-05,0.014765091441863,0.0124630797570622,0.517292225043238
"img_00538.jpg",0.75826800882019,0.0767451265153963,0.00314288364257961,0.00522030276387871,1.00352775608983e-05,0.00659792624364904,0.00260112523657135,0.147414591500174
"img_00543.jpg",0.998023525303714,0.000522498485155395,0.000213113608292676,0.000291510891381144,1.00461014517042e-06,0.000230698458099438,0.000206884156004028,0.000510764487208464
"img_00550.jpg",0.033216202386846,0.0088138445482591,0.00295825433990615,0.000823594353191183,9.9132842292173e-07,0.950659522739204,0.000340615716464987,0.00318697458770608
"img_00551.jpg",0.942934716182594,0.00399302322367005,0.00172356016599134,0.00192084271463329,3.25290394597057e-06,0.0229284070595342,0.00330039808910878,0.0231957996605221
"img_00564.jpg",0.00438736966710852,0.00177878568404983,0.00206010879345604,0.00234066011145524,0.982623208848647,0.00283822454824009,0.00111250547343124,0.00285913687361241
"img_00575.jpg",0.743308800164284,0.0136784086528897,0.00334305285715368,0.00266908313500803,1.00727159674423e-05,0.0320578256691849,0.00715756679089088,0.197775190014621
"img_00582.jpg",0.987166853187389,0.00337019980118593,0.000666333323023188,0.000369056293268208,1.01512690868402e-06,0.00521393351413489,0.000274119040879272,0.00293848971321129
"img_00584.jpg",0.994527535791944,0.000282555694987586,0.000459868924411603,0.000307222964003891,1.03838949391015e-06,0.00307734007798525,0.000406879834111262,0.000937558323062445
"img_00587.jpg",0.0719175746965167,0.017369345755984,0.00348154749075659,0.00243497991063725,1.00420961803023e-05,0.0219383005210993,0.00816173326374797,0.874686476265078
"img_00590.jpg",0.0584716659418443,0.0763582640878399,0.00825933287069524,0.00248895616642026,1.00386399429855e-05,0.00822907340052647,0.0114529098808104,0.83472975901192
"img_00591.jpg",0.0607837708445994,0.00619381265124829,0.00248358037807528,0.00307352707004155,1.00579683132185e-05,0.0146610043344015,0.00378084144618078,0.90901340530714
"img_00598.jpg",0.993329635072482,0.00209283650109221,0.000276114042211162,0.000868375352876286,9.97805715627806e-07,0.000735239901014679,0.000248911658188005,0.00244788966641997
"img_00599.jpg",0.764749643163779,0.0151731039054013,0.00418375489331539,0.00356746632136059,1.0084035550111e-05,0.00460981056927583,0.0292612447148911,0.178444892396427
"img_00612.jpg",0.991649782694822,0.000320574666189722,0.000264179375056048,0.000278209149514359,9.97897677939723e-07,0.00495978616313352,0.0010625832590077,0.00146388679459856
"img_00618.jpg",0.711158629219067,0.0614411829530123,0.0320600141696065,0.022339961027562,0.0823750189385542,0.0125902693580321,0.0204780806562747,0.0575568436778916
"img_00620.jpg",0.900522015535759,0.0159197580928041,0.0363619083440849,0.00278898879613787,5.61370058113216e-06,0.00941779625554398,0.00223926357812198,0.0327446556969674
"img_00642.jpg",0.00184726653029098,0.00144022229894177,0.000510465927774251,0.995038790999711,9.97381120430524e-07,0.000373602777668515,0.000319121615503374,0.000469532468989651
"img_00646.jpg",0.0128008962482955,0.00829003838640549,0.0046940940115145,0.00233399523425626,1.00331022269411e-05,0.00342873573867181,0.00388662035103168,0.964555586927598
"img_00648.jpg",0.998023525303714,0.000522498485155395,0.000213113608292676,0.000291510891381144,1.00461014517042e-06,0.000230698458099438,0.000206884156004028,0.000510764487208464
"img_00650.jpg",0.019149785403769,0.00138076033483486,0.000797973926789153,0.000477183190557027,9.82841552705886e-07,0.960011783881728,0.0145252117647576,0.00365631865601162
"img_00654.jpg",0.778580235934012,0.0533123825047283,0.0257198163877624,0.0166532818992948,0.0250448645476765,0.0195455514231246,0.0113452005859886,0.0697986667174128
"img_00664.jpg",0.99238293819429,0.00233117041330096,0.000244103090189405,0.000207925023944629,9.95708602080549e-07,0.00053708513351427,0.000500970545694738,0.0037948118904642
"img_00667.jpg",0.000698883706933191,0.000669522225465565,0.000692385051305703,0.000666638290586319,0.991812416525377,0.000683976610917367,0.000668278679664532,0.00410789890974992
"img_00676.jpg",0.000704476742838184,0.000780155315398362,0.000773340296800046,0.000670220912546933,0.98943247466324,0.000723583366961253,0.000673974583493568,0.00624177411872131
"img_00697.jpg",0.00279894108943101,0.00368611576740966,0.0030485751666953,0.00212064652601087,1.00366995618317e-05,0.00208693949257771,0.00289695775073147,0.983351787507582
"img_00708.jpg",0.749267333790285,0.0365742352836948,0.0045333330908102,0.0047286567551751,1.00478879323337e-05,0.0741578978125111,0.0249703619894054,0.105758133390186
"img_00716.jpg",0.00972014769244918,0.00958214693551489,0.000794489956713581,0.000464461713645725,9.71139809495204e-07,0.953897713309085,0.00148615063149195,0.0240539186212902
"img_00717.jpg",0.604864480446176,0.248046816085881,0.00680504675804843,0.0143289202995567,1.0026664742922e-05,0.109663768685173,0.00735400833320301,0.00892693272721886
"img_00718.jpg",0.886811270911787,0.00195739758884215,0.0037190529202322,0.00449008710818365,7.05382430469568e-06,0.0242070413144614,0.00231960876790976,0.076488487564279
"img_00723.jpg",0.0126838222508612,0.00160289839389221,0.000783339202340152,0.000761880507778515,0.976920979545276,0.00161524416419048,0.00259693603538797,0.00303489990027389
"img_00724.jpg",0.0456441917599335,0.00277519883209051,0.00572245948832202,0.00301369655744778,1.01737262528818e-05,0.0143323663044271,0.331459629554767,0.597042283776759
"img_00726.jpg",0.998130228621057,0.0006192766203478,0.000199299277408669,0.000200397733844806,1.00016682221717e-06,0.000310291231984002,0.000214259194961127,0.000325247153574622
"img_00729.jpg",0.993925941465462,0.00125918632157504,0.000423742912277501,0.000250599121490107,1.06547509823498e-06,0.00077085571176954,0.000762133998001948,0.00260647499432551
"img_00730.jpg",0.0105623786684444,0.00480241704591687,0.00225534255251517,0.00206737549984921,1.00327121929269e-05,0.00538062419346403,0.00710037799601235,0.967821451331605
"img_00757.jpg",0.938944507026986,0.00568758322192772,0.0313088733100014,0.00516189014222938,3.29771580069299e-06,0.00823954040076035,0.00200647614595188,0.00864783203634312
"img_00760.jpg",0.003011398329527,0.000790431264412106,0.000235000312147092,0.995097736040848,9.97540537524563e-07,0.000330625040019502,0.000218463506160228,0.000315347966348209
"img_00763.jpg",0.000743780630588371,0.000681195884993862,0.000915853727498885,0.000662835163848413,0.992959834228043,0.00118684485454802,0.000676539841786371,0.00217311566869347
"img_00764.jpg",0.00657125523404737,0.0073500625874217,0.00855691332029649,0.0023649366229725,1.00514628015152e-05,0.00225109387147896,0.0020991335745283,0.970796553326453
"img_00765.jpg",0.0512533458826578,0.524429665924613,0.0046667599890879,0.020474063685519,1.0060642506488e-05,0.119804244123171,0.0085813732138993,0.270780486538546
"img_00772.jpg",0.0570696733536198,0.00967011394203978,0.332500057246006,0.00214635398365438,1.00861958428351e-05,0.246170837709685,0.0060937875054938,0.346339090063658
"img_00773.jpg",0.654592519870269,0.117759255632371,0.0750025942284097,0.0262406019358099,0.00880680835241285,0.0968397267665495,0.00804403793910362,0.0127144552750745
"img_00777.jpg",0.216933370844729,0.00584601848209083,0.00106866657660361,0.000826592112547274,3.25328248282479e-06,0.772021627614152,0.00247867579382809,0.000821795293565784
"img_00780.jpg",0.0098946372626865,0.00339146321844029,0.00412887587087567,0.00217580729179087,1.00765943176716e-05,0.0135384096857467,0.013741184288945,0.953119545787197
"img_00798.jpg",0.9905646922297,0.00346845036522733,0.000340775891752341,0.00303015963452367,9.95970548942991e-07,0.00065227589991999,0.00029101476611691,0.00165163524221046
"img_00808.jpg",0.815594038284591,0.133769281218764,0.00246283776422233,0.00452359338497365,1.00568923201924e-05,0.00624369304041981,0.00227693362879776,0.0351195657859106
"img_00816.jpg",0.99512219622555,0.000934597772529172,0.000210737073982981,0.000212758126868561,1.00102041777324e-06,0.000332069463989843,0.000493574226580096,0.0026930660900815
"img_00828.jpg",0.000996155333366395,0.000694945840899045,0.0046167368593007,0.000668480304032995,0.989820665159391,0.000946697256385305,0.000683841973474301,0.00157247727315015
"img_00833.jpg",0.749932072174181,0.0240978609104452,0.00412257291063242,0.00391835904099292,1.00431884554159e-05,0.0597599558159057,0.0265603486713721,0.131598787288015
"img_00837.jpg",0.784723466864011,0.123934480299936,0.00527237252195623,0.00463050570982401,1.01078163836702e-05,0.0537375368957869,0.00242957329158661,0.0252619566005163
"img_00855.jpg",0.827516890150851,0.0353070322100514,0.013142735252869,0.00436324806318277,1.02846989024729e-05,0.0382267102148611,0.010137923125039,0.0712951762842438
"img_00857.jpg",0.996197397522844,0.00168813864145523,0.000269437840137854,0.000204668561992992,9.99780177109743e-07,0.00055196291971816,0.000329572798536438,0.000757821935138548
"img_00858.jpg",0.994682289457874,0.000537706056126133,0.000226204288550806,0.000215266195678384,1.00941028799302e-06,0.000855535559973736,0.000374604345295655,0.00310738468621361
"img_00865.jpg",0.989211446745382,0.00666986986710453,0.000220513156032968,0.000287951807276026,9.92076551785677e-07,0.00165793311700882,0.000328512688810343,0.00162278054183376
"img_00876.jpg",0.000680523352007484,0.000672305855885107,0.000684321728363517,0.00066701300722355,0.991648715825354,0.000693406269345563,0.000683129790213203,0.00427058417160801
"img_00889.jpg",0.0739576885989605,0.0273490566137021,0.20368938431836,0.00745838164408475,0.111151067320948,0.0445933184953489,0.021193234852757,0.510607868155839
"img_00894.jpg",0.553980441194646,0.013695097830238,0.0143543099937476,0.0142655875169155,0.284570568493601,0.0121037912385701,0.00835180539385968,0.0986783983384223
"img_00902.jpg",0.000464380540594348,0.000314644541937873,0.000227652604827919,0.000233190386949062,1.00410932206745e-06,0.0004456974995058,0.997656065511636,0.000657364805227321
"img_00914.jpg",0.00230193903997011,0.00241242754619327,0.00202094028630008,0.0019870320267958,1.0020312950797e-05,0.0019909200010519,0.0019932104652676,0.98728351032147
"img_00921.jpg",0.821970842895764,0.00434806065928313,0.00388883243186149,0.00256046295649017,1.01141251411961e-05,0.0556398007127466,0.0522942590748333,0.0592876271438799
"img_00927.jpg",0.0627401809118153,0.0597890319544696,0.0067314053867927,0.00279080478169467,1.00502330755475e-05,0.0121310741947137,0.015850766645158,0.839956685892281
"img_00943.jpg",0.99120579409811,0.00614362809478711,0.000208793159335018,0.000245374298801828,9.93996785426029e-07,0.000265173842969934,0.000231312836009934,0.00169892967320102
"img_00948.jpg",0.204480665400058,0.0145915853740555,0.0161461196676843,0.00508561276779202,0.665531428598261,0.0164357311032076,0.0112312369379721,0.0664976201509693
"img_00950.jpg",0.00234943297853694,0.000963497826727504,0.00141813475771207,0.000719971542200321,0.990734966816498,0.00130545374678293,0.00107401797601734,0.00143452435552464
"img_00959.jpg",0.865866062142703,0.0124576240747946,0.00585520163189047,0.00370689155969248,0.0699048329821999,0.0113923533308195,0.0102075448407676,0.020609489437132
"img_00962.jpg",0.0957412486654322,0.00673322698625633,0.00510991456831741,0.00213679298220348,1.02054345782951e-05,0.00897363617725096,0.0139269183658516,0.86736805682011
"img_00964.jpg",0.00232513520218787,0.0226919525205931,0.936074197483729,0.00558182310685233,1.00212658761534e-05,0.00231158807671758,0.00352070423386715,0.0274845781101766
"img_00966.jpg",0.656017772807251,0.0101397600801468,0.00913011507133216,0.00689683581563778,0.172115897207134,0.0395490009058988,0.00875927360048727,0.0973913445121115
"img_00974.jpg",0.98915146881162,0.00141039226717678,0.000386986487061675,0.00105025676568398,9.91288258385186e-07,0.00235259917268804,0.000217565450871422,0.00542973975664001
"img_00979.jpg",0.00695717816310164,0.00661245820655131,0.0220069249399092,0.00218896703569069,1.00579791818927e-05,0.00457086592472922,0.00357314168562072,0.954080406065215
"img_00982.jpg",0.413803210780505,0.331784351808385,0.0456574514532259,0.0230014684824005,0.101426693674228,0.035122553479402,0.0122831500445297,0.0369211202773235
"img_00985.jpg",0.852975425675449,0.0229112083449542,0.00272972486447794,0.00279447952784939,7.05748531537905e-06,0.0213256269520981,0.00947078012275827,0.0877856970270982
"img_00999.jpg",0.717457568288306,0.0456727719470865,0.00256103157536445,0.00287215127146426,1.00267381788731e-05,0.0136673028365818,0.0475724423336833,0.170186705009335
"img_01022.jpg",0.99443284034907,0.000454370815410519,0.000376098875458847,0.000799314112068746,1.01200053329026e-06,0.00179870507421459,0.000367001840114318,0.00177065693312943
"img_01031.jpg",0.802825161531557,0.00980684042579201,0.00666840433922973,0.0025300918231546,1.00500250180281e-05,0.167202971264006,0.00591738499570179,0.00503909559554117
"img_01035.jpg",0.216933370844729,0.00584601848209083,0.00106866657660361,0.000826592112547274,3.25328248282479e-06,0.772021627614152,0.00247867579382809,0.000821795293565784
"img_01043.jpg",0.00967411797042273,0.00107683638295401,0.00137213184694999,0.000705486410988793,0.972877504089108,0.00363189302654651,0.00866045556250866,0.00200157471052156
"img_01058.jpg",0.99187702423047,0.0012439047030966,0.000390313714839624,0.000241012158433728,1.03897952809223e-06,0.000558348044568837,0.000278088627640899,0.00541026954142185
"img_01059.jpg",0.0222464776227769,0.0163428859834895,0.00731822008108446,0.00424837620042342,1.00452372050912e-05,0.0249805321087148,0.0108179189996914,0.914035543766614
"img_01090.jpg",0.00108534173839889,0.00147758893084934,0.0016067752819059,0.000675872156630068,0.992585519643965,0.000753884576663297,0.000887019944124169,0.000927997727463186
"img_01102.jpg",0.207607266711782,0.577359045728515,0.00309702922254548,0.0413373221320315,1.00621725524803e-05,0.00491465677274587,0.00239953058788778,0.16327508667194
"img_01103.jpg",0.0143379892067674,0.0560890620779202,0.00740826705272507,0.00574719390627925,1.00720306597543e-05,0.00291494351787769,0.00955984164700205,0.903932630560769
"img_01116.jpg",0.819094457121741,0.084323710646,0.00838836664720921,0.0170129895851167,1.00281217366852e-05,0.0456615779626509,0.00309777653010813,0.0224110933854377
"img_01134.jpg",0.942934716182594,0.00399302322367005,0.00172356016599134,0.00192084271463329,3.25290394597057e-06,0.0229284070595342,0.00330039808910878,0.0231957996605221
"img_01142.jpg",0.609193491100964,0.0302583703982717,0.049607643083971,0.0174792514370986,0.244957364792784,0.0194069907484135,0.00763920427463965,0.0214576841638572
"img_01168.jpg",0.00853212623489909,0.00729454229204903,0.00138257917442197,0.00351870864068619,0.00277659404787804,0.95730162754595,0.00395144606019294,0.0152423760039224
"img_01171.jpg",0.000791324277590829,0.00068717915425316,0.000837056209612274,0.000664494249464677,0.992602773441165,0.000749543411250303,0.000667340901273329,0.00300028835539045
"img_01177.jpg",0.743443579326303,0.0483478970826087,0.030450849782204,0.0115763146956299,0.0654706253668225,0.0414148404075707,0.0183265454121225,0.0409693479267392
"img_01179.jpg",0.996505135278089,0.000666826748381833,0.000354386765230212,0.000763919406782804,1.00185150799496e-06,0.00113182357232207,0.00028535778839419,0.000291548589291719
"img_01188.jpg",0.0503002263228789,0.392234307039299,0.00485770024297963,0.0204008037402489,1.00853740887569e-05,0.182985150368293,0.011813323448696,0.337398403463515
"img_01198.jpg",0.352134861374981,0.0165449718191874,0.00270862224372932,0.0023743149757231,0.551379006949852,0.00469800808527462,0.0168903860502563,0.0532698285009958
"img_01204.jpg",0.000675702689387966,0.000673320016718255,0.000687002256129741,0.000662658232301477,0.988317197384809,0.000675879499328152,0.000674563818317495,0.00763367610300757
"img_01208.jpg",0.00339045116070318,0.000901665707715197,0.0010948700222257,0.000760338987940708,0.989975229639267,0.00161422264347807,0.00107963305438823,0.00118358878428195
"img_01211.jpg",0.993595107611338,0.00457873488799816,0.000219241029872873,0.000508173817700227,9.99219921777718e-07,0.000245512791977871,0.0002099490668117,0.000642281574379811
"img_01213.jpg",0.92075160511384,0.0511283290133278,0.00419647163305933,0.00393220269426195,4.03176513022473e-06,0.0052733550600086,0.0022387144106553,0.0124752903097163
"img_01222.jpg",0.768987980209657,0.104513056542771,0.00584793074327459,0.0232921123293774,1.005200468985e-05,0.0140159510543789,0.00716218166822524,0.0761707354476261
"img_01224.jpg",0.0133147126863115,0.0194850578492968,0.186695943219231,0.00391948695974142,1.00244388211237e-05,0.00704231946493816,0.00363118707535995,0.7659012683063
"img_01237.jpg",0.0158277974035784,0.0016006947139848,0.00106864368974665,0.000671756536356701,0.967974363287329,0.00235093157895003,0.000968868404531035,0.00953694438552301
"img_01249.jpg",0.0133319765266804,0.00999633231652858,0.00376675945705188,0.00340712667231582,0.962519623430195,0.00324931174787936,0.00125381923197325,0.0024750506173755
"img_01253.jpg",0.00267065761240034,0.00202174500716737,0.00199760911449973,0.00198769685242159,1.00198206477479e-05,0.0019873175096342,0.00198803011164224,0.987336923971587
"img_01286.jpg",0.0899215106450636,0.0111131688517173,0.00235692637775408,0.00672198158027794,1.01620280102646e-05,0.00588041631484236,0.00242393565023782,0.881571898552097
"img_01289.jpg",0.0284391561598793,0.0319980184389327,0.00588669385388872,0.00416587488737329,1.00395113772421e-05,0.0163374944485344,0.00770223285471125,0.905460489845303
"img_01325.jpg",0.010718267322916,0.0031128651228046,0.00229092908656881,0.000735068027993449,0.975642473090295,0.000888099420914195,0.00197654768070038,0.00463575024780804
"img_01328.jpg",0.991660046577779,0.00515103445697846,0.000226655422237211,0.000550135230442109,9.94600330995743e-07,0.000707868127941519,0.000306010029389238,0.00139725555490115
"img_01366.jpg",0.092923470868661,0.00900093036005196,0.00391039816959163,0.00547591082642305,1.87994356231869e-06,0.883553607130395,0.00100697783956047,0.00412682486175443
"img_01371.jpg",0.996166290704088,0.000680907796392532,0.000344045506112881,0.000216172802816079,1.01362671100863e-06,0.000398563654140064,0.000292388468981027,0.00190061744075865
"img_01373.jpg",0.00583691793687646,0.00345782371424124,0.00489876925524067,0.00160151226378429,0.964242021289486,0.016886188919289,0.00163949718410589,0.00143726943697604
"img_01377.jpg",0.00689356045050236,0.00346716457725041,0.00224602896710727,0.000884378035496463,0.978478486388363,0.00611599152978639,0.000834126684830563,0.00108026336666312
"img_01379.jpg",0.989854649590093,0.00159634586327737,0.00176005151034348,0.00051030745440554,9.96978733631231e-07,0.00302656831939713,0.00042074671010686,0.00283033357364275
"img_01384.jpg",0.0334749381466591,0.00580988693363212,0.00310864299588463,0.000720533016165635,9.8924212036293e-07,0.951124840049947,0.000252576061521418,0.00550759355406965
"img_01388.jpg",0.989183160328731,0.00441186757778118,0.000332262171032659,0.000211707178635306,9.93740407727813e-07,0.00297658592142329,0.000286016820637955,0.00259740626135071
"img_01392.jpg",0.00284868412513484,0.0162885313228343,0.905262808344235,0.00504463044679627,1.00451877839793e-05,0.00237855863475257,0.00275520210300081,0.0654115398354618
"img_01399.jpg",0.0086560808922926,0.871967571707665,0.00743104572878368,0.00230486361440053,1.00475256406788e-05,0.0161682318925587,0.0028583387450429,0.0906038198936158
"img_01404.jpg",0.993128626534282,0.00102729354394717,0.000218758043891952,0.00106766857361813,9.95522029047114e-07,0.00147998734036975,0.000207383540924542,0.00286928690093736
"img_01405.jpg",0.845628766229232,0.0125550625729278,0.00341124288434595,0.00322495168366716,1.00882004742687e-05,0.129625008670884,0.00280895224055039,0.0027359275179186
"img_01413.jpg",0.995345993673361,0.000609834849302539,0.000410697137239857,0.000710005874294784,1.00347946239188e-06,0.000859237552550678,0.00046172594813895,0.00160150148564985
"img_01426.jpg",0.00455769936329901,0.0149632419201505,0.000289981690697065,0.000211730069214254,9.74741707097936e-07,0.000472133135947451,0.970874600796734,0.00862963828225065
"img_01431.jpg",0.00236590665407482,0.000745187291051033,0.000236561136005136,0.995704466673635,9.98251555137248e-07,0.000382470561373203,0.000226480314815989,0.000337929117489524
"img_01441.jpg",0.00312385235046194,0.00238583144760036,0.00207004617174472,0.00201004729366331,1.002218340422e-05,0.0021112901382582,0.00229718268574677,0.98599172772912
"img_01444.jpg",0.269702329417647,0.011508752655111,0.00239501096052813,0.0040235192473106,1.00566047867825e-05,0.0156130896231815,0.0316396962942177,0.665107545197218
"img_01490.jpg",0.00896611193989825,0.0071972960810995,0.0460639740197954,0.00390389673326482,1.00345543713514e-05,0.00263246303545643,0.00225456578528224,0.928971657850832
"img_01495.jpg",0.617129948669634,0.0352144216520296,0.0114775592131099,0.00924794386711514,1.00287818428828e-05,0.0126530280044269,0.00338603354889494,0.310881036262946
"img_01505.jpg",0.00105517174820366,0.000707759149058314,0.000794808449645703,0.000692271928738824,0.991748316120039,0.000718089929081771,0.00073943333141301,0.00354414934382005
"img_01511.jpg",0.989772506741835,0.00231067546862995,0.00475533594474389,0.000527231692561926,9.93789107877541e-07,0.00121964759442678,0.000358062393016514,0.00105554637567806
"img_01519.jpg",0.319905009912571,0.0580636888337085,0.00529295882613257,0.0112110630399126,1.00760184982321e-05,0.169673475094811,0.110313938596772,0.325529789677594
"img_01530.jpg",0.993436124794953,0.00151710700692254,0.000310066152994585,0.000278206604358223,1.02745079785304e-06,0.000300254476635529,0.000255343110891348,0.00390187040244698
"img_01537.jpg",0.858258024458065,0.0089872681013272,0.0417776598252346,0.00157203473023585,7.21847730868962e-06,0.052748811534186,0.0075420431196865,0.0291069397539566
"img_01538.jpg",0.988540061205469,0.00327932865809205,0.000565808976906434,0.000271645353470058,9.93537603401335e-07,0.00565115312298679,0.000454698320119462,0.00123631082535263
"img_01541.jpg",0.000977909576304313,0.000705714535611498,0.00696498277840024,0.000658152028025189,0.986707592645739,0.00179740980255233,0.00067201946968875,0.00151621916367887
"img_01543.jpg",0.995696663874692,0.000379835861452708,0.000203799440981056,0.00021755609148713,1.00374666726634e-06,0.000244037348381726,0.000214431110608624,0.0030426725257299
"img_01548.jpg",0.995473891376792,0.000337325685207796,0.000269159912046012,0.000207091366916989,1.0089200062682e-06,0.00224035966781559,0.000574950315714036,0.000896212755501114
"img_01552.jpg",0.995500949237653,0.000673221545174268,0.000398761648877746,0.000203110639276888,1.00011016530431e-06,0.00234609327419692,0.000347220045729323,0.000529643498926496
"img_01561.jpg",0.00748029499077965,0.00121342620681964,0.00254275491558712,0.000913087243306183,0.982968548534337,0.00121919129801332,0.00162165416084099,0.00204104265031596
"img_01562.jpg",0.763196858858934,0.0113123967862067,0.00358482859639314,0.00249507282714001,1.00330820637385e-05,0.00836937878213788,0.0420984380742462,0.168932992992878
"img_01571.jpg",0.995299081237885,0.00276482013146964,0.000204765359415149,0.000211213441881699,9.97684298837964e-07,0.000215754384002543,0.000332750395352748,0.000970617365694733
"img_01593.jpg",0.66347020178788,0.134801094533318,0.00362449679443092,0.00372857025636094,1.00386684847392e-05,0.0188891720035177,0.0116631113338084,0.163813314622199
"img_01595.jpg",0.00391969544434147,0.00371240292068327,0.00460464558030576,0.00109060433697922,0.974347351934064,0.00111334692856195,0.00106436261714711,0.0101475902379171
"img_01616.jpg",0.883908301146426,0.0917770120916807,0.00130811488226729,0.00215519698168047,5.56641966198709e-06,0.00247274916317751,0.00292372556323449,0.0154493337518719
"img_01618.jpg",0.986638583738253,0.00099235371639324,0.000243537550313167,0.000254514378335924,1.02380676058807e-06,0.00951980691775466,0.00158684456232153,0.000763335329867416
"img_01627.jpg",0.990664748939146,0.00460295870496581,0.0002068301560921,0.000212633042304249,9.92745316951281e-07,0.00312399254354609,0.000255459411049991,0.000932384457578623
"img_01632.jpg",0.740633962642196,0.0152146918564811,0.0167493508068606,0.0073459218930601,0.14860624662146,0.0292298944778961,0.016996500097403,0.0252234316046428
"img_01633.jpg",0.985388247151079,0.00118231137540304,0.00105629378765886,0.000514663064574415,9.90641967306876e-07,0.00735767407925111,0.000840543847904208,0.00365927605216213
"img_01640.jpg",0.998023525303714,0.000522498485155395,0.000213113608292676,0.000291510891381144,1.00461014517042e-06,0.000230698458099438,0.000206884156004028,0.000510764487208464
"img_01646.jpg",0.995535917756766,0.00164995217862553,0.000247557870389546,0.000422660561423535,9.9763057989513e-07,0.00131111669792834,0.000273286299710681,0.000558511004576983
"img_01647.jpg",0.00119678979388174,0.000690345261077856,0.000702355565616375,0.000659417708611042,0.99440158333067,0.000934942304331085,0.000699469981590937,0.000715096054221105
"img_01649.jpg",0.99093707165447,0.00340733985945889,0.000411562985066509,0.000890923701922055,1.04155748326115e-06,0.00150582485124836,0.0010138940796507,0.00183234131070058
"img_01657.jpg",0.0296778815804706,0.00431034097190806,0.221771176242443,0.00207614309480816,1.00536666970309e-05,0.00804987436844457,0.00237857706042023,0.731725953014809
"img_01669.jpg",0.00236590665407482,0.000745187291051033,0.000236561136005136,0.995704466673635,9.98251555137248e-07,0.000382470561373203,0.000226480314815989,0.000337929117489524
"img_01673.jpg",0.599222570310969,0.00948769854976007,0.00825622155571184,0.00805648085704743,0.316097626008005,0.0164057331543086,0.0184240232415365,0.0240496463226615
"img_01681.jpg",0.0815652853255228,0.00775196292294148,0.00473306040999091,0.0023151676313574,1.00405373610231e-05,0.00453846650117311,0.00530245832362033,0.893783558348033
"img_01684.jpg",0.991452913781881,0.00245085254256817,0.000296437727594496,0.00067706361409899,9.93812877708765e-07,0.000911860727648061,0.000399756382710404,0.00381012141062062
"img_01685.jpg",0.0162361283191161,0.00384483884595688,0.0119863765086163,0.00227584179412337,0.0182850074791555,0.935370263848895,0.00106706272603404,0.0109344804781028
"img_01687.jpg",0.725385890134299,0.00956213501621215,0.00265821249206153,0.00293421214338452,1.00340905263951e-05,0.00602769421258369,0.0117638590376929,0.24165796287324
"img_01688.jpg",0.0336561360023418,0.027234986887516,0.00516144918778152,0.00414956141653985,1.0044035641905e-05,0.0124553221282996,0.00699916147740256,0.910333338864477
"img_01689.jpg",0.00515413656239539,0.00400677261276137,0.0114209193841618,0.00206915986214168,1.00334751461547e-05,0.0107853901674647,0.00416257484449991,0.962391013091429
"img_01716.jpg",0.00119916841787747,0.000718621161906679,0.00827577214223093,0.000657507895662372,0.98538650027389,0.00195406675144748,0.00069606031831001,0.00111230303867507
"img_01717.jpg",0.0126838222508612,0.00160289839389221,0.000783339202340152,0.000761880507778515,0.976920979545276,0.00161524416419048,0.00259693603538797,0.00303489990027389
"img_01724.jpg",0.858258024458065,0.0089872681013272,0.0417776598252346,0.00157203473023585,7.21847730868962e-06,0.052748811534186,0.0075420431196865,0.0291069397539566
"img_01745.jpg",0.87024999684549,0.0258466321618687,0.0281736270624144,0.0120428819377034,0.0156534370516563,0.0262346737352489,0.00676320553801375,0.0150355456676047
"img_01771.jpg",0.991829561660479,0.0030733508519133,0.000416957817653127,0.000833592242634478,1.00626269208815e-06,0.000583199311615848,0.000727442855678295,0.00253488899733415
"img_01773.jpg",0.752503642989932,0.0132534136651579,0.00255043174937575,0.0021671165716518,1.00243785987842e-05,0.00354953993238216,0.0181345486224918,0.207831282090409
"img_01781.jpg",0.00427661996014159,0.00105703112868888,0.00192145953026299,0.00334820959619516,0.98570014827437,0.00183455232863949,0.000928510828800479,0.000933468352901896
"img_01782.jpg",0.00170987895019003,0.000755342293154407,0.000918943365860509,0.000662660476713304,0.992756852439811,0.00125387861850781,0.000697832431248612,0.00124461142451464
