"image","ALB","BET","DOL","LAG","NoF","OTHER","SHARK","YFT"
"img_00005.jpg",0.00331568682715281,0.00148973423062259,0.00225119625458925,0.000841701063402161,0.986809327993471,0.0016435293538751,0.00155908610360207,0.0020897381732847
"img_00007.jpg",0.0439605766441604,0.0300441292149196,0.00493250697538425,0.0083509949652557,1.00281404183502e-05,0.00218947926857146,0.00211150229972669,0.908400782491564
"img_00009.jpg",0.825826727986875,0.107245324935575,0.00282646683517515,0.00243709069409196,1.01504730255362e-05,0.056069054649037,0.00220471722854427,0.0033804671976754
"img_00018.jpg",0.788147739190291,0.0581319167642383,0.00264376672441825,0.0151325955652806,1.00275371175224e-05,0.12467010930104,0.00330627903878526,0.00795756587882922
"img_00027.jpg",0.204711077101851,0.0254414389700049,0.00634322050221355,0.00259396004054135,1.0085423725725e-05,0.0987131986478886,0.0106289476238992,0.651558071689876
"img_00030.jpg",0.0168786271280498,0.0019846991044468,0.00113151890916721,0.0048118853081282,0.967682166195256,0.00397931279903618,0.00216626688806368,0.00136552366785232
"img_00040.jpg",0.0879048653300576,0.01748506867037,0.00345719284204287,0.00259139333066074,1.00740009649772e-05,0.00756669062676919,0.837206176695712,0.0437785385034224
"img_00046.jpg",0.628711853984008,0.00974623947263277,0.0120957042908791,0.00693495029730156,0.301920874417441,0.0124873368845776,0.0134450473640042,0.0146579932891561
"img_00053.jpg",0.882265155979498,0.0197867304417758,0.0127699188438869,0.00525417101084207,1.01440651052384e-05,0.061402022283028,0.00559928652594661,0.0129125708499174
"img_00071.jpg",0.00162944347227025,0.000838622131301208,0.000204943196423719,0.996640746258811,9.98788214241497e-07,0.000253044726348355,0.00020113859861705,0.000231062828013822
"img_00075.jpg",0.814055704682911,0.0353251124394709,0.00854524000479875,0.00557404790440873,1.01847554379979e-05,0.120664683454269,0.00824922248044526,0.00757580427825903
"img_00102.jpg",0.352377695999755,0.019203958130962,0.0028515598503454,0.00408920409899117,1.00843154068655e-05,0.018663971054417,0.00518661241698746,0.597616914133135
"img_00103.jpg",0.752649430051524,0.0653685699567008,0.0826669292852744,0.00416625035161934,1.00326819400783e-05,0.0217365623114482,0.002459300621905,0.0709429247395885
"img_00109.jpg",0.967828926306173,0.00925468144336522,0.00220832797447342,0.00216559979076913,1.00218142513611e-05,0.00988185742758428,0.00253596152056598,0.00611462372281793
"img_00119.jpg",0.000812350301809997,0.000734766035887245,0.000749396976314048,0.000673308458847157,0.984719851668524,0.000932281126369675,0.000718068831310753,0.0106599766009374
"img_00120.jpg",0.625605430093845,0.015051528991708,0.00280916933177411,0.00242631632454374,1.00303275121187e-05,0.00768337774746284,0.0405642293077005,0.305849917875454
"img_00125.jpg",0.828479898578843,0.0127309866802293,0.0109968312044142,0.00765167119845646,1.00326097717513e-05,0.0178444446041019,0.00817125674681175,0.114114878377372
"img_00128.jpg",0.0113059527157407,0.0548136061418121,0.354378976706102,0.00221485931569333,1.00401127178448e-05,0.00392176224319119,0.00245297719293683,0.570901825571806
"img_00129.jpg",0.0909967063007383,0.0165773152513414,0.00328594666010857,0.00284381623787594,1.00671864914018e-05,0.00692766621184542,0.830524249588014,0.0488342325635847
"img_00133.jpg",0.0101244553345354,0.00218878834171549,0.00154452110948699,0.00119559547373847,0.979172449390865,0.00302565419556287,0.000756797895580931,0.00199173825851502
"img_00138.jpg",0.726436795539964,0.234343413496404,0.0051107695222087,0.00419865092349584,1.00499653559136e-05,0.00554441478639519,0.00512584443696383,0.0192300613292122
"img_00141.jpg",0.00327510472754365,0.00410429626857607,0.00584555850352823,0.00205621280429244,1.00238095795469e-05,0.00225374190689357,0.00215686177593692,0.98029820020365
"img_00152.jpg",0.0309430160895528,0.0227416654621232,0.00506702678207709,0.00238481162193691,1.00712638231731e-05,0.0133787444386768,0.00839838869151056,0.917076275650299
"img_00161.jpg",0.00267512006846333,0.0020603533047152,0.00200472343770612,0.00199875411064263,1.00199974844589e-05,0.00201439718126095,0.00200111187903147,0.987235520020696
"img_00164.jpg",0.00113237866686073,0.000739693784212036,0.00233015816777624,0.000681313652536965,0.990268474057223,0.00074715522612673,0.000885623332621938,0.00321520311264192
"img_00170.jpg",0.0171949897308789,0.0021522659743796,0.000294519740559262,0.966967179271412,9.69407647455591e-07,0.000991515801650203,0.000210585464854372,0.0121879746086185
"img_00171.jpg",0.492639657231096,0.0160949899431161,0.0215420352269814,0.0194743773291024,1.01662266752243e-05,0.429225226601484,0.0050651735411565,0.0159483739003884
"img_00172.jpg",0.00814183489315131,0.0100895806962512,0.00252286277384637,0.000873823929432907,0.968118042538836,0.00728049054944886,0.000765257203990206,0.00220810741504304
"img_00175.jpg",0.492639657231096,0.0160949899431161,0.0215420352269814,0.0194743773291024,1.01662266752243e-05,0.429225226601484,0.0050651735411565,0.0159483739003884
"img_00180.jpg",0.00751164807456296,0.00255298634958295,0.00303536986563091,0.00243950252369059,1.00228568894808e-05,0.00280235917379146,0.0027955208387321,0.97885259031712
"img_00196.jpg",0.00161878261039138,0.000841551707013498,0.000782281447524802,0.000680630991873136,0.991581625413112,0.000883617393224472,0.000723996773698889,0.00288751366316217
"img_00212.jpg",0.231699309422309,0.00459605304589122,0.00222174860365984,0.0177550129943433,1.00228433168054e-05,0.00244442685136434,0.00243153225535234,0.738841893983763
"img_00223.jpg",0.858135006652232,0.0143352011323934,0.0697978876264821,0.00609173779561803,1.0043033846085e-05,0.0270070781362952,0.00402686418637987,0.0205961814367537
"img_00230.jpg",0.791039492288693,0.121839082600955,0.00385264150612089,0.0056629475755659,1.00317638204656e-05,0.0442213553439555,0.00311197119856659,0.0302624777223227
"img_00232.jpg",0.00465658954629542,0.00313638470288696,0.00228557238477123,0.00233749936006796,1.00647198469146e-05,0.00447011078189977,0.976512932818548,0.00659084568568327
"img_00244.jpg",0.79063792610446,0.0890540746988689,0.00380725209238911,0.00672560108576598,1.00383396875736e-05,0.0486968422490567,0.00243041819229161,0.0586378472374797
"img_00272.jpg",0.483443385792225,0.0707926081293831,0.229747230729178,0.0614470347000319,0.0170377870933446,0.0344902026545305,0.00919289111806786,0.0938488597832391
"img_00280.jpg",0.937759443594389,0.0073711453643314,0.00572950808009757,0.00225632031482346,1.04073338543055e-05,0.00479513907542723,0.00277107798332442,0.0393069582537526
"img_00282.jpg",0.492639657231096,0.0160949899431161,0.0215420352269814,0.0194743773291024,1.01662266752243e-05,0.429225226601484,0.0050651735411565,0.0159483739003884
"img_00285.jpg",0.690753881405813,0.0188029916563851,0.00285180249383748,0.00227190466777023,1.00770563850444e-05,0.00584867022019007,0.0156496960957244,0.263810976403895
"img_00289.jpg",0.736826440723816,0.0183376899047408,0.014658924661512,0.00793390513701331,0.169046689794933,0.0134067804423687,0.0136867116295491,0.0261028577060669
"img_00292.jpg",0.769672899019007,0.0279014099571149,0.00262958256741136,0.00391340069326285,1.00837299116312e-05,0.0321797660162792,0.019528884314116,0.144163973702897
"img_00302.jpg",0.0879048653300576,0.01748506867037,0.00345719284204287,0.00259139333066074,1.00740009649772e-05,0.00756669062676919,0.837206176695712,0.0437785385034224
"img_00311.jpg",0.980283430837441,0.00519206097891844,0.00213536094397173,0.00292077456909797,1.00660014200289e-05,0.00231145900765725,0.00207294167858228,0.00507390598291142
"img_00320.jpg",0.961822615290899,0.0169552184410081,0.00270448291759276,0.00205450149373187,1.00359648681583e-05,0.00553048425564104,0.00330785268321859,0.00761480895304044
"img_00331.jpg",0.854916450873383,0.017838798758854,0.00278032682545857,0.00301172906072434,1.00730799986472e-05,0.0431860749563081,0.0337451638891397,0.044511382556134
"img_00358.jpg",0.344188995821893,0.0293424938232603,0.00326274234987954,0.0037643974600868,1.00710795339906e-05,0.0222580970516765,0.0281446647326952,0.569028537680974
"img_00374.jpg",0.670453343594772,0.0679725349798151,0.00520198210359411,0.0112485169913977,1.00251696759897e-05,0.00429408730486693,0.00308921695074844,0.23773029290513
"img_00375.jpg",0.0392876235910413,0.0371490349937121,0.856417411908745,0.0161455662811041,1.01101497574254e-05,0.0173154907816,0.00704482805477904,0.0266299342392613
"img_00376.jpg",0.797392954070032,0.0137998217363665,0.0194302283126907,0.00453833179701855,0.0106855305598353,0.0567783582321469,0.0187874877244573,0.0785872875674533
"img_00380.jpg",0.908635470580915,0.0204841216771947,0.00715347157507427,0.00644084773881395,0.00343849722823337,0.0410682704666119,0.00516909281422591,0.00761022791893138
"img_00383.jpg",0.965826368975298,0.0119936670867549,0.00213723469010407,0.00374017689269908,1.00316097875753e-05,0.00250953419656808,0.00209259266252547,0.0116903938862625
"img_00398.jpg",0.946634322546188,0.0164576018569911,0.00225283793600978,0.00385205158893629,1.0054576136452e-05,0.00421844757737228,0.00242407427311462,0.0241506096452519
"img_00407.jpg",0.958234861693983,0.0130920726642041,0.0029787586736916,0.00666209165993617,1.00310922973684e-05,0.011597281566354,0.00253720025723017,0.00488770239230401
"img_00417.jpg",0.101481502913073,0.00697943330656108,0.00220126816389084,0.00622084452160471,1.00226376521582e-05,0.00212960384284982,0.00209732624460334,0.878879998369765
"img_00432.jpg",0.331200023864232,0.0489687682393039,0.086683451495965,0.0188389330658961,0.0917715416880018,0.217308006461143,0.0115444205369561,0.193684854648502
"img_00442.jpg",0.00230077210515693,0.00210295423197519,0.00199867467584831,0.00199113292359655,1.00199381990676e-05,0.0020220277665748,0.00200491216086292,0.987569506197786
"img_00446.jpg",0.914701680577873,0.019903591337578,0.00226660663308863,0.00884787239355841,1.00333570200767e-05,0.0120824658492139,0.00241104751467897,0.0397767023369884
"img_00469.jpg",0.856551603506105,0.0161510155812156,0.00616513330016805,0.00726268898856711,1.00627071337697e-05,0.0124087021699258,0.00330869631200128,0.0981420974348832
"img_00473.jpg",0.959732025545635,0.00684281451302088,0.00243509161918036,0.00281517913353338,1.00457500886664e-05,0.00285303951458176,0.0021927417523526,0.0231190621716071
"img_00483.jpg",0.941612699421266,0.0316688311859215,0.00204630964149901,0.0022291849600439,1.00282425793285e-05,0.0027515197497461,0.00216156390049958,0.0175198628984443
"img_00484.jpg",0.104888870192207,0.0515329137890368,0.00346195839982354,0.00996399977457244,1.00229877300314e-05,0.00515631585286161,0.00477223573474524,0.820213683269023
"img_00486.jpg",0.899686705740002,0.0389660528284837,0.0219601131903647,0.015666575966776,1.00839926500748e-05,0.00437339122553027,0.0051728552658455,0.0141642217903476
"img_00487.jpg",0.00725629274015797,0.00581670555336922,0.00229456803924632,0.00488747425002771,0.970261396783487,0.00170559934800823,0.00202176281571347,0.0057562004699901
"img_00493.jpg",0.00689977285783843,0.000757494481262275,0.00127318632834365,0.000680050749570937,0.985127806109759,0.00327559460276738,0.00109607464407813,0.000890020226380292
"img_00518.jpg",0.818898125158276,0.020949376036326,0.00290977000090878,0.00305934056708501,1.01614385966558e-05,0.00539409619889404,0.00249932978038131,0.146279800819532
"img_00533.jpg",0.379795109418781,0.0135316937464629,0.00280441406831699,0.00340887446497933,1.00960195023413e-05,0.0189341486547008,0.012407884460083,0.569107779167174
"img_00538.jpg",0.801719949597146,0.0667009282193934,0.00292855585695789,0.00517160054773425,1.00352745610084e-05,0.0051770486515431,0.00256637664380569,0.115725505208859
"img_00543.jpg",0.980283430837441,0.00519206097891844,0.00213536094397173,0.00292077456909797,1.00660014200289e-05,0.00231145900765725,0.00207294167858228,0.00507390598291142
"img_00550.jpg",0.294380549117895,0.0458408790490935,0.0672598233922979,0.0170216821579762,0.0772676577150587,0.406827754875054,0.00701959072973126,0.0843820629628935
"img_00551.jpg",0.835705385380904,0.0196076760740548,0.0177366202129623,0.0132706051368848,0.00585520478413717,0.0555546868406704,0.00962042539508071,0.042649396175306
"img_00564.jpg",0.00438736954035945,0.00177878563266154,0.00206010873394046,0.00234066004383466,0.982623209350654,0.00283822446624511,0.00111250544129148,0.00285913679101327
"img_00575.jpg",0.862899710195788,0.0123335076390139,0.00334356961172438,0.00266887917517267,1.00727158581516e-05,0.0320886857524965,0.00717200853354985,0.0794835663763962
"img_00582.jpg",0.873034198122897,0.0316588260106475,0.00674982061844017,0.00373845691223741,1.02832352165751e-05,0.0522259148609388,0.0027768079170402,0.0298056923225823
"img_00584.jpg",0.945976363236682,0.00282345907025716,0.00498381015128012,0.00308853826579152,1.04410415308954e-05,0.0293124440041481,0.00492328308230053,0.00888166114800946
"img_00587.jpg",0.0642888131882325,0.0164333067091033,0.00348158146609039,0.00243499558527875,1.00420960512844e-05,0.0219362631573389,0.00816191816153825,0.883253079636367
"img_00590.jpg",0.0584972939079852,0.0750557900883448,0.00825933051292388,0.00248895728637879,1.00386398108537e-05,0.00823013050664281,0.011452910101147,0.836005548956767
"img_00591.jpg",0.0579305225626024,0.0061863645736898,0.00248063537732332,0.00307324331338123,1.00579684486796e-05,0.0146586854688826,0.00378079631876239,0.91187969441691
"img_00598.jpg",0.939824660755085,0.0141360585189261,0.00277968615920323,0.00881026590226641,1.0045061842072e-05,0.00729308151898402,0.0025057928124799,0.0246404092712137
"img_00599.jpg",0.697802046059535,0.015079643429628,0.00418155356037556,0.00356717353701002,1.0084031831747e-05,0.00452275765009215,0.0236811439386627,0.251155597792865
"img_00612.jpg",0.915801767471947,0.00322898056451627,0.00266403900424817,0.00280551755620309,1.00630052721463e-05,0.050014300749183,0.010715060122515,0.0147602715261157
"img_00618.jpg",0.711158629219067,0.0614411829530123,0.0320600141696065,0.022339961027562,0.0823750189385542,0.0125902693580321,0.0204780806562747,0.0575568436778916
"img_00620.jpg",0.883529423873689,0.0347303620767256,0.0477998524093367,0.00410388520226914,1.01498759561243e-05,0.0140804380443537,0.00380635111149316,0.0119395374061766
"img_00642.jpg",0.00146864988877637,0.00113057965655153,0.000342962457212626,0.996051018842935,9.98385414077718e-07,0.000330866257415139,0.000319429191547262,0.000355495320148432
"img_00646.jpg",0.0129068518717329,0.00829162050076809,0.00471084545872495,0.00233399591658728,1.00331022299536e-05,0.0034288030936812,0.0038866120227776,0.964431238033498
"img_00648.jpg",0.980283430837441,0.00519206097891844,0.00213536094397173,0.00292077456909797,1.00660014200289e-05,0.00231145900765725,0.00207294167858228,0.00507390598291142
"img_00650.jpg",0.161409681820363,0.0143921239138773,0.00830284875255049,0.00497067838022102,1.02378083687606e-05,0.545293115602712,0.214024312743774,0.0515970009781323
"img_00654.jpg",0.710308627015029,0.0632377212844167,0.0329537551742079,0.0210130459144902,0.0250494259076417,0.0471911827855296,0.0146608301858288,0.0855854117328564
"img_00664.jpg",0.919249579677954,0.0235001785297078,0.00246035262114826,0.00209521499850007,1.00335115308855e-05,0.00543933912641495,0.00504990145078137,0.0421954000839624
"img_00667.jpg",0.000698883678707035,0.000669522198425245,0.000692385023342012,0.000666638263662474,0.991812416856053,0.000683976583293271,0.000668278652674436,0.00410789874384221
"img_00676.jpg",0.000704476719827674,0.000780155289915943,0.000773340271540228,0.00067022089065533,0.98943247500841,0.000723583343326659,0.000673974561479359,0.00624177391484459
"img_00697.jpg",0.00279876398488333,0.00368237195884497,0.00304663152763128,0.00212064620225587,1.00366994472185e-05,0.00208693698344562,0.00289676429106163,0.98335784835243
"img_00708.jpg",0.766374360969398,0.0364478958004608,0.00453727924020281,0.00472748467985156,1.00478875139755e-05,0.0742763245776027,0.0250439502360832,0.0885826566088867
"img_00716.jpg",0.0940145429193537,0.096613613282326,0.0061242038178693,0.00486645766140408,1.01805050391967e-05,0.628094071374144,0.0157070894609793,0.154569840978884
"img_00717.jpg",0.710550174897753,0.141802877395304,0.00680596573009676,0.014328953699788,1.00266647349471e-05,0.106061364703519,0.00735493887793337,0.0130856980308709
"img_00718.jpg",0.87617028184377,0.00277296722168172,0.00512815118117523,0.0058964163421151,1.00653415775682e-05,0.0289853759219331,0.00354391381376682,0.0774928283339807
"img_00723.jpg",0.0126838222158882,0.00160289838617278,0.000783339199939853,0.000761880506074521,0.976920979608231,0.00161524415640341,0.00259693603567261,0.00303489989161775
"img_00724.jpg",0.0457339847119892,0.00279973199395142,0.00557841866361345,0.00301373137330031,1.01737239101855e-05,0.0143377968184418,0.251356973127132,0.677169189587661
"img_00726.jpg",0.978297237511862,0.00904802298742919,0.00199669625856664,0.00200768959452995,1.00204043319933e-05,0.00323722554681911,0.00214615203402352,0.00325695566243809
"img_00729.jpg",0.641061438070005,0.0219700500606662,0.0125590729357163,0.0077688053881945,0.223856583608389,0.018064287976437,0.0192800054704466,0.0554397564901456
"img_00730.jpg",0.010559513594719,0.00480195492765108,0.00225534244345657,0.00206737545736407,1.00327120101183e-05,0.00538062084822323,0.00710037754102869,0.967824782475547
"img_00757.jpg",0.888346074889644,0.0144452006993629,0.0236338449476962,0.0172480575184929,1.01480039877983e-05,0.030996840649869,0.00636274799849377,0.0189570852924536
"img_00760.jpg",0.00301150966848398,0.000790434945553633,0.000235000931888729,0.995097279585523,9.97540158468766e-07,0.000330625585068207,0.000218463423953086,0.000315688319370638
"img_00763.jpg",0.000743780596651658,0.000681195853912723,0.000915853685710939,0.000662835133605025,0.992959834549267,0.00118684480039548,0.000676539810917674,0.00217311556954003
"img_00764.jpg",0.00617049966361071,0.00653718967025627,0.00836403850362,0.0023639922768341,1.00514624571392e-05,0.00224249532800013,0.00209909361530473,0.972212639479917
"img_00765.jpg",0.050270103044357,0.510189011766827,0.00466742370933709,0.0204967440839137,1.00606790544904e-05,0.130363401120035,0.0139488936991115,0.270054361897363
"img_00772.jpg",0.120482536744544,0.0182811926678687,0.444843793138241,0.00215438343140684,1.00861539485845e-05,0.0894330889090064,0.00410704963329846,0.320687869321686
"img_00773.jpg",0.654592519870269,0.117759255632371,0.0750025942284097,0.0262406019358099,0.00880680835241285,0.0968397267665495,0.00804403793910362,0.0127144552750745
"img_00777.jpg",0.584519010827381,0.0242823541404173,0.0034401219266248,0.00234687355373119,1.01414720059741e-05,0.372791765950153,0.0100202669682462,0.00258946516144055
"img_00780.jpg",0.00991290845949846,0.00339050174517118,0.0041288993144569,0.00217580725892941,1.00765941965031e-05,0.0135347607980251,0.0130292221857171,0.953817823644005
"img_00798.jpg",0.908751309160132,0.0320953976545022,0.00344580836542359,0.0297393144089186,1.00545804967896e-05,0.00657452858012203,0.00293947698928119,0.0164441102611232
"img_00808.jpg",0.783748612125211,0.165654353435225,0.00246290716093498,0.00452317520288487,1.00568920821882e-05,0.00625042301019496,0.00227693352297936,0.0350735386504872
"img_00816.jpg",0.954646394556127,0.0096407696137194,0.00211798408163972,0.00213801341443485,1.0059271359314e-05,0.00333566004223068,0.00495993607090352,0.0231511829495851
"img_00828.jpg",0.00099615528502568,0.00069494580717521,0.00461673663526299,0.00066848027159346,0.989820665653367,0.000946697210444656,0.000683841940289306,0.00157247719684209
"img_00833.jpg",0.756630892541451,0.0240416199873869,0.00421673895594179,0.00391935042451793,1.00431896941995e-05,0.0594715568623857,0.0265368962058848,0.125172901832738
"img_00837.jpg",0.890700245918498,0.0153062732957115,0.00523909602217556,0.00459134389532991,1.01078164430892e-05,0.0563992981340785,0.00242990043849442,0.0253237344792695
"img_00855.jpg",0.82804609790951,0.0346819323852041,0.0130993660447667,0.00436102870878149,1.02846984505144e-05,0.0380174560054992,0.0101364216594623,0.0716474125883259
"img_00857.jpg",0.961822615290899,0.0169552184410081,0.00270448291759276,0.00205450149373187,1.00359648681583e-05,0.00553048425564104,0.00330785268321859,0.00761480895304044
"img_00858.jpg",0.957166741028936,0.00587173396267041,0.00227168177695161,0.0021643528138357,1.0148065218333e-05,0.00857152348953626,0.00372716072114,0.0202166581417122
"img_00865.jpg",0.893372372462333,0.0676733345575775,0.00222156810701623,0.00291091707825875,1.00289632507378e-05,0.0142303102239093,0.00334202526838377,0.0162394433392707
"img_00876.jpg",0.00068052332506964,0.000672305829272545,0.000684321701275318,0.0006670129808205,0.991648716155931,0.000693406241897761,0.000683129763172186,0.00427058400256116
"img_00889.jpg",0.0739576885989605,0.0273490566137021,0.20368938431836,0.00745838164408475,0.111151067320948,0.0445933184953489,0.021193234852757,0.510607868155839
"img_00894.jpg",0.553980441194646,0.013695097830238,0.0143543099937476,0.0142655875169155,0.284570568493601,0.0121037912385701,0.00835180539385968,0.0986783983384223
"img_00902.jpg",0.00465658954629542,0.00313638470288696,0.00228557238477123,0.00233749936006796,1.00647198469146e-05,0.00447011078189977,0.976512932818548,0.00659084568568327
"img_00914.jpg",0.00230192933978178,0.00241237750556354,0.00202094018784881,0.00198703202105654,1.0020312921981e-05,0.00199091997921341,0.0019932104593054,0.987283570194309
"img_00921.jpg",0.819711780419008,0.00430394718836744,0.00388873091982899,0.0025609101351603,1.01141256494901e-05,0.0542624554229962,0.0560501897054405,0.0592118720835489
"img_00927.jpg",0.0682905379255068,0.0598014674605905,0.00673146387727411,0.0027908154689426,1.00502331876929e-05,0.0121310892619957,0.0158507668590323,0.83439380891347
"img_00943.jpg",0.925044525461339,0.0488859389891725,0.00210645079719452,0.00247388795943952,1.00281576652798e-05,0.00267059873036347,0.00233437967787394,0.0164741902269521
"img_00948.jpg",0.362296263566623,0.0218017561371557,0.0251402477736841,0.00883252115867161,0.414940031937234,0.0340400905104525,0.0179107751039533,0.115038313812226
"img_00950.jpg",0.00234943292474649,0.000963497804668147,0.00141813472524377,0.000719971525716517,0.990734967028622,0.00130545371689447,0.00107401795142762,0.00143452432268109
"img_00959.jpg",0.849874667416115,0.0140189710957545,0.00678765117558148,0.00460989555839228,0.0699093496451224,0.0138326411649381,0.0113990092827664,0.02956781466133
"img_00962.jpg",0.0241268009187587,0.00653242915005692,0.00521223982185399,0.00213602083385145,1.02054309642751e-05,0.00888607975875081,0.0131147751671597,0.939981448918604
"img_00964.jpg",0.00232513846734857,0.0226919500203969,0.936073961937212,0.00558182302862117,1.00212662640316e-05,0.00231158702946737,0.00352070237939981,0.0274848158712902
"img_00966.jpg",0.656017772807251,0.0101397600801468,0.00913011507133216,0.00689683581563778,0.172115897207134,0.0395490009058988,0.00875927360048727,0.0973913445121115
"img_00974.jpg",0.812332943055127,0.0350391380210488,0.00929983188031671,0.0259858333654453,0.00356864423509154,0.0237486229287044,0.0048267806484898,0.0851982058657762
"img_00979.jpg",0.00695112995686834,0.0065277483285487,0.0220069184761475,0.00218896671279164,1.00579791386274e-05,0.00456942072336084,0.0035673042676233,0.954178453555521
"img_00982.jpg",0.297420982613309,0.376661218893439,0.022844353368881,0.0220614584194615,0.157489891468606,0.0466083011888221,0.0183280273023324,0.0585857667451498
"img_00985.jpg",0.769672899019007,0.0279014099571149,0.00262958256741136,0.00391340069326285,1.00837299116312e-05,0.0321797660162792,0.019528884314116,0.144163973702897
"img_00999.jpg",0.766059297691434,0.0137439682498544,0.0025495648899469,0.00287108737643015,1.00267393814811e-05,0.0136981850122074,0.0505105761610576,0.150557293879688
"img_01022.jpg",0.944389846888526,0.00426496258166062,0.00378204024037336,0.00803753412146125,1.01766603288432e-05,0.01808599710902,0.0036906055547754,0.0177388368438543
"img_01031.jpg",0.870467284715461,0.00980519423596762,0.00669565996971264,0.00253054379785926,1.00500253980986e-05,0.0995373152968719,0.00591674163718504,0.00503721032154404
"img_01035.jpg",0.584519010827381,0.0242823541404173,0.0034401219266248,0.00234687355373119,1.01414720059741e-05,0.372791765950153,0.0100202669682462,0.00258946516144055
"img_01043.jpg",0.00967411772356739,0.00107683635547628,0.00137213181193718,0.000705486392986832,0.972877504781195,0.00363189293387117,0.00866045534151903,0.0020015746594472
"img_01058.jpg",0.622401769057429,0.0396140446971243,0.0125219781998042,0.00773233075386699,0.15115116093029,0.0179116839189784,0.00892180640912988,0.139745226033378
"img_01059.jpg",0.0232210662004932,0.0163415371672022,0.00731821266330327,0.00424837623084243,1.00452372667379e-05,0.0246673066441231,0.0108174336489467,0.913376022207822
"img_01090.jpg",0.00108534171102958,0.00147758889358864,0.00160677524138748,0.000675872139586445,0.992585519830938,0.000753884557652417,0.000887019921755984,0.000927997704061655
"img_01102.jpg",0.0882544947132325,0.722740726148754,0.00616925706608474,0.0249934405903439,0.00557511375036365,0.00958759099408665,0.00523567651891202,0.137443700218223
"img_01103.jpg",0.0132645602786279,0.056083979510938,0.00732419750015515,0.00574512534256762,1.00720301793527e-05,0.0029127612992532,0.00955908573501382,0.905100218303265
"img_01116.jpg",0.801610382135631,0.112389480330966,0.00816606777833761,0.0169954293035543,1.00281156728665e-05,0.0443777507882127,0.00308899142213517,0.0133618701254899
"img_01134.jpg",0.835705385380904,0.0196076760740548,0.0177366202129623,0.0132706051368848,0.00585520478413717,0.0555546868406704,0.00962042539508071,0.042649396175306
"img_01142.jpg",0.609193491100964,0.0302583703982717,0.049607643083971,0.0174792514370986,0.244957364792784,0.0194069907484135,0.00763920427463965,0.0214576841638572
"img_01168.jpg",0.0891268330290508,0.0761989960049498,0.0144424613321028,0.0367565304195274,0.0290043803011792,0.553971588376375,0.0412769177968312,0.159222292739984
"img_01171.jpg",0.000791324274556954,0.00068717915161857,0.000837056206403066,0.000664494246917059,0.992602773469525,0.000749543408376613,0.000667340898714797,0.00300028834388758
"img_01177.jpg",0.743443579326303,0.0483478970826087,0.030450849782204,0.0115763146956299,0.0654706253668225,0.0414148404075707,0.0183265454121225,0.0409693479267392
"img_01179.jpg",0.965046255344674,0.0066094861277598,0.00355637057759245,0.00766598586955488,1.00536514376077e-05,0.0113262661929951,0.00286358899645238,0.00292199323953425
"img_01188.jpg",0.0502516821164365,0.416676599284624,0.00485812264657078,0.0204081040737679,1.00853906034939e-05,0.276768870251497,0.0216998064743831,0.209326729762117
"img_01198.jpg",0.370101862558006,0.0167484644615411,0.00270863673234128,0.00237438977956293,0.551379007338659,0.004789329009639,0.01688971210192,0.0350085980183307
"img_01204.jpg",0.000675702661952697,0.000673319989379728,0.00068700222823568,0.000662658205395847,0.988317197859161,0.000675879471885703,0.000674563790928467,0.00763367579306067
"img_01208.jpg",0.00339045102580282,0.000901665671839433,0.00109486997866267,0.000760338957688097,0.989975230038136,0.00161422257925086,0.00107963301143144,0.00118358873718894
"img_01211.jpg",0.935488104577524,0.046131689321006,0.00220655066007608,0.00511471434571428,1.00566104899804e-05,0.00247102688929893,0.00211302507193633,0.00646483252395489
"img_01213.jpg",0.854611744669749,0.0811438320305563,0.00700327973684087,0.00967394108495121,1.00945340902538e-05,0.012162610080976,0.00561771109895915,0.0297767867638775
"img_01222.jpg",0.724400304527869,0.141406925529038,0.00589166240285633,0.0248167458526877,1.00520083821906e-05,0.0140196551594858,0.00716218519767304,0.0822924693220084
"img_01224.jpg",0.0132704192348898,0.0190916650822872,0.133810897577116,0.0039193012423501,1.0024438756159e-05,0.00703844319926528,0.00363083321397871,0.819228416011357
"img_01237.jpg",0.0158277969890718,0.00160069467206497,0.00106864366176045,0.000671756518764389,0.967974364126033,0.0023509315173826,0.000968868379157802,0.00953694413576452
"img_01249.jpg",0.0133319762219398,0.00999633208803374,0.00376675937095179,0.00340712659443617,0.962519624286917,0.00324931167360702,0.00125381920331362,0.00247505056080112
"img_01253.jpg",0.00267065621574528,0.00202173273287398,0.00199760837797016,0.00198769687873076,1.00198207935067e-05,0.00198731752741066,0.00198803011205607,0.98733693833442
"img_01286.jpg",0.0899212609991738,0.0111119051894582,0.00235692635962252,0.00672198761082815,1.01620277931989e-05,0.00588041612303423,0.00242393559471147,0.881573406095378
"img_01289.jpg",0.0278994889453665,0.0319953158063903,0.00588668224725677,0.00416587480258237,1.00395111732065e-05,0.0160723412937629,0.0077019319609261,0.906268325432542
"img_01325.jpg",0.0107182668347127,0.00311286498101759,0.00229092898221993,0.000735067994512043,0.975642474199749,0.000888099380462406,0.00197654759067117,0.00463575003665557
"img_01328.jpg",0.903054176861871,0.0645837235022964,0.00228817486488204,0.00554567335370462,1.00296480311921e-05,0.00736493220140993,0.003086114379785,0.0140671751880196
"img_01366.jpg",0.492639657231096,0.0160949899431161,0.0215420352269814,0.0194743773291024,1.01662266752243e-05,0.429225226601484,0.0050651735411565,0.0159483739003884
"img_01371.jpg",0.957006845927222,0.00686064855911671,0.00345369450278708,0.00217003334655446,1.01752764238932e-05,0.00395262073110019,0.00293513792268697,0.0236108437341091
"img_01373.jpg",0.00583691774539169,0.00345782360080456,0.00489876909453261,0.00160151221124539,0.964242022462556,0.016886188365324,0.00163949713032087,0.00143726938982526
"img_01377.jpg",0.0068935602260722,0.00346716446437169,0.00224602889398444,0.000884378006704215,0.978478487089029,0.00611599133067116,0.000834126657674324,0.00108026333149353
"img_01379.jpg",0.871016029125389,0.0156048023787649,0.0417781892689211,0.00508037908354777,1.00719586317253e-05,0.0294165355478452,0.00426506440455924,0.0328289282323406
"img_01384.jpg",0.352961235426485,0.0579459382250801,0.0327813564832068,0.00758223814617037,1.04006522359787e-05,0.502851999842527,0.00264965633555155,0.043217174888743
"img_01388.jpg",0.895592958115295,0.044496835826899,0.00335923881538978,0.00214023187679635,1.00460562785664e-05,0.0253164957259685,0.00288884931156052,0.0261953442718124
"img_01392.jpg",0.00286914486181255,0.0162839282610969,0.905257610955551,0.00504435877683811,1.00451843597669e-05,0.00237746499619814,0.00275314191932923,0.0654043050448139
"img_01399.jpg",0.00707745800394159,0.86814902810608,0.00744398038399861,0.00230488660518304,1.00475257098529e-05,0.0214268798653491,0.0028585345133884,0.0907291849963492
"img_01404.jpg",0.931191884452284,0.0107627439232003,0.00220270126785771,0.0107504950364356,1.00240997077519e-05,0.0141202934677281,0.00208818389101805,0.0288736738617681
"img_01405.jpg",0.875019472072418,0.0129243694295862,0.00341138976204681,0.00322494904592287,1.0088200529683e-05,0.0998753977178723,0.00280895623812317,0.00272537753350066
"img_01413.jpg",0.953242636229254,0.00612680489512551,0.00412617450055174,0.00713325676876988,1.00817147089015e-05,0.00863249634616115,0.00463884806127621,0.0160897014841531
"img_01426.jpg",0.069230726881237,0.1701243292025,0.00298633901686302,0.00218083721566789,1.00398470444999e-05,0.0049245255506464,0.656184966850537,0.0943582354355048
"img_01431.jpg",0.00497397278675342,0.00156998786226962,0.00050771590722946,0.990518594598515,0.000383484708619343,0.000871464728842548,0.000471832621971308,0.000702946785798885
"img_01441.jpg",0.00312383860357229,0.00238579807551357,0.00207004443317849,0.00201004738133958,1.00221836978948e-05,0.00211129018533669,0.00229718160821577,0.985991777529146
"img_01444.jpg",0.0996867404460706,0.0111828894000183,0.00239452619930601,0.00401948723133887,1.00566035693408e-05,0.0131549361475336,0.0658552293822758,0.803696134589887
"img_01490.jpg",0.00805325723982726,0.00697441082301597,0.0459095917163623,0.00390241319050566,1.00345540851078e-05,0.00262514172947047,0.00225299008715278,0.930272160659581
"img_01495.jpg",0.721217013919998,0.0375021333160999,0.0115772885698825,0.0092504824828394,1.00287821781494e-05,0.0135877268348648,0.00339579105093842,0.203459535043198
"img_01505.jpg",0.00105517168067421,0.000707759103762761,0.000794808398779121,0.00069227188443443,0.991748316648134,0.000718089883125063,0.000739433284090356,0.00354414911699966
"img_01511.jpg",0.886226835450568,0.0233305870101543,0.0581187487963725,0.00532673790500146,1.00405810700963e-05,0.0123792429933882,0.00361827812125211,0.0109895291421928
"img_01519.jpg",0.383475724519842,0.11289901392043,0.00509553941397874,0.0112354073233972,1.00760240286919e-05,0.124659690970177,0.111346167035695,0.251278380792452
"img_01530.jpg",0.934375084447937,0.0148337982480973,0.00312145982025386,0.00280272319537375,1.03423941645815e-05,0.00300675093139467,0.00257025523720426,0.0392795857255744
"img_01537.jpg",0.824429562592099,0.013064988792799,0.0475678884491691,0.00224100587368866,1.03206467943899e-05,0.0692304355708615,0.00524174151484102,0.0382140565597477
"img_01538.jpg",0.896035640527829,0.042745849757074,0.00576328314091135,0.00274805966152793,1.00505546046915e-05,0.0326061320756456,0.0046010973073537,0.0154898869750537
"img_01541.jpg",0.000977909534923894,0.000705714505749061,0.00696498248367574,0.000658152000175368,0.986707593208209,0.00179740972649461,0.000672019441252126,0.00151621909951978
"img_01543.jpg",0.9769314186329,0.00383494020428052,0.00204622508861994,0.00218490712590769,1.00808478186846e-05,0.00226582527617948,0.00215356930183257,0.0105730335224612
"img_01548.jpg",0.954229626581872,0.00338786153714884,0.00270382001190879,0.00208032934149188,1.01350719816049e-05,0.0228081315757394,0.00577564272963796,0.00900445315021935
"img_01552.jpg",0.954945560560222,0.00676363010672174,0.00400637644500382,0.00204028626233197,1.0046300515706e-05,0.0233897331983855,0.00348796350963479,0.00535640361718483
"img_01561.jpg",0.00748029468661844,0.00121342615747972,0.00254275481219449,0.000913087206178541,0.982968549226864,0.00121919124843897,0.00162165409490184,0.00204104256732378
"img_01562.jpg",0.717943884183002,0.0113417853992702,0.00358483536995144,0.00249499714802621,1.00330821200817e-05,0.00836827389936042,0.0420983070175086,0.214157883900761
"img_01571.jpg",0.955966650246347,0.0271708481221425,0.00205650491885199,0.00211905622202577,1.00239639586604e-05,0.0021531235146464,0.0032230456272074,0.00730074738482052
"img_01593.jpg",0.690403930775251,0.106607216940382,0.00362490512661015,0.00372188266485879,1.00386685087126e-05,0.0188893631913631,0.0116632767672814,0.165079385865744
"img_01595.jpg",0.00391969537345716,0.00371240285354767,0.00460464549703473,0.00109060431725659,0.97434735239797,0.00111334690842803,0.00106436259789903,0.0101475900544067
"img_01616.jpg",0.84982928342498,0.108810885610342,0.00259810955678697,0.00399509302133091,1.01098620543722e-05,0.00559625812025315,0.00538327849609214,0.0237769819081605
"img_01618.jpg",0.939908670034963,0.016270855275797,0.00246646255736457,0.00257392730659852,1.03767129886585e-05,0.0159716713015442,0.0156478479058944,0.0071501889048495
"img_01627.jpg",0.922534678846351,0.0454654593080127,0.00208958808873473,0.00227100296382214,1.00210055752577e-05,0.0156153933225192,0.00255939630212419,0.00945446016286121
"img_01632.jpg",0.740633962642196,0.0152146918564811,0.0167493508068606,0.0073459218930601,0.14860624662146,0.0292298944778961,0.016996500097403,0.0252234316046428
"img_01633.jpg",0.895835634041703,0.00832229702603404,0.00294712237471853,0.0052222476067789,1.00533138935113e-05,0.0435169910732678,0.00838554040482865,0.0357601141587754
"img_01640.jpg",0.980283430837441,0.00519206097891844,0.00213536094397173,0.00292077456909797,1.00660014200289e-05,0.00231145900765725,0.00207294167858228,0.00507390598291142
"img_01646.jpg",0.949546052147986,0.0222627028114136,0.00248672547717282,0.00424573672852381,1.00210406881073e-05,0.0129514677248,0.00274512336758001,0.00575217070183558
"img_01647.jpg",0.00119678973549926,0.000690345227401042,0.000702355531353667,0.000659417676442953,0.994401583603775,0.000934942258722199,0.000699469947468996,0.000715096019336884
"img_01649.jpg",0.928524318726324,0.0142912838855674,0.00413712735351222,0.00913238648130475,1.05108366726151e-05,0.0151604203538792,0.0102320017378002,0.0185119506249397
"img_01657.jpg",0.00897947591910816,0.00919123605376711,0.721191005200198,0.00688351188182717,0.0178261456987143,0.00716708375513383,0.00745500298673258,0.221306538504519
"img_01669.jpg",0.00497397278675342,0.00156998786226962,0.00050771590722946,0.990518594598515,0.000383484708619343,0.000871464728842548,0.000471832621971308,0.000702946785798885
"img_01673.jpg",0.599222570310969,0.00948769854976007,0.00825622155571184,0.00805648085704743,0.316097626008005,0.0164057331543086,0.0184240232415365,0.0240496463226615
"img_01681.jpg",0.0813612393481564,0.00774819629951829,0.00473293516658688,0.00231516598716523,1.00405369799525e-05,0.00453842203338856,0.00529395541128202,0.894000045216923
"img_01684.jpg",0.921442596716543,0.0248325479058387,0.0029896263473777,0.00682888383667109,1.00238028063878e-05,0.00906902347624165,0.00403205352937728,0.0307952443851436
"img_01685.jpg",0.173577133036507,0.0411029759360715,0.128147175505802,0.0243309631513058,0.195490263916727,0.309045800098046,0.0114079128098975,0.116897775545643
"img_01687.jpg",0.685353629794836,0.00947863564065772,0.00266433117933258,0.00293274705923891,1.00340897878636e-05,0.00601409033272023,0.0117642444952607,0.281782287408166
"img_01688.jpg",0.0336674571346141,0.0272351398377676,0.0051614494856141,0.00414956136632837,1.0044035519507e-05,0.0124461480276861,0.00699917722547,0.910331022887
"img_01689.jpg",0.00515378016019681,0.00400583784332265,0.0114209361346543,0.00206915979134008,1.00334749319864e-05,0.0107854612388343,0.00416258478335394,0.962392206573366
"img_01716.jpg",0.00119916836507052,0.000718621130261253,0.00827577177779644,0.000657507866708149,0.985386500917415,0.00195406666539758,0.00069606028765808,0.00111230298969334
"img_01717.jpg",0.0126838222158882,0.00160289838617278,0.000783339199939853,0.000761880506074521,0.976920979608231,0.00161524415640341,0.00259693603567261,0.00303489989161775
"img_01724.jpg",0.824429562592099,0.013064988792799,0.0475678884491691,0.00224100587368866,1.03206467943899e-05,0.0692304355708615,0.00524174151484102,0.0382140565597477
"img_01745.jpg",0.82781548783038,0.0410608073090886,0.0368592715187879,0.0165445358299451,0.0156579980647405,0.0343317301162173,0.00887111963188225,0.0188590496989582
"img_01771.jpg",0.917535883016647,0.0310369161855692,0.00420406203668225,0.00840461321883599,1.01455204777568e-05,0.00590715883052582,0.00733436700671241,0.0255668541845499
"img_01773.jpg",0.739542438865264,0.0132241092716892,0.00255046396239102,0.00216718967135128,1.00243785658364e-05,0.0035495484470122,0.0181345840634926,0.220821641340234
"img_01781.jpg",0.00427661986368044,0.00105703110484705,0.00192145948692358,0.00334820952067473,0.985700148596909,0.00183455228726031,0.000928510807857486,0.000933468331847084
"img_01782.jpg",0.00170987886327482,0.000755342254759444,0.000918943319149506,0.00066266044302947,0.992756852807989,0.00125387855477165,0.000697832395776945,0.00124461136124953
"img_01802.jpg",0.707931528793094,0.0148176183658854,0.0107844107689964,0.0116559231223893,0.216742865727745,0.0082222294962594,0.00971591014290936,0.0201295135827204
"img_01803.jpg",0.0125549480913016,0.101823438649099,0.708701387256756,0.0142032744455732,0.0190447978812557,0.0112533941047921,0.016228518692631,0.116190240878592
"img_01824.jpg",0.83050762468032,0.00784101592002542,0.00299120691113913,0.00438014496147398,1.01039217263093e-05,0.113408519818689,0.0129619195622666,0.0278994642243604
